-1.901004307471509946e+00
-1.173898442118013463e+01
-3.744795268435268554e+00
-3.581062182181426579e+00
-5.300446855341590435e+00
4.731621028308495625e+00
1.033896905940832767e+01
6.400356049858203278e+00
1.461271489085413577e+01
4.543507273806426383e+00
-2.667887866624539583e+00
-7.301395386723811498e+00
-2.268032507727872371e+01
-4.026043608024315290e+01
-2.272183882204274141e+01
-1.254584138753079969e+01
-9.550273749722805405e+00
8.558751100294443859e-01
6.125643289383674528e+00
2.686830405972682456e+01
2.112324462078134957e+01
2.413428595742607286e+01
1.035864054700493853e+01
-1.979238458927568445e+00
-2.807777467841560792e+00
-1.093132588861919885e+01
-2.692064658213041639e+00
-7.974849494405020778e-01
-4.816610146624213940e+00
5.028159059883819282e+00
7.236516506237478552e+00
9.921029360146405907e+00
7.320006142880970401e+00
1.252491566986918770e+00
-4.194902861910406955e+00
-1.517917267140683180e+01
-2.767678174165519067e+01
-2.982108850318394389e+01
-2.161395373283130539e+01
-1.680598617114463877e+01
-1.425699223640430091e+01
4.862778335308860278e+00
5.549786622140857162e+00
1.747317341280478331e+01
0.000000000000000000e+00
1.898305901831963638e+01
3.673240410866981165e+00
9.719700556325562957e+00
-4.680318767756432408e+00
-1.087058330953891527e+01
1.246902093064022665e+00
-6.912410962422370631e+00
3.742622059782831911e+00
5.113788893963373994e+00
1.506984149651145799e+01
4.271878234989742396e+00
9.290280246903137140e+00
-1.463880906984059038e+00
-6.909938595807489037e+00
-4.682180421775512968e+00
-2.757306952866093752e+01
-2.159777109439664855e+01
-2.611715933835569103e+01
-5.519646732179126047e+00
-1.267083316394388248e+01
8.062479762588338872e+00
1.053440995720944784e+01
1.065651520907618988e+01
2.294507478349726171e+01
2.018205664956320788e+01
4.945221741738805576e+00
7.927216641625705051e-01
1.102943818581991309e+00
2.952104184061170145e+00
-4.415047989984202559e+00
-1.655924332680262978e+01
-2.448971619746714623e+00
7.128214906527659878e+00
1.634327415303766884e+01
2.059066059916170843e+01
1.442606530619804062e+01
-3.239235660189990540e+00
-1.161443796266433992e+01
-9.866326248965265222e+00
-2.066201055538260789e+01
-1.315201637101023380e+01
-2.748197302376240714e+01
-1.271961992077092418e+01
-1.463695595123499515e+01
-6.123424294049016225e+00
6.575281758067319515e+00
2.066272201492165550e+01
2.162599611915356945e+01
1.449471725563199698e+01
1.694031531229137499e+01
2.236967468024545269e+00
2.399185804739659034e+00
-6.792322049036897624e+00
-2.806863624338973295e+00
-4.271324062131952815e+00
5.043067641857419403e-01
1.043901711646617514e+01
7.702529057261244816e+00
1.012898736168529013e+01
9.024483649344006153e+00
1.274303982668396884e+01
-1.257308960157604361e+01
-8.185950077564200456e+00
-1.847822943054518419e+01
-3.033224261285607781e+01
-2.729352791398508771e+01
-9.599596838940783528e+00
-1.317555105523416614e+01
1.911477274230719559e-01
7.583151184088933405e+00
9.599159716370024853e+00
1.336968911312249020e+01
2.284695528057449110e+01
1.696780859894181503e+01
-7.294763797796065319e+00
-3.552195953226714664e+00
-1.048698257823053837e+01
-1.154482149304766381e+01
-4.326261166155518367e-01
-3.094299019093227798e+00
6.526924962049804435e+00
5.854782546622629980e+00
1.658376646415280220e+01
2.148145099325790852e+01
3.215562258114175620e+00
-5.855500705453550836e+00
-1.332006130005021305e+01
-1.891061736872239862e+01
-3.145983162231277674e+01
-2.818155087941067904e+01
-1.761531271499814011e+01
-1.130380457662698745e+01
-2.856882885930929206e+00
2.975539004631627904e+00
1.326956634009729896e+01
1.646689441380141261e+01
1.423101686776078623e+01
7.296491910375948464e+00
4.804914561394753036e-01
-1.041502444938288363e+01
-5.135808570528354267e+00
-3.577167003319345895e+00
-1.221567355751352579e+01
-2.448050080831990272e+00
5.039723516445803853e+00
8.063585245350395780e+00
8.806249645716150098e+00
1.137816519589347308e+01
5.112203565462834831e+00
-8.686452997423657507e+00
-9.625750410910995924e+00
-1.931685434559790338e+01
-2.488653903246171240e+01
-2.604460648232640096e+01
-1.883857527327620573e+01
-4.033540203149470926e+00
-1.319884784880969164e+00
8.951227899964408152e+00
1.427750122750455830e+01
2.061927059626123082e+01
2.538982618148787651e+01
1.310511448459658368e+01
5.713059580407616522e+00
-3.167638953476455299e+00
-2.207547192421657201e+00
-1.368813887750889080e+00
4.751343191144599132e+00
7.847512801525965642e+00
1.754514385919679853e+01
2.207791444788870194e+01
1.473628138093260986e+01
1.605780418364400930e+01
1.118328570728800742e+01
-6.861427467743567377e+00
-9.457857956449345238e+00
-2.613384526162815291e+01
-3.081241168733498625e+01
-2.429374292461727691e+01
-1.137527044152659528e+01
-9.815332407804135073e+00
-6.385397292530512914e+00
1.125457866601379919e+01
1.365504101991632524e+01
1.476238010570199322e+01
1.569491689194597939e+01
4.800200224119976156e+00
6.816883076657234142e+00
8.255120277934167916e+00
-7.055012882968185295e+00
-3.121073024308316235e-01
-4.631731309468705149e+00
9.502026582672613131e+00
1.332170450841340426e+01
1.022392704545029574e+01
6.071666042976687550e+00
1.154440690890652377e+01
8.952192089202640091e+00
7.449980477428539416e-01
-1.435318999545489760e+01
-2.877372612913239891e+01
-3.335621594884077012e+01
-1.498205774685817460e+01
-1.447119747673184520e+01
-1.029641122527715424e+01
-3.600391496296936111e+00
1.343935074873354552e+01
1.418252232058802065e+01
1.941812671349453012e+01
1.012758143716126824e+01
1.127867575405656453e+01
-7.390256936511036656e+00
-1.343681304336200810e+00
4.880986670559650520e-02
4.006871372670161691e+00
-6.599700444818665801e+00
8.709788523022211848e+00
7.657911713565965783e+00
1.855009489450907267e+01
1.355848079116731242e+01
2.071542417023033522e+01
2.831785182043688565e+00
1.559232303391752339e+00
-1.250301701593940606e+01
-2.735751104586273641e+01
-2.850915279498298105e+01
-1.927733609420033645e+01
-1.557553929135468707e+01
-8.734456943510224392e+00
1.552599572340358236e+01
8.110740332290447441e+00
1.005412723111714968e+01
2.016313244639195545e+01
1.079942406723716886e+01
1.079815755627271301e+01
6.218418511367929113e+00
-7.291026081946938575e-02
6.934859004991267284e-01
-4.172575446345831551e+00
-3.959477653163219202e+00
5.589473567305049073e+00
4.466004030344720377e+00
1.401454029102490040e+01
1.382107542425001157e+01
2.035638408171740821e+01
1.418272103249506699e+01
3.696803105806964140e+00
-2.042352363497195711e+01
-2.440549577343716692e+01
-2.109699960370471672e+01
-2.400150454715071646e+01
-1.715881341930935378e+01
-6.335743457960063552e+00
8.374556215689040073e+00
1.079489374014599434e+00
1.996458730365839074e+01
2.073992328342836799e+01
1.113566995501901147e+01
7.295094153442221341e+00
1.201236305519842062e+00
-1.185543158295809008e+01
-2.904507094055759353e+00
-6.600061380008753531e+00
-1.408741615924850521e+01
7.269250834776528336e+00
7.370165152213644433e+00
2.068683619080144354e+01
1.581379316153726222e+01
7.011370777475633531e+00
8.375431472143020528e+00
-5.662318121253235859e+00
-1.632111295210751223e+01
-2.476552654933050235e+01
-3.081393596810971758e+01
-2.496453736591507777e+01
-1.727892492851623274e+01
-1.540676441488318460e+01
-1.034311211302451738e+00
6.479070415735407096e+00
1.118260308469518804e+01
2.018632621168870855e+01
1.235843302716108383e+01
2.089743898041774628e+00
-2.976176498849042673e+00
4.583565816460804854e+00
-6.501638653574275395e+00
-1.538592709756994736e+01
-1.727856731532085632e+01
2.038267691006979021e+00
4.082995734681844624e-01
2.184637561118677240e+00
1.866746938935568778e+01
1.653989269218971003e+01
-6.955426281039081005e-01
-7.270760211095137038e+00
-1.317769693603713677e+01
-1.531115870645811583e+01
-3.325990407772752633e+01
-2.066893687812859071e+01
-1.353489398139589639e+01
-1.104125223064943384e+01
-3.575854265321765979e+00
1.243157759297162102e+01
1.074924370400668749e+01
1.713917857457232685e+01
7.966709546183892598e+00
-1.222870509548670270e+00
-1.197583855986238177e+01
-1.207102061420113159e+01
-2.663259613893501410e+00
-5.257719770043649987e+00
-3.816265258642545177e+00
3.024518451273706887e+00
4.583746409346815653e+00
1.487870561561607019e+01
1.787866856256795245e+01
2.841862556605383361e+01
1.782938054663594585e+01
6.041248864358408355e-01
-8.593504675922986280e+00
-2.056586441299725720e+01
-2.404769413844650217e+01
-2.858644127948463165e+01
-8.063977418672266140e+00
1.552418379201503740e+01
3.651793151429671980e+00
2.831504448979671906e+00
1.670255290611919463e+01
2.690594206231475027e+01
3.702891966979910876e+01
2.616013238542626596e+01
-2.781051522536017728e+00
4.679350834524882430e+00
-8.851657426321423827e+00
8.363066973831791984e-01
-2.639927058613977806e+00
1.727750404970493037e+00
4.224176425662051315e+00
2.630117662462595263e+01
1.879204393767315651e+01
1.056277936285420083e+01
1.672709748324570000e+01
9.314069904698840219e+00
-1.648916664622788630e+01
-1.233475581260648823e+01
-2.200509827499610083e+01
-2.534814610632889753e+01
-1.547852512016180526e+01
-5.058088087406531486e-02
8.137105334827879233e+00
1.535827165067723854e+01
1.367995498078323635e+01
2.258577328257939598e+01
1.221600045889914554e+01
-9.261381616865605793e+00
-1.291461778658219828e+01
4.559899521283227841e+00
3.371057723859394173e-01
-5.881005987599166929e+00
3.383631300882427695e+00
1.336697897719625416e+01
4.273389649522982836e+00
2.008568366172914921e+01
1.718365972350261472e+01
2.215465627413198035e+01
1.704622857218168974e+00
1.132561158061673723e+01
-1.485423353136360447e+01
-2.152549563678741151e+01
-3.434162885791585040e+01
-2.527687541093433765e+01
-1.670305928281294428e+01
-3.457455673351205405e+00
-3.479485676854892517e+00
9.046248340126055609e+00
2.015815821693865928e+01
2.165159315008401109e+01
1.687123978271711167e+01
1.298133599269789329e+01
4.834246836433067074e-01
4.608695322075504919e+00
9.115273342492855591e-01
-3.504222851881991119e+00
-4.103604133234398432e+00
1.074949268284001391e+01
5.541116103566423590e-01
1.303066694013801907e+01
1.879125216173980562e+01
1.833808051695098129e+01
9.166540541837605360e+00
-6.711544401563855899e-01
-1.159138564544878136e+01
-2.186328934443270100e+01
-2.121468355455510846e+01
-2.467402663336076785e+01
-1.543119376726286873e+01
-4.345390341639472354e+00
-3.887416501582094952e+00
1.461468236322957637e+01
2.433341695287987250e+01
2.004390046826438265e+01
1.742308595946997229e+01
1.084836147117090377e+01
7.728552673202329970e+00
1.079539180831829981e+00
-6.477696104802703303e+00
1.078157180977200369e+00
-3.406789909710596476e+00
-4.727259767545490377e+00
4.060496337721701821e-01
9.311054901939257888e+00
6.959777913357697798e+00
2.248916632256197090e+01
-1.847242328968889069e+00
5.309750224326990065e-01
-2.373973118666725668e+01
-9.095362929587054168e+00
-2.937363535796919223e+01
-3.408300179278950282e+01
-1.631934748065719987e+01
-9.117988587273998746e+00
-3.650664377889370371e+00
2.303396695954006645e+00
2.267610342449222571e+01
2.431649901260817614e+01
8.423005696493248706e+00
2.039873933356602720e+00
1.111312085398083127e+01
-1.655784615267293702e+00
-1.158993455262753969e+01
8.617192598096607981e-01
-1.171083577436598944e+01
-1.595932885107896482e+01
-2.089835173642484278e+00
-4.536311239201154422e+00
1.984535486289604478e+01
8.258956014340981255e+00
1.401562765251372866e+01
-6.766421772659441558e+00
-9.193205118932667119e+00
-2.704576833050236928e+01
-2.193301054421738172e+01
-2.321322123716129227e+01
-1.751960462517337191e+01
-1.310186170997025101e+01
5.733465908603307071e+00
9.070981992862130028e+00
2.099811550901148394e+01
6.722902560825104956e+00
1.756546822656332552e+01
3.985940531569724499e+00
9.845911142647878478e-01
-6.695619498700239092e+00
2.855673404621541067e+00
1.199946381657184702e+00
-5.399527579887319462e+00
-4.849017750281745975e+00
3.120545325876207698e+00
6.047684834540632437e+00
1.850019918016204201e+01
1.174011560021443756e+01
4.487646799783988172e+00
8.883534561994110845e-01
-1.019999974498335860e+01
-3.074109576078728878e+01
-3.050255826346472077e+01
-1.927634558452746205e+01
-1.771117078893286134e+01
-6.046948536282172881e+00
1.678118712090508780e+00
9.839296891801268430e+00
1.979631076161507508e+01
2.016439150171305528e+01
8.688112228270369997e+00
9.119834831340085657e+00
-6.239461942022899166e-01
-9.719389182470479227e+00
6.236809265055853757e-01
2.951708068692312281e+00
-5.615823135964603807e+00
6.838141591616022197e+00
4.681681311285444735e+00
1.120758159153228917e+01
1.408717479283126295e+01
1.824124343300110240e+01
7.679962129496175294e+00
-2.519232083575843717e+00
-9.312729146012600268e+00
-2.344577967999083512e+01
-2.380785556324434538e+01
-2.347436437562072342e+01
-1.019832946215359470e+01
1.677361185448603464e+00
1.209673390133048088e-01
5.207504587002517837e+00
1.118434971915900178e+01
2.028014542519804309e+01
1.619836377586864273e+01
4.824891841055034547e+00
-4.343255226827693605e+00
1.272307446437650924e+00
-1.369221157401000255e+00
-2.231086204533141881e+00
-7.247350696496823730e+00
8.997853298930806432e+00
1.178549693866636972e+01
9.094563535584029523e+00
9.335478785900647836e+00
1.708995790231489309e+01
1.872334493393736921e+00
5.996196678357819110e-01
-1.663195313739868197e+01
-2.039856770120155716e+01
-3.059704070695647715e+01
-2.470039160611014495e+01
-1.317524004537540350e+01
-9.384768408082209135e+00
-4.079992183887270585e+00
8.711880758573272487e+00
2.116381886219869557e+01
1.901229930318635297e+01
1.437434115912640209e+01
7.031670915651432097e+00
1.873988889228826338e+00
-2.039688815692215940e+00
-7.199349373847212519e-01
-9.696375852080677760e+00
-1.012656347466310081e+01
-8.232922450324849706e+00
8.903484833564846213e+00
1.411081346012281301e+01
8.950952611524598979e+00
1.365823424570805855e+01
3.479570037107350799e+00
-5.805120067397353978e+00
-7.226449236811106402e+00
-2.361420610648264073e+01
-2.469522178916764688e+01
-2.928257158785953607e+01
-7.992043158710828266e+00
-1.238130078093507791e+01
3.693342800280731808e+00
1.130343544931241695e+01
1.336682164573272757e+01
2.040174234978951517e+01
2.565428335826578632e+01
1.380005108083503274e+01
-9.742333340567427058e+00
2.888257647881005141e-01
-1.153916494471900478e+00
-7.006909209755178836e+00
-1.312651728346384061e+01
5.733533999371957179e+00
4.848982849437675213e+00
6.670178883854532614e+00
6.504285370126183352e+00
1.516953535996907476e+01
2.856027356178969967e+00
1.272810127999946417e+00
-2.313683607765563011e+01
-2.618244485793161402e+01
-1.847793922166954417e+01
-2.037961678363649298e+01
-8.567162482742048724e+00
-7.657060294403891021e+00
5.064222387341146714e+00
1.132648263501027941e+01
2.176666871226569810e+01
2.174684841092533816e+01
1.199847518906324240e+01
5.207774514810239452e+00
5.593750452600886547e+00
-6.287138948777794667e+00
-1.632645642156262511e+00
-1.248215009857460700e+00
-1.823837858382290733e+01
4.100934894712963796e+00
1.010544308414415582e+01
5.807608689796666113e+00
2.162119737341402015e+01
1.507519390591278352e+01
7.679712460580788047e+00
4.221961377331354015e+00
-8.349672824050344389e+00
-2.541492455199511369e+01
-2.435686763740926608e+01
-2.861220723721709192e+01
-1.439859853030372960e+01
-6.095344402903890568e+00
4.413941470734812356e+00
1.473529352587985386e+01
1.482958922154557513e+01
1.937111705817522989e+01
2.037405650326809337e+01
1.190502269014569947e+01
3.984921171935582151e+00
1.775716004013759175e+00
-8.180805245361057132e+00
-5.450910150337165305e+00
-1.142305891095674042e+01
3.718344467904955764e+00
4.327143462002140950e-01
1.091827078304345378e+01
1.557514881504744153e+01
1.682657986501965297e+01
6.503589231095645573e+00
-2.874660040674825723e-01
-1.903212199233519186e+01
-2.253477901595056210e+01
-2.858049911774674001e+01
-2.078872204761512421e+01
-1.459129370477887733e+01
-5.856269271499854767e+00
-7.104437958068047010e+00
1.370354300125961799e+01
1.600648366590780824e+01
2.203397282668458956e+01
5.951270699479039195e+00
6.792353761981189564e+00
-1.223623650749743774e+00
-6.576161443617024815e+00
-1.279063297258051080e+01
-4.033205376745172543e+00
-1.051114726590202508e+01
-2.784561192384842343e+00
9.071707398017679225e+00
1.051029477362715170e+01
1.754254982053919321e+01
1.385115592389252015e+01
-9.693951738338341784e+00
3.106431472177177966e-01
-1.737669014476182383e+01
-2.930098855733348273e+01
-1.994496973644822901e+01
-3.033804179438556048e+01
-7.511935584490288420e+00
-1.322196886357977519e+01
2.661903784948833618e+00
1.615093156788009310e+01
8.304476880829611218e+00
1.924859064401420028e+01
1.744680567302515328e+01
3.648511530145924553e+00
2.976683427507111901e+00
-6.528949044958721970e+00
-2.640479280795091199e+00
-8.854571321487071600e+00
-3.983573808074140743e+00
2.230275677191855266e+00
3.337297585913518105e+00
5.159358538575133935e+00
1.694229947943978232e+01
1.529034148708001339e+01
-6.487600839226956850e-01
4.342966816101352379e-01
-1.905753497060857171e+01
-1.662954557354612461e+01
-3.098336053815921787e+01
-2.858709366185649969e+01
-1.310331717260424966e+01
3.693403870606744022e+00
-1.414088112882495807e+00
2.543500760889912726e+00
1.487947816099989495e+01
2.061702048982260749e+01
1.312709404464891350e+01
1.972686410230403453e+01
-1.043795686265741551e+01
-8.111208859434611895e+00
-3.360945142145169484e+00
-1.387184566837009925e+01
6.718320083438413803e+00
-2.469967572781342824e+00
1.324764604705427473e+01
1.550191037345018685e+01
1.447154843119136558e+01
1.941854165088977879e+01
9.839373913019301199e+00
-2.664915252707942273e-01
-7.364881383436170381e+00
-1.902964913409641667e+01
-2.044475330302691418e+01
-1.754959797997042870e+01
-1.845455939279958102e+01
-4.273433271373392017e+00
7.031991535779980040e+00
8.734310065420800129e+00
1.310508404096901813e+01
1.771260607416905941e+01
1.600744343411042792e+01
1.135071409455372304e+01
7.417842620425119549e+00
1.631389487956255380e+00
-4.751488866213492201e+00
4.416099710308515114e+00
-6.840737650207586285e+00
-2.231070239282132661e+00
3.887807604517945492e+00
1.615152392842219342e+01
2.171801903751878626e+01
1.605845641371462307e+01
1.200104778192496724e+00
1.115875200245920951e+01
-1.039085497475008424e+01
-2.193443299907733035e+01
-3.973952399362678989e+01
-2.947804206820489981e+01
-9.767494493071524175e+00
-1.231088684236698327e+01
3.583799380530194867e-01
1.065573454060535141e+01
1.434947746712640537e+01
2.981078656504575974e+01
1.967817202115804776e+01
6.553514225346873445e+00
2.256314611998220698e+00
2.115940131375282363e-04
5.708563241617810036e+00
-9.308774056810193542e+00
2.375711272951548381e+00
-1.192520826403870160e+01
3.141496465808529592e+00
2.903892401897678610e+00
1.475804946833119402e+01
1.380205745957357522e+01
3.720135158992718516e+00
-9.045630949139763288e+00
3.069497110850477384e+00
-2.303796404406762122e+01
-2.385462687239447632e+01
-2.450740844825338627e+01
-9.334291301832877252e+00
4.078397526367382397e+00
7.223892256706506032e+00
4.557888816187301018e-01
1.907913620230277729e+01
8.017074639750489951e+00
1.912722043988793530e+01
-5.326958827722762635e+00
9.287738159173272834e+00
-1.296518029903097613e+00
-3.887051177259706947e+00
-7.632430096508073802e+00
-5.543969220803035114e+00
1.422950985539159774e-01
1.585673837065428415e+00
2.231162611625848058e+00
1.795126338480793038e+01
1.442557395598316816e+01
1.149645765401834296e+01
7.749453851800296889e+00
-6.909910613673503121e+00
-3.299717611645047555e+01
-2.248809812699715849e+01
-3.254672508850023860e+01
-1.691816051894966222e+01
6.214911981728050705e-01
-2.015331901020374517e+00
6.838993232712141435e+00
2.496599776500488588e+00
1.896040625742051589e+01
5.951335968944817978e+00
2.591589640813083406e+00
4.969075095457071711e+00
4.367608098376877024e+00
-1.706073583390133308e+01
7.509128306230365979e+00
-4.679182000541288744e+00
2.380141756420925958e-01
4.369166953082697091e+00
4.967773637261245767e+00
1.528513180176736341e+01
5.931095037248780955e+00
1.435180390278492268e+01
1.369048430616999212e+00
-9.816851384810263426e+00
-2.802951477501545696e+01
-2.639849283197168006e+01
-3.941199137586750112e+01
-1.079879544041079953e+01
-4.199317426142954446e+00
-9.138891527604187104e-01
1.149541198823368404e+01
9.742790890839273743e+00
1.684979591072999483e+01
1.360760918099703076e+01
2.545945288608209012e-02
-1.058506691197152350e+01
-1.944461712690042532e+00
2.346478906133290820e+01
5.863672429150028620e+00
2.351815192801950616e+00
-1.214074363729685047e+01
8.468928254045522408e+00
2.426326201306096664e+01
3.107681346153049162e+01
1.615592388361073972e+01
3.966843046975895959e+01
5.879238613848031036e+00
4.204331085342801089e+00
4.031835069204817046e+00
4.918590885848175276e+00
-2.143042562471924839e+01
9.215999981959612342e+00
5.034946691734489832e+00
2.357052540947051966e+00
1.209495166127680932e+01
-1.846674420863621435e+00
4.797237336442776723e-01
1.823331130808981015e+00
1.992091441658311624e+01
-7.488245485061383988e+00
-5.999673622905220327e+00
-8.665678295351710858e+00
-3.958648289020459288e+00
-1.919846901733990308e-01
-4.728314885116958521e+00
-6.719699962782044622e+00
8.136306909305233148e+00
1.115761132987728388e+01
-2.205918762900807906e+00
1.365393250839861139e+01
9.408631359638263802e+00
-1.048656281064148743e+01
-1.485553990584713802e+01
-1.826020650996605355e+01
-1.810025347585883537e+01
-1.512454632402352672e+00
-6.862863025171805020e+00
8.303316328711503047e+00
9.286243936661833231e+00
4.202186299488175791e+00
2.087956879728744752e+01
1.255127481125867916e+01
5.254883146382610448e+00
-1.528615583737575889e+01
-1.111109789423329630e+01
-9.456204226161105453e+00
-1.329669773708070579e+01
-2.080657923363833106e+01
7.581648832607356780e+00
-4.799070942461582945e+00
2.783873392069153851e+00
6.142682995494510578e+00
1.512144276946918353e+01
1.665541691915535694e+01
-2.519354426448614959e+00
1.919386106617366750e-01
-3.249312933150866911e+01
-2.231917667433037877e+01
-3.218769181979035920e+01
-2.711840353427845685e+01
1.264398213074412070e+01
5.114418095447717860e+00
1.749497884215378463e+01
6.240023849074134432e+00
9.600997988284575513e+00
2.486212500957185512e+01
1.785323670445774269e+01
-1.458736137501057328e+01
1.031955043065670452e+01
-3.289844319273288420e+01
-2.196510726237755762e+01
-1.223627135619267392e+00
1.190442594186743008e+01
3.407201575130386573e+00
-9.719554498293973666e+00
2.832091804859487638e+00
-1.656538208183235383e+00
-9.118533540170119522e-01
1.583298037809464631e+01
-3.107312492097321410e+01
-1.728066634324517281e+01
-1.422714187406262454e+01
-1.786019201829532221e+01
-1.370544625272401618e+01
1.595837299474527526e+01
-2.228927622544745191e+00
7.199369357706302708e+00
2.450249522261742641e+01
8.181339618529364088e-01
8.350171770432496032e+00
9.936108986339775129e+00
-3.262279457677436767e+00
7.151746137215639010e+00
8.641390288268667064e+00
-9.769136758383467622e+00
-1.243120436260511497e+01
-9.936065919594000206e+00
3.287270356757971967e+00
1.492558656437768150e+01
1.777653151357583283e+00
1.065675982041375391e+01
7.655531642892299260e+00
8.662018924606854853e+00
-9.957549598404682456e+00
-1.972651701679234293e+01
-2.159966327436336542e+01
-2.695381925561321168e+01
-7.488465938339970762e+00
2.879051887338448523e+00
1.147341161598620829e+01
6.839255945891693500e+00
1.737474107070357832e+01
4.106004317029430695e+00
1.360697406025809642e+01
6.458178135334776471e+00
9.982848007683003289e+00
4.554965250881082284e-01
-8.950667095423000319e+00
-1.444882803097993929e+01
-4.104120557425403604e+00
1.485292861020354849e+00
-5.037173378921124822e+00
7.030677601965237500e+00
1.715703655300512764e+01
9.340286093225131481e+00
2.375828150237322234e+01
-9.572177741925088412e+00
-2.052210228933978442e+01
-8.661738419522862387e+00
-2.466921012023288995e+01
-4.925053468896123832e+00
8.886609770720497181e-01
2.134816719350908443e+00
2.198451997262509394e+01
-3.599997723445596876e+00
2.350295008176431111e+00
9.217704984001329649e+00
5.039992321376416839e+00
-3.187038615692813437e+00
5.443047573305477727e+00
-2.496212648891798835e+00
-1.298284674310309583e+00
-1.430150323687462333e+01
-4.920388878305345770e+00
-5.035580716071308416e-01
-4.632054177088491542e+00
3.792749849296626508e+00
2.116050737132718496e+01
1.975874236081887148e+01
1.017542818924619041e+01
1.096801967188389426e+01
-1.936744540011233084e+01
-3.333279634362133947e+01
-1.819232521032290606e+01
-3.768287766757896406e+01
-1.425479946048949387e+01
-2.136043234035412297e+00
2.374840201522545158e+00
1.082294702879670467e+01
2.308509775083234672e+01
1.382795484837362210e+01
1.579122795867158402e+01
6.000073601393694389e+00
-5.753005608826242678e-01
-1.150593891982566674e+00
-4.705928902673804259e+00
-8.015477071798045472e+00
1.463330591858834850e+00
4.322319986021568639e+00
2.878349127280728226e+00
-6.863604516452255666e+00
2.512457044219593172e+01
1.452303227745829872e+01
6.911332680577288556e+00
-5.134862766308685877e+00
-1.752046665925473690e+01
-2.200624159009032610e+01
-2.774280334569169781e+01
-3.372295565795440098e+01
-1.115992437559060591e+01
-1.557442560896481609e+01
6.214349433591337402e+00
1.396776870764250589e+01
6.480430288139189088e+00
1.303180033745650235e+01
1.718271629405063550e+01
9.768707659844324098e+00
7.944575864701619139e+00
-1.120600129320519045e+01
-1.516225835370562436e+00
-9.621772607126672483e+00
-3.767431288228522135e+00
-1.975140141334964028e+01
1.192683064918520586e+01
-1.153112636029220539e+00
6.910280546125363799e+00
1.454683297751341797e+01
1.296685180754764133e+00
-1.041566264106717199e+01
-2.169701930319331495e+01
-1.151833798749282778e+01
-3.299654141321445877e+01
-1.464512155304686303e+01
-1.459075211810892370e+01
-6.815444228437911534e+00
3.862194317424666679e+00
3.648504291072072192e+00
8.087941972507508126e+00
2.459955345598433496e+01
1.528695182923348739e+01
-4.798489924026341669e+00
-1.008046037330478839e+01
-1.187919717045974721e+01
-1.365464509590731268e+01
-1.130615771534843361e+01
-2.446705226548886003e+00
1.067511034743245091e+01
1.778759275818225660e+01
-4.679571722339630924e+00
2.640264611140878515e+00
8.639307842359642109e+00
-7.848433387098111780e+00
-1.269415249819081737e+01
-2.397741305427302905e+01
-3.100536351906976051e+01
-1.809574878933057107e+01
-2.582688674211243551e+01
-1.583635956225521113e+00
1.019851353107020486e+01
-7.087891918189370699e-02
5.471123943941279322e+00
2.531427884063123201e+01
1.558259612199861976e+01
1.502204117092702518e+01
5.352654509160913676e+00
2.977304489003870458e+00
-7.295426136181163201e+00
-1.629348514929574776e+01
-3.939087754852437229e+00
-3.527676922624038980e+00
4.844267031468120877e+00
5.595409438016702097e+00
1.653428262400831272e+01
1.423066891516924670e+01
1.963504848505056088e+01
1.456743565346891955e+01
7.606022768075831664e+00
-1.384545629666098421e+01
-1.365377991109971845e+01
-2.054073771247720970e+01
-1.313348325284050588e+01
4.294742565058811579e+00
4.751244554911295381e+00
7.940124826968713023e-01
1.989422792396078421e+01
2.762018816863871962e+01
2.467758185409331873e+01
1.415918317586607600e+01
1.622361284147763172e+01
-2.387942255265329550e-01
6.478973829659651074e+00
-1.216456209217426476e+01
8.565587575784604724e+00
-2.112191430054167540e+00
7.441614567382544010e-01
3.120030624081380211e+00
8.111181414656641664e+00
1.706160054873504350e+01
2.443521635188653818e+01
5.376032531391047087e+00
1.255011056532646307e+01
-6.598140767911274907e+00
-2.347056303966320456e+01
-2.128538218728789388e+01
-1.795605407717954449e+01
-1.816685969026190151e+01
1.221460590477192909e+00
4.993396882373531298e+00
1.871763330732062514e+01
2.428777932422104868e+01
3.398658610171008831e+01
2.243790746630565991e+01
8.640550984494666409e+00
8.137543389948291406e+00
-8.542923381155617335e+00
-6.249149256450436951e-01
-1.441611616745603897e-01
-2.040665080225835482e+00
-2.162720795322456979e-01
4.809358491115176548e-01
7.607109453588350334e+00
1.298322504126781496e+01
1.874566579706544189e+01
1.005683111891573844e+01
3.864367941316913857e+00
-1.454519714328540658e+01
-1.615012147504648965e+01
-2.649415446433619081e+01
-2.909172361716952082e+01
-1.022350179396391923e+01
-5.015670172586396802e+00
6.239169706201266763e+00
1.902931020969879228e+01
1.247999468382948862e+01
9.242695556584294536e+00
2.066285876177408909e+01
1.293487579347623750e+01
-4.941734068735286201e+00
-4.944453704780357839e+00
-1.104032986749530210e+01
4.968783074636405672e+00
-6.527772871598585880e+00
-1.057248303662561284e+00
4.009021487595646249e+00
9.550643204909931683e+00
1.180564708024581932e+01
1.908370888743627347e+01
3.312369862323464531e+00
1.293263554705902152e+01
-9.300458529276056652e-02
-2.675823568538521613e+01
-2.992658447965266078e+01
-3.506717766184289076e+01
-1.708683747852711576e+01
4.313269089070104201e-01
7.271508245785582858e+00
6.766624128351111267e+00
1.233494128746730212e+01
1.742643290492662800e+01
1.171074496114869135e+01
2.042985064160973252e+00
7.182720248702594290e-01
8.447984445258214237e+00
-8.373903156209564713e+00
-8.978080552177743812e+00
1.967445579675199951e+00
1.871647180623028817e+00
-1.823094320119480471e+00
1.199878985111052998e+01
4.056104769480612049e+00
9.073105507974958073e+00
2.807224068520440596e+00
-3.214263463615623095e+00
-4.320959430764503395e+00
-2.882255539008838241e+01
-3.071503185987882034e+01
-2.859041192104780293e+01
-9.120078364607707044e+00
-5.231170411452467306e+00
1.432462949051682699e-01
6.959435951470538839e+00
2.128490900586876933e+01
1.032365422452505754e+01
8.207751962153281511e+00
1.106330511585963450e+01
1.944943957047087224e+00
6.455639455332516263e+00
-1.051174621020072664e+01
4.801071046508127438e-01
-1.751915392842488473e+01
-5.785291130299754059e+00
3.504445708042055685e+00
1.000674283720547919e+01
1.626903251042460852e+01
4.708224717833161321e+00
2.565292846702675433e+01
-1.686977364250844857e+01
-1.063115431960375190e+01
-2.887019801933286089e+01
-2.222278422113208762e+01
-3.643501665524229338e+01
-1.811846050332059122e+01
-2.890498230909770427e-01
-1.416493085301169685e+00
1.072629867259070124e+01
1.886216966687635477e+01
6.267533223463885861e+00
2.481453927124618986e+01
-1.268749688873640480e+00
-4.081788372915355012e+00
2.061584770898491570e+00
-5.589670518658579113e+00
-4.319145751952078172e-01
-7.654340366371116033e+00
-2.761407101617692206e+00
-5.904253068017965234e+00
7.342938678747657377e+00
1.175795785931944692e+01
1.202710248277622895e+01
6.144876994890921651e+00
6.696206585239451670e+00
-1.346508234996355213e+01
-2.985306772783991391e+01
-2.181612172662585181e+01
-2.777080960202380311e+01
-4.871694078669349892e+00
-1.055685880383481390e+01
2.845512282615914046e-01
1.552728508492532455e+01
1.617420332713851394e+01
7.946510423755967167e+00
5.496043507807598871e+00
1.473244755011342022e+01
2.187509579489812950e+00
-2.256345370390022254e+00
3.287869741573842930e+00
-1.007523377593770419e+00
-1.353429368076177752e+01
2.495053683679827827e+00
5.759238953378485348e+00
-9.594112332227382467e-01
1.365358381257721021e+01
2.092982624336013942e+01
7.847236859371378159e+00
-6.862297972584940453e+00
-9.936935426561376516e+00
-2.116634488086538113e+01
-2.851009281315265298e+01
-2.976356258710438851e+01
-2.131058292481333183e+01
-1.821405418861940007e+01
8.996634975938832213e+00
6.935401105593371085e+00
2.006143511655022849e+01
2.237116321638899308e+01
1.343902879505787951e+01
2.353625420298044446e+00
-3.672652525553814939e+00
-1.931878179625317671e+01
-6.169333773932464737e+00
9.840114607581369910e+00
-3.432199283428815306e+00
1.775547007619707074e+00
-9.534704855957443215e-02
2.757389339025257868e+01
-8.541970268810473499e+00
2.136007537303595427e+01
8.687524773175709925e+00
-1.079454605510755982e+01
4.699022843049988296e+00
-2.140623185227912018e+01
-2.615605360952935143e+01
-2.326171280675026765e+01
-4.440013388015017881e+00
-8.713086851682987799e+00
-3.286900599178409266e+00
1.096703411739360945e+01
1.211994329073553445e+01
1.581702117835482113e+01
1.691983125643901076e+01
7.559262779438483904e+00
-1.934309245005408684e+01
6.887910396412962655e+00
2.927335673284801487e+00
-6.143247503617658367e+00
2.927242954721180013e+00
5.686360805530966900e+00
-5.277603098545739613e+00
1.219120385016276487e+01
1.437298593287982840e+01
1.003580929765860219e+01
5.327396974145926833e+00
6.000211794264600940e+00
-1.312760672744923340e+01
-2.382974887452002122e+01
-3.292426143339451983e+01
-1.966199002723857348e+01
-1.819039435083755052e+01
-8.281153669338038981e+00
-4.392452847248421222e+00
2.078274646986551488e+01
1.235967089119503726e+01
1.860158074611052825e+01
1.317522888020153005e+01
8.375205734142355141e+00
-1.198432826556540931e+00
-6.670993058425665367e+00
-6.912822826251556307e+00
-6.961842394793507083e-01
-1.048669693031501993e+01
-4.814721609242269551e-01
-3.838307263738442998e-01
8.878781103429787436e+00
1.545467615812253825e+01
1.349054166523359299e+01
8.207666338938395256e+00
-6.645553245975975187e+00
-3.141121224447260829e-01
-2.584576285995012768e+01
-2.121413560208992521e+01
-1.810010035430252628e+01
-1.144689039290631172e+01
3.116340932978118872e-01
9.455254305744858812e+00
1.398985170431700453e+01
1.895994442959312209e+01
2.724220259641475650e+01
2.126326764557012439e+01
7.607036711986722821e+00
9.841696594141296828e+00
-1.584740996205255215e+00
-4.459755450669490529e+00
3.308497050897756253e+00
9.262435729566732334e+00
7.344170923187220978e-02
-3.118771230441552689e-01
1.442293516343681858e+01
1.279258094390417000e+01
1.564848333466051145e+01
1.235842058793537035e+01
-6.452991306629655810e+00
-1.291342679717513420e+01
-8.398673548222177487e-01
-3.109974858478096849e+01
-1.459638527962982835e+01
-4.127066525206828373e+00
-5.807682123039683120e+00
1.341474667068069948e+01
1.679870961184252565e+01
3.743501957351099918e+00
3.247378738634495221e+01
9.814895179697487038e+00
1.468708699527780936e+01
-9.909979513419443720e+00
-6.287289128281827288e+00
-8.203213756612512952e-01
-8.756388334459245470e+00
1.127717878967303022e+00
5.734905692692677803e+00
5.833375646166587103e+00
-3.527435588810817535e+00
7.558758934838692767e+00
8.328674263892025920e+00
6.599478857231986240e+00
8.901973430194516368e-01
-8.929673200275374256e+00
-3.150966395644348950e+01
-2.534092974609990279e+01
-2.419740610050786245e+01
-8.447347971991462146e+00
-7.702195531026006847e+00
5.181541472436435924e+00
9.672465686633074711e+00
1.804327940233991967e+01
2.537225394305539794e+01
7.631705471722511902e+00
1.461532817325672795e+01
6.696967579804947945e+00
-5.039234707175580752e+00
-1.079985863656327183e+01
-5.496906295496955863e+00
-2.363937346394669703e+01
-8.184426919910265497e+00
1.240780040671046436e+01
5.030772260983553679e-01
2.399655198412978052e+01
1.032436915671632960e+01
2.881206886319205296e-01
-1.130308219744591725e+01
-2.851303452343103118e+01
-2.066223018470213901e+01
-2.992531709746259594e+01
-2.676445336179313017e+01
-3.936082544141072503e+00
-1.365336138057620019e+01
1.379743976495939251e+01
4.392036948093561932e+00
2.699517223783317377e+01
9.052792021871084671e+00
-7.199501506960359620e-02
7.869607253127924196e+00
-5.589611097560180042e+00
-9.189189715412453552e+00
2.060106642708319669e+00
-7.222917310409115998e+00
-1.430380739453869410e+01
-2.687508579963264310e+00
-3.072682878318460098e+00
2.568276036717008992e+00
1.182987966718525286e+01
1.416184104628416662e+01
3.696698333680330961e+00
-1.914207368851066349e-01
-1.214527395030222578e+01
-1.607914384346958059e+01
-3.443453552488705327e+01
-2.304631959338826164e+01
-1.156735632628004851e+01
-2.975002051278295312e+00
1.281435574090215823e+01
1.183156216592726651e+01
2.560640269622825826e+01
2.021003363089863569e+01
7.295363758059977499e+00
1.269511726431943544e+01
3.337520490451993282e+00
1.513261429614942699e+00
-6.023448179480169529e+00
-3.817811305858640480e+00
2.644213840350175815e-01
-1.742150394853342732e+01
-3.722918873781509319e+00
8.855738498252890167e+00
2.051790322221569340e+01
3.485035488149338789e+01
3.262700027880953257e+00
5.855321479541146346e+00
-1.259801641809912098e+01
-1.734975655464285182e+01
-1.876852456220171916e+01
-3.000171849014054715e+01
-4.704544239727113109e+00
-2.662743541564736915e+00
2.176728400337498215e+01
2.560474528052452570e+01
1.701589184886739758e+01
1.524336382270291779e+01
2.330329326746561946e+01
8.735071241949242449e+00
3.049633625472267795e+00
-8.399647611475359099e+00
-6.554001378782800202e+00
1.468964804512074807e+01
-1.375232331184480472e+01
-4.787292984576652088e-02
-3.695799505898548887e+00
1.967767709310379587e+01
8.832732057902433098e+00
2.176958824637426915e+01
1.905395650170595445e+01
2.426390994716712157e+00
-1.010434424807630194e+01
-5.710755768173555680e+00
-2.001484133218298211e+01
-3.384240140510297579e+01
-4.632971758011137808e+00
3.817583366294456937e+00
-1.800613317250622458e+00
1.382250323549328641e+01
1.459069179220665546e+01
1.464280215588996725e+01
9.119551788374508305e+00
6.983335995754032410e+00
7.825114538358832306e+00
2.759872414647929872e+00
-8.472218797441257720e+00
-6.335653591530331141e+00
6.647411030917453445e+00
-8.662113582458118799e+00
2.278702084352801194e+00
-1.358376574668136527e+01
3.001324837619961272e+00
1.437443909966975752e+01
1.379946713023997518e+01
1.081479244353715785e+00
-1.994494218233188576e+01
-1.768629946333368252e+01
-2.445495317699101179e+01
-2.849074731760202894e+01
-2.010983813989213331e+01
-1.435355002700362093e+01
8.447385287881274962e+00
9.910689144032915010e+00
1.639103728035468066e+01
1.130627175437774667e+01
3.600344182736762377e+00
7.054052361906883561e+00
2.617605734031201337e+00
-4.942543130213664426e+00
-1.288696061256109715e+01
-6.650496482130506593e+00
-3.504799749957157928e+00
3.336477071747253831e+00
-8.567677370983744822e+00
-7.679211831665611498e+00
1.130297370046474725e+01
5.784237773095071589e+00
8.735369822061898049e+00
-1.967146695817120872e+00
-1.492822117193520626e+01
-2.378179087049909413e+01
-3.028494878287631309e+01
-3.314925852488721603e+01
-1.036753051384658875e+01
-5.999835324925186342e+00
8.231361141160675743e+00
4.559693699100421327e+00
1.017302750102214759e+01
1.591527896742599069e+01
2.248669004708460761e+01
-4.029659588034121498e+00
3.094970220629988944e+00
2.064015811537217360e+00
-8.998502083825201225e+00
-4.921511778675323967e+00
-3.024074567458626461e+00
-2.952549167669019425e+00
9.744621387736287943e+00
3.887216493501000514e+00
9.070671864668838680e+00
1.428211091227814222e+01
4.462525157518598462e+00
3.480915636757572429e+00
-1.439943785069283422e+01
-1.684727471463287429e+01
-2.457270912098982762e+01
-2.626001509901067266e+01
-1.159061831491260364e+01
-9.358480434541547766e+00
1.650959599718930804e-01
8.903050669304718667e+00
2.080478616190777075e+01
1.493216226993632745e+01
6.647701342791492607e+00
8.952130898207201426e+00
-9.215829640768731679e+00
6.407956346250784918e+00
-9.286928349716276898e+00
3.190970812307853066e+00
-7.511657977750303417e+00
-2.399243697438464551e+00
7.429015270580521246e-01
7.703988444215269737e+00
7.127066674935974788e+00
1.442494345703710223e+01
5.783336240764469949e+00
2.161295068948845710e+00
-1.104062824196603287e+01
-1.327114810301105763e+01
-3.023517671013934205e+01
-2.796567382237481070e+01
-1.228751857438055595e+01
-7.462717638753304072e+00
5.614232542193519748e+00
1.797486255350798956e+01
1.250360940579378166e+01
1.312952769245003992e+01
1.178361265470567787e+01
1.355816060486705510e+01
2.138227472462915557e+00
-6.958657869569890408e+00
-4.630952821918526752e+00
4.773611374778965910e+00
2.206673078083667860e+00
5.400865585497115262e+00
1.471245975585219412e+01
1.444617481553478910e+01
9.265303973288496309e+00
2.020852084195445286e+01
1.391647790180286393e+00
-8.709464617601497594e+00
-1.514617948134480230e+01
-1.946269488707594064e+01
-3.179585315280615987e+01
-2.414945186923642950e+01
-1.103920250849716922e+01
-6.093942091029077801e+00
7.485141264497201519e+00
7.895778069361369944e+00
1.115678152255537725e+01
1.111544100207675001e+01
1.497492773724104609e+01
7.651403507492318568e+00
-3.063338961089812074e-01
-8.398235867083826633e+00
2.037235693517862956e+01
-5.662117409648715238e+00
-7.989520509782551017e+00
-1.163818582588686468e+01
-1.022829453415732814e+01
8.255362077059317016e+00
2.546001375296475544e+01
1.594062256460892968e+01
3.287529016044004493e+00
-3.189383807023887130e+00
-8.882142695664356324e+00
-2.589437412363702151e+01
-2.757180353077973223e+01
-2.669382122220417841e+01
-8.711813279826458256e+00
2.517760514882297684e+00
7.850049871055659878e+00
2.424001208226627568e+00
9.213050129946907418e+00
2.325894726786765432e+01
5.447998757150003257e+00
1.936592203343076335e+01
-1.413917860845856467e+00
-3.192227185037950221e+00
1.799143699715841649e+00
9.217082155522064113e+00
-3.835645070408872925e-01
1.019909690860907858e+01
9.456467800920734135e+00
1.063036664972094059e+01
1.312680717890793858e+01
1.310682570690454440e+01
6.502197927661541144e+00
3.361373144837955351e+00
-9.911567542649436291e+00
-1.951035657322904626e+01
-2.620580469062900875e+01
-2.707583820015958054e+01
-1.372653397949119380e+01
-4.539261576689284539e+00
5.542840009194890172e+00
9.157956457328452871e+00
1.463817076165139497e+01
2.447926937861763008e+01
1.821838314964128358e+01
-1.886849501643837357e+00
1.203222088606020179e+01
-9.400370098751238856e+00
1.793610164834512943e+01
-1.011775995121695360e+01
2.885043371092763209e+00
-7.729162191548653027e-01
1.168818227844019475e+01
-1.539231989837446690e+00
-8.478472072492309053e-01
1.883151782055904278e+00
6.506614633451590635e-03
-2.952710731250817844e+00
-2.970299918195564715e+00
-3.004190170220721257e+01
-2.008602880512887623e+01
-4.003733820059096615e-01
-2.204783114488122919e+00
4.739409048756556331e+00
-1.221137674550448082e+01
1.112394387885979086e+01
2.063209082491113122e+01
7.330388064958242467e+00
1.282920934195209384e+01
-5.562394476631538964e+00
-2.883099283287720027e-01
-4.030797913958565459e+00
-1.412397713604354976e+01
-5.543473748548024105e+00
5.489203900863174113e+00
-1.739893854012132124e+01
-2.782631036321618012e+00
6.462514934431681013e+00
7.203433657357606990e+00
1.577299979862857526e+01
2.098121718270715519e+01
6.520248506410666778e+00
-1.466064731254533626e+01
-2.315245168428987199e+01
-2.736642111332213290e+01
-1.909927100738497074e+01
-1.682801631887684835e+01
-4.092460088577297483e+00
-3.712357508046522980e+00
3.849053445004074092e+00
9.158456573399973877e+00
1.388410518064239341e+01
1.265187391757501700e+01
1.148693388884737487e+00
4.171593654105834048e+00
-3.892705400301565533e+00
-1.239098055556513600e+01
-5.135257267959786986e+00
-1.063689286128766298e+01
-1.024167374024500532e-01
2.569002287081048053e-01
1.783875269428619958e+00
1.389126372499987383e+01
3.020230047917038974e+01
5.009764701763344874e+00
-2.638894704606514097e+00
-1.390212256392607060e+01
-2.964395681844365527e+01
-2.291869990935754231e+01
-2.212827244078312106e+01
-1.386374945642944567e+01
3.075369782675920760e-01
5.547914796863551601e+00
7.351954759180387100e+00
1.419559098683532739e+01
2.106476683054614796e+01
2.062818186581279178e+01
1.443567923747036730e+01
6.509875945552266785e+00
-8.853950257972428517e+00
-2.906017535021362619e+00
4.293637771866201547e+00
-2.099236334752959010e+00
5.699404645440893091e+00
4.285103791788628769e+00
-1.987283706017706209e+00
9.113456108823243085e+00
2.645789858564967290e+00
1.610765893329005394e+01
9.689709652445628763e+00
-5.077160826130068472e+00
-2.031251775205862486e+01
-2.776447538934729664e+01
-1.139272710389656140e+01
-4.002380274113988889e+00
-1.541821769438371348e+01
1.327265990011085250e+01
6.949415041669340098e-01
2.209627967666324366e+01
9.425083256483389960e+00
1.287516514503954568e+01
7.816291035410131371e+00
9.506303276370033473e+00
2.654873137136462447e+00
2.882259775844318028e+00
2.208939111994368432e+00
1.214437116431554387e+00
-1.071425228617960101e+01
9.696111333058354376e+00
6.229843979874885918e+00
-4.454697913863583381e-01
1.932159496116946684e+01
9.421352638561074855e+00
2.457684184556228502e+01
-1.255289770856364839e+01
-1.544855754406074766e+01
-2.516754568670677372e+01
-1.161142566565803236e+01
9.787983770430400909e+00
-2.166874611187381561e-01
2.144522726129196144e+00
2.758162050840934398e+01
8.961268800315281169e+00
1.661043374031618214e+01
-5.763415450878710544e-01
1.306580059990284326e+01
-5.237018364020229910e+00
-2.517404431209797622e+00
-4.431783468593437192e+00
-1.591556247138584013e+01
-7.518748100385096222e+00
1.807593745241041461e+01
5.643984624340248502e+00
2.006410751223540956e+00
3.821002949936371351e+00
4.955308512997987691e+00
1.781466470258447998e+01
4.347552891949135301e+00
2.473517493094163910e+00
-1.680617259429163823e+01
-1.885211561818329074e+01
-1.998671919909952521e+01
-1.349879155930085517e+01
-1.308446702082721913e+01
1.642309811044214030e+01
3.738433556553161452e+00
2.374913842791499974e+01
1.313254691361265714e+01
1.469287411489665374e+01
1.366551500716150258e+01
7.158203272608204770e+00
-3.483841048531814977e+00
-6.490120062953394608e+00
-1.276773996226359031e+01
-2.903446640280662905e+00
-7.102230983739445946e+00
-2.485027540336602669e+00
7.555021729843474532e+00
2.559657630628635161e+01
8.529057133131345836e+00
2.217990295178020688e+01
-3.463995450126617470e+00
-1.073103398729455193e+01
-1.545418348388875529e+01
-2.344233430983086919e+01
-3.086082490194155525e+01
-1.565665124006432052e+01
-8.065592162228540474e+00
3.784263858214274023e+00
1.491189058478346396e+01
1.684838989658635455e+01
1.600387087946586462e+01
1.912458605342953888e+01
8.816580132076296650e+00
2.936275083015743803e+00
3.979789506659017206e-01
-8.488773211878879010e+00
-8.429700895617486367e+00
-1.482460125756699654e+01
4.972765363001542482e+00
3.399195708429374463e+00
1.198942459888598933e+01
8.938646788335347537e+00
1.584242245412048078e+01
1.194232184679543707e+01
4.575195133145712134e+00
-4.601011090846839124e+00
-2.076080550442020467e+01
-2.045753425227246680e+01
-3.183340930865716700e+01
-9.266551346868027395e+00
-7.824293125301664986e+00
8.135136825749214040e-01
5.862733406162362826e+00
7.148294175828311836e+00
2.333905792464565820e+01
1.129518102209237895e+01
1.101743092124934265e+01
6.986147734174323887e-01
9.871332003932195676e+00
5.858026468543471310e-01
3.460344557681935385e+00
-5.050148880753454250e+00
3.862081390094715516e+00
5.617771300215281371e+00
-2.579365830002245730e+00
1.799860872638822684e+01
1.325067727569751241e+01
1.227331436722573699e+01
-4.351063123274286681e+00
-1.045057724511246988e+01
-2.551940550202994018e+01
-2.978115187851290102e+01
-2.905394560707435403e+01
-1.836611269880580721e+01
-1.140055911160334290e+01
-1.321706885761557260e+00
1.289827702900441864e+01
1.131693125478790307e+01
2.658117219086614114e+01
1.417620879604385209e+01
-4.371628098428459452e-01
-4.294559152406236535e-01
1.208837758138071194e+01
1.220565315739520429e+00
-1.936755231156627133e+01
-6.335964726174779571e+00
2.284024906199039151e+01
-5.110719498432501950e+00
3.030930744586612491e+00
4.781080096328366835e+00
-1.276171661931277868e+01
1.259857682064580331e+01
7.100310709314385349e+00
-1.931508046930912315e+01
-4.151006872158745864e+00
-3.731328309971968338e+01
-2.562262325598084090e+01
-1.754995360828741013e+01
-7.079991158539826301e+00
-5.624495951149128814e-01
2.238829899809223889e+01
2.093658724508316027e+01
7.509585476010840921e+00
1.213760164844160272e+01
1.417451110975048323e+01
-5.058694352281293050e+00
3.101233980560948567e+00
-1.136119826770550389e+01
1.591670785575644231e+01
2.065538439088760470e+01
-5.880565517011973498e+00
8.243724600053838003e+00
1.250583296370109565e+00
7.832789650113170410e+00
8.059705910652098737e+00
1.103508179463790384e+01
5.043759556593442994e+00
-3.391129176363278930e-01
-4.633295999999063497e+00
-2.002419798221131941e+01
-1.910177603789793466e+01
-1.662927472830165243e+01
7.427164868785723684e+00
5.614708142190238505e+00
1.361487965496445440e+01
1.320732964479248039e+01
1.165485346510064346e+01
1.134433577108637792e+01
-6.933285086747105197e+00
3.570079472380029983e-01
-8.727951036424883569e+00
-8.791767064769260287e-01
-2.578936711085094657e+01
-1.688250305489435732e+01
-1.080993881179551863e+00
-1.493541669332643096e+01
8.674800732794551550e+00
1.328232880488707224e+01
1.350233818191014734e+01
7.311790425124002013e+00
-9.507949145594238871e-01
-1.379508446295403701e+01
-2.129449881572020331e+01
-1.029007963990881080e+01
-2.210047238479216958e+01
-7.939516037581768160e+00
3.080240025199600495e+00
3.372450207025224245e+00
3.492966871792941674e+01
2.301662855068741464e+01
8.471184201243488587e+00
-1.683975128662603993e+01
2.489901947046990927e+01
-7.470402340998987256e+00
-1.541339613457029145e+01
-1.650788532929192343e+01
3.949280415858424931e-01
-1.551933930638216452e+01
-2.078188233572689114e+00
3.886589154567218429e+00
3.488285404518023824e+00
2.462525373551045504e+00
1.514000441750789605e+01
9.467378715941492828e+00
5.662258356062807252e+00
-1.762929193828313146e+00
-1.674915134178513654e+01
-1.887753214660091317e+01
-1.919510071204450696e+01
-1.014161100573937802e+01
-9.745015922460709135e+00
2.828528228823415702e+00
2.029640253830689289e+01
1.558661190870645896e+01
1.559451290171983828e+01
1.361894985328154917e+01
9.332007891028013091e+00
3.105677199979197667e+00
2.776149638139088438e+00
3.002023600453242125e+00
4.078738224035305393e-01
-2.265042678464226356e+00
1.455458036701259061e+00
4.660648053949557834e+00
7.084253977364710408e+00
1.001784544169254332e+01
6.005821131622383291e+00
3.954264004670329768e+01
7.548767614983262320e+00
1.617574986761439959e+00
-1.819804711877344516e+01
-3.162839918704219144e+01
-1.805586931205499468e+01
6.443267876130107652e+00
-1.273381996717148468e+00
9.852070589617198948e+00
2.286632564700329340e+01
1.674986226541733458e+01
2.314064262334829891e+01
2.352177042150515263e+01
-7.742775189822282300e+00
2.522782859887456652e+00
-1.961515736809587906e+00
-4.556203920594100509e+00
-4.512561896059594346e+00
1.558370645662085963e+01
-1.102686104990647209e+01
1.414335638551159491e+01
2.084763338686286716e+01
1.207893880623043970e+01
1.743180992158647769e+01
2.333912969308465790e+01
-6.224123644502697061e-01
-5.038038589663642597e-01
-2.025354639468758933e+01
-1.286140201541314809e+01
-2.155450745420398562e+01
-1.255077637889633024e+01
1.866876799522117381e+01
8.061709480637432534e+00
7.727425043567052398e+00
1.318911381786512038e+01
1.545407042300718103e+01
8.689118932106396187e+00
1.461352447825942136e+01
-1.414955425348182416e+00
-1.645675135302309400e+01
2.655935664719436318e+00
5.619671188856443678e+00
-1.040755415869779199e+01
-3.232450550472265149e+00
9.753756566781248694e+00
1.351813674022264422e+01
1.854965306300141492e+01
1.914460917186818278e+01
2.497561513742994066e+00
-4.120632336541575569e+00
2.827177978598399477e+00
-2.822623251111025411e+01
-2.910555519081407283e+01
-2.491479370462576526e+01
-1.665107491136660656e+01
1.367246743920418339e-01
-9.430947260664652276e+00
1.119791468271824897e+01
1.420541422688967259e+01
2.502683541200099171e+01
1.366752028178365208e+01
8.732287916844086340e+00
1.132235265094209353e+01
-8.709302834974266716e+00
-7.768913277698743514e+00
-5.476861343056441456e+00
-3.753954760667511437e+00
-6.197077435359517494e+00
1.488632008468584900e+00
2.340198499785230979e+00
1.937335062612078218e+00
1.834990274037852487e+01
-2.471026994942349120e-02
-5.654971852730454884e-01
-1.970812301875315597e+01
-2.074724085408837482e+01
-3.424812566818326331e+01
-3.264036708678565901e+01
-7.197178604318025918e+00
-1.369690238734204968e+01
2.640659166835916949e+00
1.299774016687069889e+01
1.400248367454548770e+01
2.145973421867512343e+01
9.455156812158747925e+00
3.022940319361453021e+00
-7.886852397405164083e-03
-1.091340199058731741e+01
9.967738280017215402e-01
1.640277680926658377e+00
-4.918574196682413913e+00
9.247786430382632261e+00
5.179462777770140747e-01
-3.940257447474323271e+00
1.569994786644241458e+01
1.260945182422148036e+01
1.095894492980465884e+01
-5.454323951365438461e+00
-1.585228887518371721e+01
-2.381053091044265102e+01
-3.048137538449390149e+01
-3.160065930262464917e+01
-1.715301051325377557e+01
-8.381189705926658462e+00
-1.065892543741540521e+00
2.206248932282903752e+00
1.988289783290474588e+01
2.327850614631648796e+01
1.174624121278509392e+01
5.894979783034841603e+00
-5.860936366768271455e+00
-7.186995375259357388e-01
-9.889531274038063202e+00
-9.831335539587371386e-02
3.432580172782536465e+00
-1.272612308803002179e+01
3.776948654026341501e+00
3.584481730033814983e+00
7.339417236014639911e+00
8.751876783950535810e+00
1.080703600934594988e+01
-8.796687422404829704e-01
-1.120910833297830322e+01
-3.096370578709570509e+01
-2.810671355001119309e+01
-3.059413207831357795e+01
-2.526730714628615715e+01
-3.862753978583214121e+00
-6.171205701700159807e+00
-2.361244542095903398e+00
3.278052210091800589e+00
1.236640020775229232e+01
1.153363420315298526e+01
8.911046684054838352e+00
1.853168242819265288e+00
-6.857901780347901877e+00
3.386759998697641549e+00
1.268012298750022637e+00
-1.848905703590367011e+01
8.813005777795410722e-01
-2.084121845595404920e+00
3.453091493512829402e+00
1.369798185890545028e+01
1.188503745626735508e+01
1.242508821475581726e+01
-5.100677623857450271e+00
-1.141717510617775133e+01
-2.092491692240167822e+01
-3.387620696607223181e+01
-3.115005002622569918e+01
-2.098475384200111193e+01
-8.254219289706270501e+00
5.303432733552767786e+00
9.905442330406401652e+00
2.025376394333727603e+01
1.741013556287708752e+01
2.276865549189290050e+01
1.374804590878704857e+01
7.280658915812352916e+00
3.368253831290815015e+00
-6.369684460590917752e+00
-2.901895026879401485e+00
-1.517549746317155268e+01
3.891957706230130043e+00
1.940770348511875909e+00
1.409611385884261381e+01
1.360857801970450964e+01
1.622596331236013611e+01
1.358666761385296695e+01
-5.500715162000687997e+00
4.321281959910209025e+00
-2.695235803457728707e+01
-2.697079905172120107e+01
-1.965301764353148428e+01
-1.317701708768441904e+01
-2.498066043544781678e+00
1.142359641019652372e+00
1.087940956684559524e+01
1.876532450102678240e+01
2.259013589884528983e+01
1.995012201765666759e+01
1.644675056453212392e+01
5.403906244574045559e+00
3.159420226258987441e+00
-3.363696606161283853e-01
4.410356324939129991e+00
-6.727921129120716159e+00
3.151236564415569319e+00
-9.423707477847074188e-01
8.338833478331196147e+00
9.087163245952467605e+00
2.219802421489077915e+01
1.076163476331771562e+01
2.206875601290960276e+00
-1.092358444016292651e+01
-2.037529740086563379e+01
-2.523849435600777724e+01
-2.969235178057033409e+01
-1.406207873765799832e+01
-1.028742361866267174e+01
4.519908106781315382e+00
1.290861851277367123e+01
1.336088579561601364e+01
2.279397971895463115e+01
1.733233895594162277e+01
1.126002154009211154e+01
4.066314228195381020e+00
1.569251307182821620e+01
-1.119016106153821966e+00
-1.530528913769160226e+00
-3.335008988849040179e+00
3.055467366471191326e+00
3.247333997021883079e+00
1.479337875323489015e+01
1.988774672383345887e+01
1.212501849547072652e+01
1.251581487929649938e+01
-9.082299008677523489e-01
-4.451814800865236066e+00
-1.477747115107626996e+01
-2.736037447802624456e+01
-2.891146563967828342e+01
-1.331260347202425010e+01
-8.492010671870104943e+00
1.866611394374444899e+00
8.126270607865137663e+00
2.214527875611935315e+01
2.202922321588414434e+01
9.828485191732795556e+00
1.495791882542374651e+01
6.051488921504528662e+00
8.000902815285030556e+00
-3.111507592062309868e+00
-2.163695174685614120e+01
-4.620879965493259078e+00
4.551916753609077659e+00
7.300901685324902246e+00
-1.157836929613267785e+00
2.004719984553531731e+01
9.798149772710473826e+00
1.195796999057176890e+01
5.074204105257024366e+00
1.274663583080837270e-02
-2.352892284457607275e+01
-2.834497034221487866e+01
-1.399427372896195720e+01
-6.720208745752699997e+00
6.146173146382807317e-01
9.096803806941125004e+00
7.668288196216280994e+00
1.176293217144478831e+01
7.486749763580974104e+00
2.165814425085835637e+01
-1.090415558207030244e+01
-7.403253332212784699e-01
-9.730668055328067112e+00
3.915402510418914517e+00
-4.204277934434571762e+00
-1.799205992060495873e+01
1.765467593124469659e+00
5.925814966266784722e+00
1.065612523762240471e+01
1.671321555052270469e+01
4.608213335146672307e+00
1.137618943543634487e+01
-1.201008714841123037e+00
-6.983299540959819751e+00
-2.092889731182509649e+01
-1.910461107550020188e+01
-2.254020243882428076e+01
-2.121966473002464681e+01
3.247884945480279839e+00
-2.146391862949940332e+00
1.055864964161577291e+01
-8.206688024945719917e+00
5.919998328732788195e+00
-1.241370881305670082e-01
-4.626050104433033994e+00
-2.698188052505656742e-01
-3.670934531951843383e+00
-4.226505074923352367e-01
-6.032880876301305761e+00
-6.521599202521144889e+00
-6.765803252836860793e+00
2.751777435425992735e-01
1.836414197271102466e+01
1.173093921574422893e+01
7.574863750194424483e+00
1.203370662454523199e+01
1.082449508441192165e+01
-1.409258377609762647e+01
-2.661924826710480829e+01
-3.508799174043855373e+01
-2.108572849533970839e+01
-1.521433779531196251e+01
-7.232167252826172898e+00
1.411343426174312299e+00
1.342129716437329989e+01
1.171403985667831193e+01
1.380168668738895121e+01
1.243484268060757358e+01
1.330948257792476852e+01
-2.350780341816118835e+00
2.862649073716397652e+00
2.139916839075851840e+00
4.675649999652023325e+00
5.882717371792693939e+00
-3.336116653018450506e+00
7.500757732640749964e+00
1.110598402649702621e+01
3.911303582570724302e+00
3.076481873776003795e+00
9.962563715780447637e+00
-3.148841498781280279e+00
-5.741472758499241991e+00
-2.099990400309468441e+01
-2.677979903464989775e+01
-3.154891080350358834e+01
-2.572794197595101195e+01
-3.529505384980325289e+00
2.417115712712586628e+00
1.527870621884858338e+00
4.782301625810646328e+00
1.752283331670327016e+01
1.528845859337951651e+01
1.026090846490228614e+01
-3.979532428623485885e+00
-1.090332038370206647e+00
-1.298101276878412591e+00
-6.410879020210700219e+00
1.703942373003826560e+00
1.298748556916621055e+00
-3.982681866968334816e+00
6.978298482460104424e+00
5.765132474239919702e+00
1.158030239892036661e+01
5.974283288251342583e+00
-3.151989815619231194e+00
-1.500831280800491641e+01
-2.829026416561288215e+01
-3.051089385622748296e+01
-2.482972247017897871e+01
-1.532834587278676963e+01
-1.346228581553151571e+01
-8.270253530492368554e-01
2.296120263647992488e+00
1.817507490572643292e+01
1.375340225559182272e+01
1.463394964236914575e+01
4.019363024557208064e+00
-2.589822993725306333e+00
2.881017215593999481e+00
-6.243702144695760126e+00
-1.795035099955271107e+00
-8.520257194435316705e-01
-7.063779248888295115e+00
3.109637017963450489e+00
8.312858695733154946e+00
7.923633330060454227e+00
1.642805631510805142e+01
9.076596949046574991e+00
-2.275435632752078163e+00
-1.583482791179750393e+01
-1.277167858346484763e+01
-2.277595202749927239e+01
-3.269651198995325103e+01
-1.136223558418060975e+01
-6.629884265004420740e+00
-1.112387873892487278e+00
1.008623802409863401e+01
2.244708298936939173e+01
1.013903806132577756e+01
1.148444682613637724e+01
7.584613102678872565e+00
5.480251303114300754e+00
-6.841514568338482150e+00
-2.342338025874369123e+00
-3.547088320974467024e+00
-2.629246724161362181e+00
-3.243655480884854114e+00
-8.155877270258997669e-01
6.209668267095025840e+00
9.046131997856093676e+00
2.050837391984936176e+01
1.317851426717652430e+01
4.080339771441401808e+00
5.814767477016857811e-01
-2.757534142213108908e+01
-2.598950452605510009e+01
-1.575303123927920979e+01
-1.049232829653567478e+01
-6.711191125898324117e+00
-4.212499850347001029e+00
6.440445647047226885e+00
2.346494810570158052e+01
1.034411730323859047e+01
1.592697016414081190e+01
9.288718788986102481e+00
6.523086400998238332e+00
-1.942472805075072984e+01
6.396133019387093555e-01
-3.379435236993117542e+00
1.587194406181765771e+00
2.102856948774842749e-01
1.119715000717718567e+01
3.749187086900178656e+00
1.361262101002131431e+01
1.420119246178018102e+01
1.993290906601185952e+01
1.877250240900877998e+00
2.268946861625693145e+00
-1.720466605854272757e+01
-2.153780048829202087e+01
-2.786252365789960095e+01
-1.215610184648062386e+01
-6.816520422889141173e+00
4.409155527776988492e+00
8.036998978486167289e+00
1.010560057418888391e+01
1.242867122354527964e+01
1.692521105832025796e+01
1.053005624514287319e+01
3.486637673952486693e+00
-1.109052929595441128e+01
3.037708534338946720e+00
-2.757716225414924338e+00
-2.479653002968063902e+00
4.247348969968015808e+00
-5.794558382623279158e+00
4.982019709969051746e+00
1.769023312841733286e+01
6.757913875652718616e+00
8.246513233683856470e+00
5.114103404720481194e+00
-6.979758554480042676e+00
-2.344269946431143126e+01
-3.865825141908999285e+01
-3.199620575569895209e+01
-2.414885044722399243e+01
-7.774900591805135264e+00
4.076422577185780938e-01
9.439695533520136905e+00
1.185238407202012922e+01
1.568642111838369146e+01
3.974299040992946175e+00
-7.264905471433905859e+00
2.121664599855535016e+00
-5.761946610995323681e+00
-1.335667765827031417e+01
-5.033725525388888400e+00
3.905698097228480492e+00
2.067268643493605396e+00
-5.237607368819340081e+00
1.799042282622963285e+00
9.361361251842993170e+00
3.278572682355445522e+00
8.900205910302872780e+00
-6.599340649826615390e+00
-2.035654051238401507e+01
-2.951027789644899713e+01
-3.665007286851357549e+01
-3.135721860104854386e+01
-2.484555870604049232e+01
-9.780847311804052424e+00
1.400800461537869523e+00
7.042642517018805393e+00
1.442410121157712410e+01
1.992682259235982656e+01
1.127828441630651923e+01
-1.690649427081325484e+00
5.050543993585336011e+00
-1.520745338734286634e+01
-6.405689127022810681e+00
-7.893199747040796410e+00
6.955480396510438368e-01
-2.577646434418170429e+00
2.015895631046430481e+01
4.988458949436619605e+00
1.158760795861292081e+01
1.520958364956851483e+01
5.694977338208047968e+00
4.919885020067056303e+00
-9.960090465077371391e+00
-2.390709256299089702e+01
-2.436841110160747803e+01
-2.041832759753901883e+01
-1.441943658766933822e+01
1.984139280605859312e+00
3.943589977531246404e+00
1.444889943856497894e+01
2.643933522219424503e+01
1.896965912664359166e+01
1.713941390855831060e+01
5.632879345900221324e+00
9.120301390657516549e+00
3.393578454059650085e+00
8.942087931875448703e-01
8.923636966712422236e+00
-3.553871980024723598e+00
-3.035600175204479001e+00
5.357527008244801436e+00
1.451622241238641209e+01
1.762767767498354488e+01
2.162320183949339025e+01
1.312142302684486594e+01
4.843909472925815862e+00
-6.363775396874416401e+00
-1.255012686080692674e+01
-2.214986041578686127e+01
-1.804757227575555589e+01
-6.117865858382629085e+00
5.752288875145836755e-01
1.789707080123775995e+00
6.495855044963491309e+00
2.844041057964551555e+01
2.278589120977034099e+01
2.138219924658017135e+01
2.509496040355043078e+01
1.095205591001393941e+01
-9.430657888117480070e+00
9.252852760618736738e+00
-1.105022965195178131e+01
-1.499502249553188449e-01
-2.597041837045708235e+00
5.691333735936268567e+00
8.233249704633237798e+00
1.016968847005239240e+01
4.141007737794382138e+00
1.039813421081788647e+01
8.667414579327783031e+00
-3.155878464523254934e+00
-2.194147059894663698e+01
-3.151271020363628850e+01
-2.625382413146678573e+01
-2.279355307716201651e+01
-1.458298361964114065e+01
4.522212489031858240e-01
3.243015697278622156e+00
2.020929015084590219e+01
3.048322550637163886e+01
1.342260973043340755e+01
1.616255072442532992e+01
6.345988403010835555e+00
5.040575567013888758e+00
2.721103654399144034e-01
-8.566103115695909764e+00
-7.106581013195068408e+00
1.976851705843330365e+00
-3.298972278287578774e+00
5.307811270754996258e+00
9.554167791001077603e+00
2.218830348400643970e+01
2.599962532862321041e+00
5.908352228084368107e-01
-7.791854884281576687e+00
-2.156711605667089771e+01
-2.597912890242264439e+01
-2.377993120866443633e+01
-1.375497182475510272e+01
-5.991327973507338811e+00
-1.679967551673144044e+00
6.886017895090844831e+00
1.546710824211260160e+01
2.759951121741738689e+01
1.907798934935340185e+01
2.526336918514289209e+01
-2.127491500859093776e+00
4.430189952811304011e+00
5.369767839126666331e+00
-4.667147204066282029e+00
1.051536039947046675e+01
2.584114720612831206e+00
8.560893815014765096e-01
6.480255849648699495e+00
2.327005387230440192e+01
9.816594471194036942e+00
1.949070745010311612e+01
9.375900533170806739e-01
-1.900315602641171608e-01
-1.116560987563065055e+01
-2.603275390868179784e+01
-2.552037713725576396e+01
-1.353946857292993400e+01
-9.379998263908191802e+00
2.464382583171527585e+00
7.355499576270915441e+00
1.831273053206666646e+01
2.043039183182872875e+01
2.249837328807694803e+01
2.356984477284851209e+01
9.904942982675834173e+00
3.568179308927653892e+00
6.481869105998327996e+00
-1.782477766325769153e+00
-3.032833329837217207e+00
-1.033797834551251071e-01
1.039011395847194308e+01
9.970468210012938926e+00
2.060499259445435882e+01
1.647533913239340109e+01
1.421405588466734571e+01
5.701318976430002294e+00
-7.924177429923304317e+00
-2.864708983660136710e+01
-2.980710620662432575e+01
-2.670596260201875793e+01
-1.471522272552510913e+01
-3.750028422540651718e+00
6.620525888218423916e+00
4.648916411912807689e+00
1.696616746621458560e+01
1.427653005013729626e+01
1.851674541896409210e+01
8.410756819495588843e+00
8.225804650461270739e+00
2.289474068264041762e+00
-5.089348625829757111e-01
-9.314232976761957161e+00
-5.877424877285193361e-01
-2.216507170145007422e+00
-7.459902703573504823e+00
3.521082947556010367e+00
2.061165227690713664e+01
9.423915396602865258e+00
2.867997714791954422e+00
-3.160639804159416144e+00
-1.035970324876035420e+01
-2.574483962511891377e+01
-4.081677831245849575e+01
-3.138223445362916664e+01
-2.041120091599020725e+01
-2.650592929280946919e+00
2.722432644043237815e+00
3.033622148423091858e+00
1.560795370345488209e+01
1.722220086443365972e+01
2.257691578291928636e+01
6.752287666802828880e+00
9.187388906060959926e+00
-1.988869909519053181e-01
-5.160285470501889904e+00
-7.245793286716036619e+00
-9.590866871482091938e+00
-8.862141493905255629e+00
-1.102672602085988274e+00
-1.607061729179520171e+00
2.359224300304447297e+01
4.149113372686542789e+00
1.076256267601053196e+01
3.211700154129800922e+00
-1.825160943742423569e+01
-1.941610390364684235e+01
-2.133072434828289943e+01
-3.571068954384406879e+01
-1.753939668127134155e+01
-5.167065728083173326e+00
4.862465779074227612e-01
-2.851114852859382154e-02
8.698462727055300547e+00
1.736615969001968551e+01
1.036601150634197666e+01
8.596356298502144000e+00
6.247617225474584757e+00
3.763703493547154721e-02
-6.708654707768289427e+00
-3.915428202112934741e+00
-7.895953420978969461e+00
-9.903640835478086046e+00
1.547153083047874134e+00
3.265818416004890423e+00
7.971253814189367404e+00
8.646734214825698928e+00
7.101578204354723312e+00
-8.074304006425279567e+00
-4.905687064682751952e+00
-2.462417274883296159e+01
-2.939519251647038800e+01
-2.712712784277346145e+01
-2.387531741467245183e+01
-9.375402084048062079e+00
1.050514283449558661e+00
1.471976649700530970e+01
7.491211817610235357e+00
1.291304475523298834e+01
5.288326293236593756e+00
-2.996079261488887369e+00
5.762946269978328928e+00
-3.727902244168149082e+00
-4.273599849263177930e+00
-5.023898089769431863e+00
-2.448009935797813341e+00
-5.276271315543397122e+00
-4.699053193561383068e+00
-6.397695970925951769e-01
1.396673950533568132e+00
1.085931009047965290e+01
1.360942227378819780e+01
-1.202434316493236111e+01
-1.632287336600558092e+01
-2.434343878523628746e+01
-2.611727194436946320e+01
-1.538989180664316336e+01
-2.257562951306385912e+01
-9.447579518304451085e+00
1.138445748963590631e+00
1.010808423316694871e+01
1.007848550748519756e+01
1.935102926907586607e+01
1.243943084934591070e+01
7.194082626213059939e+00
4.974408364135342708e+00
-5.516263932348238086e+00
4.513694898356334306e+00
-3.427135274165436840e+00
-6.544957729963584825e+00
6.795594128431446279e+00
5.630732398796283178e+00
1.199798589521236636e+01
1.505434888485137890e+01
9.882224724589093512e+00
9.085202861737911917e+00
-2.683420036693519251e+00
-9.977470076288113887e+00
-1.930007425510626717e+01
-2.968817341649418040e+01
-1.539895133025237328e+01
-1.887521747347710743e+01
-4.507641082930206267e+00
2.158720653617649532e+00
8.753111302702848207e+00
2.115284827483577601e+01
2.551788599342677344e+01
1.297650428272544332e+01
7.269099122837303639e+00
1.289062168217867566e+01
-2.601152430432023266e+00
1.503713681326019014e+00
5.172639791533129028e+00
-1.282176152717443074e+01
-1.443289284549109652e-01
7.053978159754535682e+00
5.546947865283584633e+00
1.187123199598119072e+01
6.863076543817214770e+00
1.695022321942082044e+01
-2.192794929841966223e+00
-1.057676989043096683e+01
-1.636690691510193574e+01
-1.904919583511792780e+01
-2.337539927521288519e+01
-1.421817346538767879e+01
-1.608526967735542712e+00
4.510767218020134806e+00
7.970809860606948405e+00
1.856840336660843604e+01
1.956089667102878593e+01
2.308260502774635370e+01
8.765868662060768202e+00
3.874665404506004052e+00
-1.449141411863308804e+00
-6.460017074501820389e-01
-8.580631428539447825e+00
-1.169785747733112657e+01
8.559774020978920817e-01
-3.931080876600219653e+00
2.819391791395105429e+00
1.964203245971702927e+01
1.424023765735927327e+01
1.242647413401238055e+01
7.543217258961476546e-02
-1.098138101305460168e+01
-2.217451867010100841e+01
-2.796389227973651259e+01
-2.811942040157720157e+01
-1.391362980043101061e+01
-7.671777781563832832e+00
2.894011534568733168e+00
7.163182557805441775e+00
1.819905605621920586e+01
1.180523912459528901e+01
1.510875803773490134e+01
4.497157171831076994e+00
1.270852527485163819e+01
-7.761197045648032145e+00
-9.787594136491804875e+00
-4.918973665592545785e+00
3.328276612627689701e+00
1.273904261041803920e+01
2.965400035202435447e+00
4.727482267130540095e+00
3.409706448306678794e+00
9.571306168055116359e+00
1.482969307539713100e+01
1.573258882116931545e+00
-1.810070817636716356e+01
-2.852690737888354988e+01
-3.238482069972349109e+01
-2.091883866304289086e+01
-1.927570706504718601e+01
1.092405419131239341e+00
-3.762641466876175400e-01
1.001404776043136735e+01
4.131840625495897257e-01
2.460304592641051613e+01
1.513438077204460797e+01
-2.683501294854977459e-01
7.579974016094297440e-01
-3.222874179069435741e+00
-1.511098866783925132e+00
-1.044768229592636999e+01
-1.985858584600521226e+00
-1.984137790388501799e+00
4.252714709867518650e+00
1.855847920294337428e+01
1.374670042483359111e+01
1.553368241692459151e+01
3.746896987307593463e+00
-2.457066802518170334e+00
-7.894793565333543484e+00
-2.044277228644426714e+01
-2.443620506494812616e+01
-2.276166115613938246e+01
-1.172257138941785115e+01
-9.190235152384218509e+00
1.105619114714500029e-01
9.374168168099231480e+00
2.560413456764615603e+01
1.598946233875949474e+01
1.187754904343830731e+01
1.581962800323259444e+01
5.075787372049830992e+00
-1.431131552666158768e+00
4.583190849696904934e+00
3.415964098487620504e-01
5.391576741920857785e+00
1.574400778345705021e+00
1.097687458973911134e+01
1.686602429546223902e+01
1.319643111234046273e+01
2.306449645872169185e+01
1.049516396013422082e+01
8.168477845560289552e+00
-2.564989383688725866e+00
-2.130402144698621214e+01
-2.861414457259712663e+01
-2.793975017784134707e+01
-1.798707163612670001e+01
-5.359278988329947424e-01
4.444377763452621366e+00
3.495730445725428126e+00
2.249463082399239511e+01
2.618150778415440527e+01
1.312718919718133748e+01
1.403048003265075749e+01
4.531308924500365265e+00
-1.169807271955960459e-01
2.319795261350861892e+00
4.252754341882393874e+00
-1.136484494128637834e+00
3.079617516503105890e+00
6.652562512693179997e+00
4.422387651249266582e+00
7.118009748326414865e+00
2.110070627502864227e+01
4.392964692306065899e+00
4.770721966729524866e+00
-7.464459116218449708e+00
-2.117828793826811307e+01
-2.638809188874631673e+01
-2.550001085531800982e+01
-2.189944685380243072e+01
-4.969200460446757006e+00
-5.557155047964613459e+00
1.782617933412325328e+00
1.305346273988851635e+01
2.022496316487405466e+01
2.079367981994897718e+01
1.488831312377573113e+01
-5.966171138419383624e+00
-1.266587556728552499e+00
-6.610275166983683448e-01
-4.832633805161037799e+00
-2.542331945638352408e+00
-9.006900813598804234e+00
-6.089762584905997755e-01
1.236386023880663743e+01
1.410434499849992562e+01
1.986626354948845119e+01
3.817663118704103908e+00
3.371067527175227951e+00
-1.086254985293493291e+01
-2.286154301605034789e+01
-7.734642670718017143e+00
-2.462841248950439876e+01
-1.583580245949832488e+01
-1.325019990476744169e+01
-4.693305064291450890e+00
1.213239694009473624e+00
5.332197616214330083e+00
1.869675202642491740e+01
1.178929198104771103e+01
1.589430138892112154e+01
8.445311562417202822e+00
-1.914457097254228302e+00
-7.018074674057345419e+00
-4.460520358809219488e+00
-7.824451024727466120e+00
-4.032406843881574332e+00
8.618076782710602401e+00
8.529238865555271332e+00
1.294652730740131119e+01
1.381525227295338709e+01
1.811038484858443098e+01
9.925621476007222554e-01
-1.162051137028282710e+01
-2.744891103685307598e+01
-3.820653175659373346e+01
-2.585629339059920540e+01
-2.114240729906020988e+01
-1.119582895345070028e+01
-1.372215401635060061e+00
4.867147410681241126e+00
2.011187419111956842e+01
1.993162334070967745e+01
8.551331228115373051e+00
4.222277130010013479e+00
1.366522398945505756e+00
-5.754328703701503400e+00
4.217951490528548675e-02
-9.155991265211298469e+00
-1.155694729562588918e+01
-3.449067108547865246e+00
5.210600442383338304e+00
1.117652430283442300e+01
1.642748351333693790e+01
1.750730426876975798e+01
1.032421645576965830e+01
-5.560111905756400574e+00
-1.277532160638702408e+01
-2.352118607037851916e+01
-3.434906697187778946e+01
-2.227429271327923743e+01
-1.579581216683226330e+01
-1.351292474883427985e+01
5.465341290244509764e-01
1.561238647211598618e+01
1.936183159415975297e+01
1.536805896560196061e+01
1.945171583210560584e+01
1.122436294615567931e+00
-1.468180091528552111e+00
-6.588188388167054654e+00
-8.542352848803886900e+00
-3.591617832982990421e+00
-3.229660980066682896e+00
5.801214496782449714e+00
5.998280700871418958e-01
8.562913722933046756e+00
1.623839510781505169e+01
1.574995352955914996e+01
6.345068667282532715e+00
2.643735433627171005e+00
-1.106595174753726951e+01
-2.564856692074971534e+01
-2.704330977578473494e+01
-2.682568948393105757e+01
-2.122540224039835266e+01
-2.594077439730483547e+00
4.936156152399064467e+00
8.213131770164238787e+00
1.554525924968737627e+01
2.092082022743045400e+01
1.921033318168747428e+01
1.122881111038572044e+01
-2.990888817764016494e+00
-3.425614385543781282e+00
7.852657072089414214e+00
-1.124589767801018070e+01
5.183403995881690207e-01
-5.530516795322910184e+00
3.715787272292914167e+00
1.475696855023295484e+01
1.649162417568896899e+01
1.439446027645141157e+01
3.201613318519150653e+00
7.129146324471264506e+00
-1.615351135404773686e+01
-1.817680908460044975e+01
-2.425294836237560503e+01
-3.547061571450041129e+01
-1.986638858539771491e+01
-5.907222694833137666e+00
-4.529719937968934573e-01
9.122030941463151521e+00
8.504018716732048233e+00
2.024894812793820620e+01
1.177663102743184709e+01
2.678938455464731305e+00
1.741217769542458882e+00
-2.136443343880955581e+00
1.021528868775760657e+00
-1.750324914777991125e+00
4.514784350468517005e-01
-5.073913628804916698e+00
5.201051275688712394e+00
1.077627180073807267e+01
1.461426428160854130e+01
8.798926393261524481e+00
5.990040137142898402e+00
3.579229003255818498e+00
-7.332465076841003793e+00
-2.472555685495495936e+01
-2.235191410386647703e+01
-2.674184873246309735e+01
-2.817019755327584107e+01
-2.784059189044739924e+00
-5.504242805750834577e+00
8.807925232611751198e+00
1.502832383988499032e+01
1.179021242291929639e+01
1.411227834562885164e+01
-2.425233973699391754e+00
8.680147894609660852e+00
-8.919616040569678717e+00
3.895690572027206144e-01
3.620823964029113995e-01
-1.907223061845684242e+00
-2.906500881761871824e+00
8.550518024614461865e+00
1.090325421416105200e+01
1.088314671628802444e+01
1.351342294072543382e+01
4.105112580453351256e+00
-3.042871028794593258e+00
-1.378149049711282714e+01
-1.939289418789292085e+01
-2.369325674831685546e+01
-2.383083949970284721e+01
-1.161364547052130547e+01
-9.674525433281814912e+00
-1.066801689695580535e+00
1.420809236994671210e+00
1.116289162452403616e+01
1.883572849704262353e+01
1.148424720024206636e+01
1.041508937706254301e+01
7.653880849254960594e+00
-2.783200050250968616e+00
9.654992198594527508e-01
-1.830631771254070372e+01
-7.695729460492259477e+00
3.756071118471652426e+00
-5.685831587532220510e+00
4.404425245039533365e+00
1.486351518736819344e+01
1.542688771070612574e+01
1.102080981392253989e+01
-9.527011545898631084e+00
-1.118667421765621839e+01
-2.030267534329141199e+01
-2.752310283571750915e+01
-2.259511686106623074e+01
-1.842101760750921358e+01
-9.541013131927854829e+00
-5.234268267988795742e+00
-4.644335843855174062e-01
1.585810263981204571e+01
2.066932700948416368e+01
1.352925054528071769e+01
1.296830182909764062e+01
-1.229002825809516253e+00
2.755964625959450132e+00
-4.139601953543262880e+00
-7.824370002579030370e+00
-6.675064586578798753e+00
-6.250331668510455074e+00
7.468849731151578908e+00
9.615754371443301807e+00
1.869184531758207868e+00
1.545647438254826511e+01
-2.906236665040069056e+00
-1.963934182073330703e+00
-6.596614349731964921e+00
-1.284778779531001192e+01
-1.782689025184862430e+01
-1.955043599066812021e+01
-9.351701582222347042e+00
5.573781562766441766e+00
1.088534709705658088e+01
3.881784702120114616e+00
1.544514706663136394e+01
1.572823641399838834e+01
1.726016672246908001e+01
1.773361366100868963e+01
8.786014543507576491e+00
4.132161827325148806e+00
2.963343415152962734e+00
-3.801073069177448360e+00
2.608120966509545724e+00
-7.387456978515274386e-01
5.696005024041141951e-01
1.471518825951852705e+01
2.615686814019409212e+01
8.866694346136625882e+00
6.111757452479423591e+00
2.028564995130750503e-01
-9.941561302986201554e+00
-2.633109489050616503e+01
-2.902865408026059413e+01
-3.391952783840844177e+01
-2.593261463817009371e+01
-1.041910892179834036e+01
5.724738192964593964e+00
5.267907609427027182e+00
1.224688311994361811e+01
1.055894646787265856e+01
1.645678482954679112e+01
-1.126426357498758080e+00
3.268780688467757045e+00
4.593419489876282569e-01
-8.833361389401943597e-01
-8.307949699434971080e+00
-3.442508107887420010e+00
-9.164130832643820668e+00
-2.292300506800017956e+00
1.510964670043455271e+01
2.506614670080011820e+01
1.403221430066349740e+01
1.801862848293660591e+01
-3.758435702740882789e+00
-3.646695664488106559e-01
-1.914807715028922530e+01
-2.634455764180444248e+01
-2.202346513319150745e+01
-1.945995071382975539e+01
3.336993799742344891e-01
8.251244127044117249e+00
8.739519075902762779e+00
1.311719222722024369e+01
2.437520502488052898e+01
2.233363774226211262e+01
1.213557091947711797e+01
5.718797072934137304e+00
5.584452244019644240e+00
1.107583532082003330e+00
-1.180873628540382470e+01
9.832811586545631144e-02
1.236756133209951258e+01
-5.803781931137166339e+00
8.016170045803391986e+00
1.628645008310104458e+01
1.445274701712673959e+01
9.607318162125920935e+00
4.263115434734004339e+00
-1.248322698066471048e+01
-2.580085174594927366e+01
-3.168074414070383682e+01
-3.391292218708770179e+01
-1.866157147720372222e+01
-1.722935475072358713e+01
-9.262895637782605718e+00
8.448843411666871361e+00
9.874872519692189599e+00
8.400882163328788010e+00
9.570182892944899322e+00
-6.686053948692858739e+00
-3.194661274986515309e+00
-5.877950687541328989e+00
-8.782892296140687449e+00
-7.853797605391434900e+00
-1.574718671947340454e+01
-4.950011979378189153e+00
-1.663651906594452612e+00
6.756488813644182301e+00
7.855005035099566157e+00
8.388017321745508070e+00
1.492989685150462265e+01
-2.859870684574730149e+00
-1.261640643818770968e+01
-1.982312049640302121e+01
-1.323856872561128739e+01
-2.691342023217691803e+01
-2.232419188615261874e+01
-7.693387860063182870e+00
5.342285277503833640e+00
1.571120869587895186e+01
1.946356095767089300e+01
3.235745825547343202e+01
1.072743616231679198e+01
4.181640247965560775e+00
7.658296408461126248e+00
7.403880922837970502e+00
4.470422146347857506e+00
-3.885037122280721178e+00
3.915428411265395425e+00
9.874640847048283376e+00
3.940410121957256706e+00
2.146847122425276666e+01
2.386809628282662743e+01
2.163607554443569825e+01
2.294622671636750511e+01
1.020820354756551751e+00
-5.690173798382431869e+00
-1.521505381323271422e+01
-2.889962610415756217e+01
-1.954743246744197904e+01
-5.683434373945715379e+00
1.000801462678566622e+00
7.851082289423288785e+00
9.190689563239061499e+00
1.939010878476011612e+01
1.470387124807092505e+01
5.492839839107716671e+00
-5.964087456368929452e-01
3.053261137658068947e+00
3.200643922606786873e+00
-3.377938422709974020e+00
-5.714296043178251239e+00
-1.098704153492599289e+01
5.666602418796230722e+00
3.310675823066389967e+00
1.558132557555347830e+01
2.150873256520753785e+01
1.775368460664071790e+01
1.244600573828239476e+01
-9.427018401635734790e+00
-6.184511383761503112e+00
-2.951854624741145017e+01
-2.433337799158897496e+01
-2.810315291805670768e+01
-1.986266194355323478e+01
-1.529579334158125903e+01
5.930434096243686781e+00
1.368373407524609320e+01
1.430364549801890917e+01
1.873526801615946624e+01
1.533971794233269748e+01
1.034555601718716389e+01
1.420184632261168645e+00
5.695169966612752432e+00
-3.856346473764176608e+00
-8.601997696595049092e+00
-2.130784862383279687e+00
2.223985546962353510e+00
4.156309310458425443e+00
1.366152845006490679e+01
9.628541180442027780e+00
9.789032345573616567e+00
1.518859488430098281e+01
3.165085053828875061e+00
-2.200992761251308139e+01
-1.794428510742108074e+01
-2.597455241279749316e+01
-3.451913998747636469e+01
-1.396035474161431011e+01
-8.199173818562371707e+00
-1.969402458900049169e-02
2.998658635341826084e+00
1.329697620484569143e+01
2.067849820571541386e+01
1.857232778337703394e+01
-1.095089004686315093e+00
1.080304425463481266e+01
-3.450340372265259248e+00
7.123883532082118109e+00
-4.092484348007815242e+00
-7.828297000685779494e+00
4.200194232506021308e+00
4.603677668985085347e+00
1.263601118450054628e+01
2.061360782674034908e+01
1.893249821197031224e+01
1.378715382664501021e+01
2.405132237948407692e+00
-1.348817536212254709e+01
-2.074102364009712574e+01
-2.307000444986886123e+01
-2.354540404590818525e+01
-1.291428525871907596e+01
-1.092646432819776692e+01
1.007266168738442502e+01
3.290694044902863880e+00
1.690592115907833204e+01
1.881070244337394115e+01
1.759587498997217381e+01
2.493484065198038024e+01
1.474907869135472538e+01
-1.529522070598829941e+00
-5.840379237529589318e+00
-1.350557898363956610e+01
-1.389589584395520205e+01
-5.009337461896905097e+00
1.076613040872587135e+00
9.995016874670227480e+00
1.466161007820159057e+01
1.811828181433548934e+01
5.786104978783100705e+00
1.120285690671704515e+01
-1.981317465118246446e+01
-1.301070324421317537e+01
-3.434787204141724715e+01
-2.023370644958447429e+01
-1.525973163454881387e+01
-5.976049150765220475e+00
-6.858455611758756731e+00
1.221443613717354992e+01
8.944660683877202700e+00
1.996931523581463352e+01
2.528846784109697410e+01
1.817740410935857653e+01
3.349057960056370575e+00
1.373453522965456841e+01
-6.507635230183836939e-01
-1.876250237307601765e+00
-5.274143942853356748e+00
-6.685933503192927674e+00
7.823360989832735868e+00
8.065422421353957816e+00
2.094438959829233227e+01
2.349604259471101386e+01
1.235475099690364686e+01
-4.585978222781420754e+00
-3.651085569075064541e+00
-2.355491022148464708e+01
-2.499611893307337596e+01
-2.797827135613221117e+01
-1.106036162141134582e+01
-1.136540000095453706e+01
3.129370476900248832e+00
8.110107715697438380e+00
1.289309695319735738e+01
2.869308751960846848e+01
1.175727051491725206e+01
9.211697747721416363e+00
9.984652660153130910e+00
6.937424724602010428e+00
5.563470974894016763e+00
-1.294035482057466879e+01
3.793412952183189191e+00
2.193518867079546908e-01
6.034589119845406913e+00
1.846589547322696490e+01
1.034457412425979328e+01
1.317489080836924131e+01
1.176579798003882615e+01
2.739907947309006886e+00
-1.322542334273992992e+01
-1.908401774934691275e+01
-3.046879123307638793e+01
-2.364836412064335036e+01
-1.438872353801889403e+01
-1.430973723337672254e+01
6.362517259106709844e+00
6.064635282276867656e+00
1.089173812907370120e+01
1.413786123005286299e+01
1.539839943323511307e+01
2.195578166465213599e+01
7.062811323111475303e+00
9.905634460013175158e-01
-2.526598291300274468e+00
-1.060457880260247521e+01
-1.379391411180159821e+01
1.759788021835674954e+00
9.003356339484355431e+00
2.134656679044866223e+01
1.260450397512988729e+01
1.679404575889401485e+01
1.337468550211650609e+01
-4.124966215296240080e+00
-9.309788069194610216e+00
-2.764118863658706005e+01
-3.839396912232996328e+01
-2.529638108079632275e+01
-2.436583397364688608e+01
-1.169221350063673981e+01
-3.434124113415009560e+00
9.854468483415814717e+00
1.343748000854452584e+01
1.552199845603826134e+01
1.333051547736658904e+01
4.468761288610778593e+00
1.354691062469845519e+01
-6.363673691810163291e-01
2.876446273773240137e+00
-7.164878040199198495e+00
6.619251363783291708e-01
-4.994638114373060489e+00
1.323457295166895165e+01
6.901301590311618384e+00
2.206525534149972145e+01
8.909907924495996667e+00
5.568883028371942601e+00
-2.500837215779654343e+00
-1.774869412828559234e+01
-1.891796909949999872e+01
-3.489022499925863485e+01
-2.304191982976794861e+01
-3.172305613260766677e+01
-1.050074600889843168e+01
-8.197581362484072542e+00
1.243743243690937561e+01
1.921198951511274799e+01
1.600048293989891590e+01
1.231216476537395010e+01
5.824197151117402882e+00
7.785513064295685126e+00
3.365917700277805125e-01
-3.241488110864224836e+00
-5.359766825108408739e+00
-5.646704889455577359e+00
-3.870914459951961817e+00
5.978554392295222897e+00
1.506340040767940991e+01
1.562929318432634318e+01
1.442449388572163116e+01
3.761906590455510013e+00
-5.754227559291621219e+00
-1.496763209018308771e+01
-2.424673186647174816e+01
-2.732713372032691268e+01
-2.721129001340909781e+01
-2.328992315257460177e+01
-1.824130746909230538e+01
1.283174459103463505e+00
-4.961912053347532492e-01
1.925996496110201406e+01
1.766983320345423181e+01
1.533430312436115628e+01
9.876457622477516907e+00
-7.024609263561387706e-01
1.619104968768510844e+00
4.964321626584364822e+00
-7.249933393525736847e+00
-5.544008899278708213e+00
-3.008828116602330738e+00
3.787712092030346867e+00
1.696561569298677341e+01
1.423360529333297109e+01
1.141894300981431343e+01
6.222181194888889877e+00
-5.571547439567211768e+00
-9.373787399185403046e+00
-2.333481775644122536e+01
-2.620222675162870019e+01
-2.562116190972096774e+01
-2.716064849211579713e+01
-7.820090671077650768e+00
7.599189578229470499e-03
7.385169353013168347e+00
9.796202982188276565e+00
2.409353580694988750e+01
1.632127366919502265e+01
2.901237466575082635e+00
-2.507179852838248735e+00
2.530079184680062099e+00
-8.145152192884609121e+00
-1.301626835870337118e+01
-6.814007212968988370e+00
-2.250567083942598856e+00
3.751568199373025436e+00
9.730680799567437589e+00
1.580039855412712768e+01
1.049968811491788756e+01
4.131284174693234945e+00
-3.528870526083608183e+00
-2.552964458684289184e+01
-1.650717327741875806e+01
-3.172068628063988172e+01
-2.709880502933430080e+01
-2.152879766688465679e+01
-1.797247127075848994e+01
-7.429414134786611612e+00
7.403288067293431141e+00
1.853820179295371418e+01
2.112394324812083823e+01
1.558955097112146859e+01
7.385203182604413996e+00
-1.275880738979253692e-01
-1.169375792911296230e+00
-5.376071601776800435e+00
-1.273187849642454239e+01
-3.794148079728756784e+00
-1.265570436927953324e+01
1.120570219710054971e+01
9.396058128377433150e+00
1.646221976393434261e+01
9.645140563997870231e+00
2.305394499397050367e+01
-1.263220060998111194e+01
-6.904661356975111630e+00
-2.143193695410877808e+01
-2.611493848643783622e+01
-1.440576651236085581e+01
-2.167080570051399491e+01
-1.006381739333193082e+01
7.772707219745882412e+00
6.473421664281318044e+00
1.603567884225105900e+01
1.829121153802628896e+01
1.704771200331595082e+01
4.205851804429926233e+00
5.538429083916696527e+00
-3.482294937786377886e+00
-3.702646237893134185e+00
-7.179317657214198789e+00
-5.593698167055094927e+00
6.095476264107446696e-02
5.367209927253270507e+00
1.518638255761425171e+01
1.273195369723327985e+01
2.824230723266828136e+01
4.328319700589588592e+00
-1.383078995795364108e+01
-1.028316659584197623e+01
-1.733288125692342874e+01
-3.837900489738376564e+01
-1.551469120199288909e+01
-2.440417689930069400e+01
-1.824181962928150824e-01
9.513433667503932156e-01
7.991291796075358889e+00
1.456268385826098211e+01
2.445431609560279185e+01
1.369519888323179657e+01
9.331111635438503527e+00
-1.055899742691593701e+01
-5.886762040813096064e+00
-7.263728324019780302e+00
-7.969631497891043637e+00
4.466141709067244392e+00
7.361511905623672192e+00
6.623521132249891252e+00
1.383666565156192974e+01
1.538781216727352330e+01
1.620031948217155104e+01
1.452261372596603906e+01
2.740964145722557532e+00
-1.114052474575879614e+01
-1.597709572128974287e+01
-2.222341979182704108e+01
-1.930633987144648245e+01
-9.627748332396890873e+00
-1.248729038831879734e+01
1.006376793073616227e+01
9.004463589935767232e+00
1.677548981846359766e+01
2.176447862752161200e+01
1.883159014788793684e+01
1.350007702055722802e+01
4.938366301527310043e+00
4.451267674202540547e+00
-1.031183273141908785e+01
-5.030559340593242723e+00
-1.831109054787248169e+00
-6.181267915507078214e-01
9.071790607627804093e+00
1.432289763226202695e+01
3.195063231868357434e+01
1.211515894964020390e+01
6.995346016044095450e+00
2.682840359054978308e+00
-8.998503254388026562e+00
-1.433404525139479802e+01
-2.175681591690846517e+01
-2.574604611106758512e+01
-1.405541927992777573e+01
-4.729917178985658666e+00
5.698417054977937823e+00
1.039938445841357861e+01
2.143578313533146229e+01
1.748905698268976039e+01
1.753176521667239740e+01
6.321357179656388325e+00
5.514046196050912840e+00
5.355801929879930867e+00
-2.149387220789378716e+00
-5.232277771187682447e+00
-4.452765646154546175e+00
1.756530240467952808e+00
1.483685027326049521e+01
1.822192540917905035e+01
2.419703092221533325e+01
1.990428720166369203e+01
9.700420837463354928e+00
-1.223895377811118124e+00
-1.917866725284562790e+01
-1.048445819546827806e+01
-2.658740034515233219e+01
-3.203654845229641523e+01
-1.758227804466639554e+01
-1.489402528436482953e+01
8.225036558425813382e-01
3.978451974054280527e+00
1.518612068209228028e+01
2.395603065103728113e+01
1.306137194715489613e+01
1.058698356024598297e+01
-3.117114694600445546e+00
4.182181391513495328e-03
-7.979390341978046308e+00
-3.406625420113186919e+00
-5.182667501901050855e+00
-9.039150725326294378e+00
8.402005116528528106e+00
1.095510186023750521e+01
2.140369770441139963e+01
3.214916078974965785e+00
1.161295288296344097e+01
-1.972201375254201139e+00
-1.547082778303558825e+01
-1.607523361507975324e+01
-2.321362566876194933e+01
-2.060566001022164073e+01
-3.175560513783545957e+01
-1.564289745729354308e+00
2.133380172979855161e+00
6.462241405277325157e+00
1.751961491562730089e+01
1.529937054571433919e+01
1.966681148491255726e+01
2.161223493895590764e+00
1.486433664940591370e+00
3.085806801965702562e+00
-4.321211937627538191e+00
-1.392426532805887973e+01
-2.856681078533597429e+00
1.000796032677720859e+01
7.658276824773963654e+00
1.342885299288536771e+01
2.140576097953834278e+01
1.236997553522837734e+01
4.088930556724164944e+00
-8.958405268497301677e+00
-8.681780524038003932e+00
-1.768987438452074912e+01
-2.097941432552875085e+01
-2.701575924245406668e+01
