1.576227419999999881e+02
1.576484823713771561e+02
1.575942570319536742e+02
1.576347173934141495e+02
1.575857977772581648e+02
1.575763890268028433e+02
1.575995225791571102e+02
1.575508734077750717e+02
1.575588041553891117e+02
1.575758666088284485e+02
1.575772683668739376e+02
1.575956137953713494e+02
1.576036101048152318e+02
1.575430911396992713e+02
1.575705067393677155e+02
1.575819333204692612e+02
1.576125674602538425e+02
1.576109286941082530e+02
1.575695630001686425e+02
1.575181702685788707e+02
1.574861301545755907e+02
1.573395518561994777e+02
1.573255836664972094e+02
1.573524893743794735e+02
1.574785776714655583e+02
1.573690714927356851e+02
1.573478708543715925e+02
1.573670741900214693e+02
1.573365960671650043e+02
1.572858260317336487e+02
1.572601800780903716e+02
1.572610252112212663e+02
1.572999214421861609e+02
1.572556354413828501e+02
1.572470260530283781e+02
1.572547760799924674e+02
1.572549454505279982e+02
1.571669110006458538e+02
1.573008126869322894e+02
1.573007415314337720e+02
1.573014911478281874e+02
1.573614401660540807e+02
1.572930595109547482e+02
1.572818572794247416e+02
1.573453473925475237e+02
1.573777075548359505e+02
1.573758683803974918e+02
1.573430484495087285e+02
1.573498176075489994e+02
1.573774373282973045e+02
1.573763681019241290e+02
1.573331730873508718e+02
1.573684065630882287e+02
1.573283548675314307e+02
1.573244120387445832e+02
1.573634118160590845e+02
1.573127273050633335e+02
1.573466239131858515e+02
1.573409014188142407e+02
1.573205439548757738e+02
1.573282290583390477e+02
1.573023887026089938e+02
1.573021575498761990e+02
1.573348437124533632e+02
1.573608316750002700e+02
1.573491840018560879e+02
1.572696430997406765e+02
1.572943811448005249e+02
1.572175279715870033e+02
1.571544962759968769e+02
1.572182370597061265e+02
1.572266984548556081e+02
1.572423693730724210e+02
1.571841270487776967e+02
1.571836616314157595e+02
1.572026627538719197e+02
1.572255016347382082e+02
1.571743074004382663e+02
1.570914161642144506e+02
1.571391219350573749e+02
1.571606537484125283e+02
1.571751237791733047e+02
1.571753445547926162e+02
1.572350942196543997e+02
1.572627197027063062e+02
1.572251231957400250e+02
1.572309613001365847e+02
1.571532552718014983e+02
1.571468603713757943e+02
1.571406523678540736e+02
1.571484132392070308e+02
1.570966892641580728e+02
1.570071111619988358e+02
1.569971460956420799e+02
1.570494396771341030e+02
1.570945907640584664e+02
1.570682524406101663e+02
1.570660403512310666e+02
1.570499893176262844e+02
1.570149422701797448e+02
1.569656361326368597e+02
1.570102235417352006e+02
1.569710571951488589e+02
1.569779462627408861e+02
1.570277575590765480e+02
1.569872157478892234e+02
1.570268116239107599e+02
1.570238264333556515e+02
1.569665440171802402e+02
1.569642565009637565e+02
1.570026800195770420e+02
1.569848076498099374e+02
1.569587369145102116e+02
1.569799510588841827e+02
1.569739394106172483e+02
1.569607645601043373e+02
1.569124773529630943e+02
1.569026146786536344e+02
1.569096237344393785e+02
1.569744303787071544e+02
1.569653873404225237e+02
1.569524595791127695e+02
1.569321110391180696e+02
1.568318012499725569e+02
1.569033742095019193e+02
1.567955691102259550e+02
1.568640566639276130e+02
1.568432861140917964e+02
1.569039194762332556e+02
1.569427326318602240e+02
1.569413506068558490e+02
1.568957141797428960e+02
1.569200541466446737e+02
1.568755464739235492e+02
1.568816832759305555e+02
1.568596599120385235e+02
1.568277421943846264e+02
1.568316073842564720e+02
1.568216840499293596e+02
1.567622377693248268e+02
1.568018588820115156e+02
1.567660548793598423e+02
1.567938436086436411e+02
1.568559535639782609e+02
1.568275605534362853e+02
1.568253848398353227e+02
1.567981677666443829e+02
1.567860284331044909e+02
1.568120036708700979e+02
1.567831505759220363e+02
1.567644767966742734e+02
1.567566463057085571e+02
1.568078112840051972e+02
1.567818679923572347e+02
1.568220687933123827e+02
1.568400216760124977e+02
1.568095102761776332e+02
1.567802087091012311e+02
1.567502552661739514e+02
1.567539763610867567e+02
1.567325211446646165e+02
1.568007358059169576e+02
1.567458877677874796e+02
1.567466275745668440e+02
1.566907258348666119e+02
1.566880636962787321e+02
1.567156159693044231e+02
1.567373657509184568e+02
1.567014064359594556e+02
1.566871412945894235e+02
1.567148243478379470e+02
1.566704151086920263e+02
1.566262387045392188e+02
1.566748864893193058e+02
1.566455332187024112e+02
1.567041457950030008e+02
1.567674988028370535e+02
1.567153418170616135e+02
1.567791431841999668e+02
1.567304358782992892e+02
1.566383535826803381e+02
1.566503982107761885e+02
1.566017899692295146e+02
1.566551495126945781e+02
1.566422994184600270e+02
1.566034616241441597e+02
1.565918357301247568e+02
1.566019893312805209e+02
1.565965514638444347e+02
1.565674958134954977e+02
1.566033348538973087e+02
1.565935188663114843e+02
1.565919449096626010e+02
1.566738152619126367e+02
1.565670321658110993e+02
1.565652159593427086e+02
1.565701864917061812e+02
1.565493558127739675e+02
1.565274316940371193e+02
1.565793109857638967e+02
1.565987044692599000e+02
1.565729339115461300e+02
1.565647339902491524e+02
1.565501904632831440e+02
1.565677121914226575e+02
1.565143956795479596e+02
1.565234062418157635e+02
1.564659421876775127e+02
1.565033467756157677e+02
1.564724109156703662e+02
1.565247040305479231e+02
1.564604968815978054e+02
1.564138404193376743e+02
1.563897391019801262e+02
1.564578054605314890e+02
1.563733583744589453e+02
1.564798359883856449e+02
1.564702070563876077e+02
1.564684718945407269e+02
1.564415746153107136e+02
1.564113329509101789e+02
1.563665533058305925e+02
1.564285903050918591e+02
1.564077384224164291e+02
1.563997640588855518e+02
1.564071298498069780e+02
1.564084000614918182e+02
1.563957764168315521e+02
1.563153022500385987e+02
1.563580205076353309e+02
1.563684558450009092e+02
1.563130784417931807e+02
1.563383211587457993e+02
1.562804963924079402e+02
1.562150466475927431e+02
1.562549423529840453e+02
1.562408695834154173e+02
1.562354839075199493e+02
1.562634492279451308e+02
1.562885931523591410e+02
1.562977037772714368e+02
1.562969341298218353e+02
1.562475963852038205e+02
1.562225044184500007e+02
1.562222945059611163e+02
1.562494921134965011e+02
1.562483036004296935e+02
1.562491503192188418e+02
1.562504754070845081e+02
1.563012124931536277e+02
1.562188439900703543e+02
1.562225099501008572e+02
1.561975760211370243e+02
1.561745797177622990e+02
1.561625197863357926e+02
1.560700185722163553e+02
1.561420491631974130e+02
1.560862767683644847e+02
1.560703721970593563e+02
1.560725088713487594e+02
1.560944539155600523e+02
1.559994211703297822e+02
1.560070443331267427e+02
1.560457695097567523e+02
1.560542736924022620e+02
1.560664485160558286e+02
1.561207847258557138e+02
1.560096630503368260e+02
1.560666315150818662e+02
1.560361984830564666e+02
1.559698401191785138e+02
1.560458407823009850e+02
1.561070937014398794e+02
1.560610063876480922e+02
1.560604926022630252e+02
1.559795603941644515e+02
1.560408346360715086e+02
1.559676320187603551e+02
1.559850543587918708e+02
1.559948121077539156e+02
1.560166457724332645e+02
1.560194439010435019e+02
1.560211807925310836e+02
1.559540059675803150e+02
1.559653927756808969e+02
1.559315121865301137e+02
1.558944242813431060e+02
1.559226603302526826e+02
1.559305474075625000e+02
1.559339198512753626e+02
1.559473653846707180e+02
1.559314790693864552e+02
1.559600178785056244e+02
1.559804916400153729e+02
1.559743458193845527e+02
1.558731824625156719e+02
1.559053136787810843e+02
1.559453946062528189e+02
1.559112298787458997e+02
1.558847527196535907e+02
1.559288805614670252e+02
1.559003536783009167e+02
1.558932474102651611e+02
1.558772178759763563e+02
1.558528048483465511e+02
1.558596536422774648e+02
1.558653111584504245e+02
1.557907774347792156e+02
1.557599297200032709e+02
1.557348656006758176e+02
1.557876237064668317e+02
1.558227433849545207e+02
1.558817004876175076e+02
1.558529153023941376e+02
1.558595184834600218e+02
1.558734205792665932e+02
1.558261043119086366e+02
1.558286999610726582e+02
1.558562913471687637e+02
1.558009973221681435e+02
1.558677922772214117e+02
1.558603416900792240e+02
1.558357535760169981e+02
1.558559772532871364e+02
1.557975857161565045e+02
1.558338573705176202e+02
1.558237678779572377e+02
1.558336926685388448e+02
1.558159154556910835e+02
1.558683856440570423e+02
1.557807666461783640e+02
1.557102106625431759e+02
1.555927832755707527e+02
1.558013877534689016e+02
1.558064714162463531e+02
1.557330921039815053e+02
1.557893583453107453e+02
1.557525179685029855e+02
1.557224103064230007e+02
1.557238195128276459e+02
1.557223017920406960e+02
1.555480497061393805e+02
1.556051700814610115e+02
1.557214173133615134e+02
1.557474514725967936e+02
1.556741209882274859e+02
1.557606348962873426e+02
1.557351657421163509e+02
1.556248666659401465e+02
1.556142447447738277e+02
1.556551757758177530e+02
1.555671074780685501e+02
1.555478643996634389e+02
1.555237407216683607e+02
1.554955606447172727e+02
1.554461966696712523e+02
1.554813027424678182e+02
1.555458053023222078e+02
1.555390824736355171e+02
1.555692294805393203e+02
1.554386717313386725e+02
1.555149752701134673e+02
1.554671193187879510e+02
1.554555138981726827e+02
1.554118916835344635e+02
1.554652089556150258e+02
1.554507048119543526e+02
1.554996094233557926e+02
1.555113727137270700e+02
1.555834792460784968e+02
1.555640401388550913e+02
1.555454738919685269e+02
1.554256785824397582e+02
1.553743562741586572e+02
1.554043830067761292e+02
1.553574238718724416e+02
1.554606261280674175e+02
1.553941743978738828e+02
1.553721765932144763e+02
1.553315996260686802e+02
1.552584174804104293e+02
1.552538584157632044e+02
1.553379119280934049e+02
1.553512703042844976e+02
1.553397905778784320e+02
1.553316730118437192e+02
1.553546050699109173e+02
1.552732783447008273e+02
1.552637142717225345e+02
1.552267375380403109e+02
1.552714955091116451e+02
1.552575281867854073e+02
1.553271902137184384e+02
1.553021584724627360e+02
1.553731670063459092e+02
1.552579726276051133e+02
1.552519658014317656e+02
1.551748549675540119e+02
1.551501074687419646e+02
1.551389908899494969e+02
1.551714597630900982e+02
1.551324189996631446e+02
1.551100015342874485e+02
1.550708200743204657e+02
1.550245350359063536e+02
1.550825704645945393e+02
1.551175699766198761e+02
1.550725673824911723e+02
1.551182327178122478e+02
1.550846742446395012e+02
1.551050595834681474e+02
1.550258848343537466e+02
1.550836871179914453e+02
1.550276788802157739e+02
1.550807769462717829e+02
1.550659260378682802e+02
1.551003391969881875e+02
1.550521332280111153e+02
1.550583831077082664e+02
1.550970283666729870e+02
1.550239706836718767e+02
1.550465103141853547e+02
1.550704290250485542e+02
1.550132585526008029e+02
1.549756406280995122e+02
1.550389227839017110e+02
1.550201766863582407e+02
1.550277034783390491e+02
1.549805163214068671e+02
1.549674742754934584e+02
1.549051529304429948e+02
1.549265719440964801e+02
1.549484530773037534e+02
1.549157003641332437e+02
1.549053077830075154e+02
1.549423633908514546e+02
1.549709056622447179e+02
1.549685887536366522e+02
1.549678088515982495e+02
1.549449868270770594e+02
1.549031106373215891e+02
1.549332696501350313e+02
1.549216252371745384e+02
1.548824045362873676e+02
1.548936728196058255e+02
1.549585883705705953e+02
1.548536734089287279e+02
1.548806987455592434e+02
1.548864679683418615e+02
1.548579602461566367e+02
1.548955382778211174e+02
1.547954349240233682e+02
1.548435867320986574e+02
1.547837573523562185e+02
1.548045232406966250e+02
1.548558802236889278e+02
1.548768662503873372e+02
1.547954809181877636e+02
1.547563169061381245e+02
1.547300079575018401e+02
1.547530572351975877e+02
1.547388810564504809e+02
1.547568471807892081e+02
1.547834928225896363e+02
1.547672528105765650e+02
1.548252682463630663e+02
1.548048794973029487e+02
1.547561430639390778e+02
1.547299429584832069e+02
1.547344547398422208e+02
1.547111492139592883e+02
1.547110410729425780e+02
1.546924748773286638e+02
1.546593780026474292e+02
1.546839946156199517e+02
1.546332759344902286e+02
1.546445221194965711e+02
1.546510469183759824e+02
1.546197758609686446e+02
1.546569776781958296e+02
1.546825418104930350e+02
1.546504225221996478e+02
1.546363191209080981e+02
1.546202349550170823e+02
1.545402448437918963e+02
1.546078297815459734e+02
1.546028634007926996e+02
1.546117705934051401e+02
1.546603509373014447e+02
1.546497501721330821e+02
1.546553305939977179e+02
1.546157432814954120e+02
1.546066602278831397e+02
1.545896051496999632e+02
1.545847265447079621e+02
1.544847032326053125e+02
1.544917185380575120e+02
1.544868917898564575e+02
1.544950873772787077e+02
1.544057019277401821e+02
1.544232462390331193e+02
1.544839423118715445e+02
1.544888135978931700e+02
1.545191045687111000e+02
1.545314083369222828e+02
1.545089172427301207e+02
1.544555830534639256e+02
1.544483713560686908e+02
1.544095530787781456e+02
1.543950602382885791e+02
1.544560383189249819e+02
1.544767677817369815e+02
1.544900981075700201e+02
1.544434378321423367e+02
1.544656574046959179e+02
1.544681009556886409e+02
1.544122961265317144e+02
1.543880563321904731e+02
1.544054437327510811e+02
1.543454527206220064e+02
1.543577919214818905e+02
1.543468888014764104e+02
1.543728344732571998e+02
1.543158508066497347e+02
1.543373557219681231e+02
1.543264517135584128e+02
1.543167409962686065e+02
1.543408240934020057e+02
1.543617303399766740e+02
1.543059933301132389e+02
1.543075341471707986e+02
1.543081794506082929e+02
1.543175078308479442e+02
1.542704073783322087e+02
1.542231157005455202e+02
1.543291963756911400e+02
1.542791001459967219e+02
1.542527804105440055e+02
1.542678676344492317e+02
1.542165811068930452e+02
1.543231966716359693e+02
1.543112466989418010e+02
1.542202938936100338e+02
1.542221140824467511e+02
1.542227514185935888e+02
1.542132395298893073e+02
1.541900649838210313e+02
1.541813966801806544e+02
1.541449147349371458e+02
1.541311961017686940e+02
1.541539601750615986e+02
1.541901073945076348e+02
1.542372151760148142e+02
1.541563631212618759e+02
1.541375393162006446e+02
1.541404895401354054e+02
1.541584954563761301e+02
1.540916580432590592e+02
1.541504061425451937e+02
1.540686797670876729e+02
1.542055951685521222e+02
1.541967710579068012e+02
1.541539280861755401e+02
1.540683353521242225e+02
1.541937459813157147e+02
1.541293373800819211e+02
1.541220716576089274e+02
1.541411977279763050e+02
1.541011010752247898e+02
1.541017470786499644e+02
1.540310633002407315e+02
1.539804765146974717e+02
1.540043256102674718e+02
1.540272572715360297e+02
1.540815550103198746e+02
1.540362109428142503e+02
1.540499387364411348e+02
1.540551323207311611e+02
1.540260557999034461e+02
1.539557427916421659e+02
1.539415205363972632e+02
1.539771728482780588e+02
1.539876424493490674e+02
1.539903799644353626e+02
1.539981687917809552e+02
1.540016521993217964e+02
1.540282091629180456e+02
1.540378299610657109e+02
1.540458574411373434e+02
1.539821473859898617e+02
1.539141222786313676e+02
1.539191792755144661e+02
1.539387906101093790e+02
1.539564256244376850e+02
1.539265392195577817e+02
1.539415879607784916e+02
1.538094634814655990e+02
1.538956023394410693e+02
1.539033504623624822e+02
1.538887667198553117e+02
1.539362934847420661e+02
1.538725344954366676e+02
1.538737251006382678e+02
1.538403356292546107e+02
1.538577181390600117e+02
1.538709899231316456e+02
1.538229636338797945e+02
1.538296269905366955e+02
1.538361970264344905e+02
1.538493871010481655e+02
1.538013535546512855e+02
1.538438143921050596e+02
1.538205162873341294e+02
1.538108474594760651e+02
1.538219468907295209e+02
1.537765252900683492e+02
1.538110443222532808e+02
1.537584798730505327e+02
1.537336358255257096e+02
1.537151591664600687e+02
1.537345507117400132e+02
1.537002806749963213e+02
1.537246536907148879e+02
1.537445475905873877e+02
1.537637287294197108e+02
1.537898013133346637e+02
1.537403609877203507e+02
1.537607493055592158e+02
1.537158119062653441e+02
1.536954555871760704e+02
1.537524347351627796e+02
1.536819004000124096e+02
1.537244940323711546e+02
1.537093353325438159e+02
1.536320413728846290e+02
1.537359652428773984e+02
1.537631644068032983e+02
1.537104617174029215e+02
1.536661160789238352e+02
1.536295698775234086e+02
1.535966149086105759e+02
1.536185237606913461e+02
1.536089665816252818e+02
1.535719220580349997e+02
1.536692790560478272e+02
1.535823668629389260e+02
1.535754612810463584e+02
1.535917646951481004e+02
1.536159153772808850e+02
1.536591035308312030e+02
1.536117621574124144e+02
1.535669557917271959e+02
1.535749810760347600e+02
1.534992385359483933e+02
1.535414996435412149e+02
1.535407395414429459e+02
1.535750523337054574e+02
1.535213218874581571e+02
1.535327429021801890e+02
1.535517915454440470e+02
1.535220484765661979e+02
1.535566713547422921e+02
1.535034603917222285e+02
1.535194016452599044e+02
1.534800352803920873e+02
1.534801541846686348e+02
1.534086020219087345e+02
1.534192814511137044e+02
1.534394521104514695e+02
1.534330595205878751e+02
1.534358701373199381e+02
1.534849333014783213e+02
1.534978510733405699e+02
1.534794342771244544e+02
1.534190924233843418e+02
1.534704030286270608e+02
1.534084330904316573e+02
1.534044285370439411e+02
1.533353678887231979e+02
1.534010677520079469e+02
1.534119120130091289e+02
1.533903997054265176e+02
1.534094220656722598e+02
1.533538207324880034e+02
1.533081005170803337e+02
1.533059674579453144e+02
1.532615901980698254e+02
1.532778756085382668e+02
1.533002823360897366e+02
1.532896180378244821e+02
1.532350867655059972e+02
1.532116957541768443e+02
1.532059073508438871e+02
1.532160827358556503e+02
1.532161343542973384e+02
1.532940684290197737e+02
1.532376526562315746e+02
1.532472338437319195e+02
1.532134534951930505e+02
1.531961007291975250e+02
1.532927583528684750e+02
1.532022879644931095e+02
1.531604371735140262e+02
1.531977719309031727e+02
1.532430843329784125e+02
1.532725349883425849e+02
1.531978261812262758e+02
1.532068551441501825e+02
1.531711035082679473e+02
1.532203530862675507e+02
1.532250175129059073e+02
1.532313420946481415e+02
1.531788458711363887e+02
1.531206363004418449e+02
1.531563208686046664e+02
1.531037990107899702e+02
1.531036571306010501e+02
1.530791482472602070e+02
1.531027738722958134e+02
1.530724076266486122e+02
1.530485334833024353e+02
1.530675133837787882e+02
1.529816157793702018e+02
1.529848768791518410e+02
1.529313283740206941e+02
1.530250299863542693e+02
1.529976099173398438e+02
1.530099878170915986e+02
1.530352071146015760e+02
1.529982514882164537e+02
1.530216461673406911e+02
1.529855663817009201e+02
1.529800334407491107e+02
1.529644212318439429e+02
1.529592070325730617e+02
1.529195460586287822e+02
1.529136734717865522e+02
1.529102357839453816e+02
1.528441674491178901e+02
1.527960192809989053e+02
1.528773422663094834e+02
1.528723635948473145e+02
1.529104631038486843e+02
1.529140473250729713e+02
1.529348163558272802e+02
1.529245759684351924e+02
1.528144934117539151e+02
1.528645811139182911e+02
1.529043819926829144e+02
1.529185839983211110e+02
1.528771240440361794e+02
1.528297120097822130e+02
1.528445421760986846e+02
1.529157962993011495e+02
1.528838981802834667e+02
1.529228831106235589e+02
1.528306343280510191e+02
1.529085896889114906e+02
1.528510850566904651e+02
1.528185525625812033e+02
1.528527835797169701e+02
1.527661423395043130e+02
1.527782094820975658e+02
1.527815949263830078e+02
1.527810898670292090e+02
1.528273564395513517e+02
1.527699075624678926e+02
1.527567371799801492e+02
1.528057912762501189e+02
1.527275355729520641e+02
1.527731410113723598e+02
1.527390767843195363e+02
1.527238160558136144e+02
1.527198107893423753e+02
1.527996984377719514e+02
1.527955013431099758e+02
1.527671242879589499e+02
1.527344876246611989e+02
1.527936344098351356e+02
1.527463269893691518e+02
1.527373333799568229e+02
1.527001379095814286e+02
1.526914200116368363e+02
1.526858905052597777e+02
1.526821168845879697e+02
1.526856516699976112e+02
1.526733305551233286e+02
1.526521052181900586e+02
1.526799798302860722e+02
1.526913808744143353e+02
1.526365532186663927e+02
1.526959493237777394e+02
1.527128862016932089e+02
1.527368494026517567e+02
1.526838087660229348e+02
1.527263134972415344e+02
1.527493220799120195e+02
1.527005594056155644e+02
1.527413383233471507e+02
1.527121348002832804e+02
1.527144267149200516e+02
1.527611415644129522e+02
1.528045468975329868e+02
1.527680488412883051e+02
1.526495836578679359e+02
1.526383945555724893e+02
1.526027028402404540e+02
1.524537313650841668e+02
1.525782540036901196e+02
1.525162091565151172e+02
1.524775711539928977e+02
1.523784499986794287e+02
1.525521557121869023e+02
1.524755709830751869e+02
1.525272229290309838e+02
1.525764714973522302e+02
1.525453998546210812e+02
1.525896954218537473e+02
1.525217685702641290e+02
1.525526652993704602e+02
1.525273564861689408e+02
1.525322806470740034e+02
1.525802916091759300e+02
1.525076720997027167e+02
1.524503283642687279e+02
1.524127818714047464e+02
1.524228535064024186e+02
1.524438591361099213e+02
1.525907162810370323e+02
1.524354293717500468e+02
1.524825147273400603e+02
1.525145488674524756e+02
1.523872725059345328e+02
1.523943089356453129e+02
1.523389472209707094e+02
1.522832036032209260e+02
1.522848644063460597e+02
1.523440235689826920e+02
1.523959794973189901e+02
1.523862849417255632e+02
1.523696382412183539e+02
1.524369427464977775e+02
1.523942514361189353e+02
1.523621983465701533e+02
1.523736680626014959e+02
1.523514601098799233e+02
1.523176495438287930e+02
1.523499928220767572e+02
1.522534930569018172e+02
1.522551030719573930e+02
1.523222772619488126e+02
1.522970427923527268e+02
1.523596693954192460e+02
1.523531596683470752e+02
1.523505139009552352e+02
1.523141618008872911e+02
1.523828654367511888e+02
1.523441269635499680e+02
1.523103969473903589e+02
1.522349337787827608e+02
1.521845751967261720e+02
1.521849196122033447e+02
1.522452373870299311e+02
1.521341002743610602e+02
1.522100585717469698e+02
1.522794344312862904e+02
1.522438631965578395e+02
1.522798054801548915e+02
1.521973235415815395e+02
1.522434069131450087e+02
1.521243317944369267e+02
1.522876185940399409e+02
1.522586518155408157e+02
1.521267835061348421e+02
1.521689398980160490e+02
1.520761466498918537e+02
1.522034259248508761e+02
1.522607337267661762e+02
1.521275186285476479e+02
1.521050818709489647e+02
1.521212651770854904e+02
1.521090061073022639e+02
1.520886604216432829e+02
1.521342301139732172e+02
1.521178659219114877e+02
1.521440734812087499e+02
1.520442418653034338e+02
1.520476658835485750e+02
1.519616002120546909e+02
1.520106774050261720e+02
1.521852564706290991e+02
1.520881220134455987e+02
1.520855335667577037e+02
1.520658641384047485e+02
1.521012001585885116e+02
1.520478626076956914e+02
1.519933179042153881e+02
1.519869708639837995e+02
1.519280651789859746e+02
1.519763343229760721e+02
1.520307454773843290e+02
1.519745054010636238e+02
1.520459372085387315e+02
1.520180293023199170e+02
1.520042301384540053e+02
1.519888025051350269e+02
1.519438754779546628e+02
1.518969569264384916e+02
1.519899908782937814e+02
1.519609925449761079e+02
1.519363030065972282e+02
1.519552176245189798e+02
1.519154208392315581e+02
1.519992528434810879e+02
1.519733825527521844e+02
1.519189973544042402e+02
1.519810659428326858e+02
1.520109548168716742e+02
1.519866001121929173e+02
1.518642534914977205e+02
1.518644793565504756e+02
1.518714087904152450e+02
1.519157250088481987e+02
1.520043015183637749e+02
1.519172535727205116e+02
1.518892172234025963e+02
1.518817197322694028e+02
1.518947275227330067e+02
1.518978224308144149e+02
1.519214338593086779e+02
1.519852859961547153e+02
1.519969947914002262e+02
1.520694977923622560e+02
1.521242338895321495e+02
1.520712626422557037e+02
1.520313536112051054e+02
1.520281481522008846e+02
1.520401988464462590e+02
1.520866630612978838e+02
1.520669767486737101e+02
1.520950409428978105e+02
1.520240092852131966e+02
1.519763691852205625e+02
1.520615401509422497e+02
1.519830772968089718e+02
1.519797247642647164e+02
1.519794139734230214e+02
1.520162598084133379e+02
1.520203964779113051e+02
1.520939218095500109e+02
1.520795369786731897e+02
1.520741990183487360e+02
1.520607677222532743e+02
1.520077722982294972e+02
1.520400152643512968e+02
1.519994406980198107e+02
1.519881181671382251e+02
1.519824266609060430e+02
1.520018756332898988e+02
1.519524390414886454e+02
1.519801882185415423e+02
1.519511146198204585e+02
1.519264795000892718e+02
1.519185157767648491e+02
1.520018197566863023e+02
1.519802399872894227e+02
1.518853980114448063e+02
1.519066434609700593e+02
1.519397924442877752e+02
1.519181048243240753e+02
1.519218024512927059e+02
1.518886719848344455e+02
1.519111845710671105e+02
1.519107556271816293e+02
1.518961363256526909e+02
1.518588142971466368e+02
1.519044293588382857e+02
1.519046663640142754e+02
1.518922427057671030e+02
1.518471898514518443e+02
1.518484545587990624e+02
1.518460787046024336e+02
1.518863181287574378e+02
1.518738330144616100e+02
1.518196036103976780e+02
1.518064063203685521e+02
1.518956551330105924e+02
1.519009834541447219e+02
1.518862653227096473e+02
1.518371712465844894e+02
1.518896259763126579e+02
1.518650985261515132e+02
1.519022219865989598e+02
1.518699557540940077e+02
1.518066786829227510e+02
1.518500168642089534e+02
1.518542391955862172e+02
1.518772885287096415e+02
1.518370197259794736e+02
1.518237076366539213e+02
1.518803358709479312e+02
1.518178898990423136e+02
1.518411248640899487e+02
1.518446240081483438e+02
1.517369586070861374e+02
1.517384439891563090e+02
1.517364124295948216e+02
1.517671172831199158e+02
1.517783954897259378e+02
1.517272607454759168e+02
1.518221083991547573e+02
1.518109720298029686e+02
1.518416123910248530e+02
1.518638232996370050e+02
1.518337748645458873e+02
1.517601260360775655e+02
1.516743532693765530e+02
1.517676175321233814e+02
1.518283622777816788e+02
1.517775431841547515e+02
1.518901624721555947e+02
1.518532161181492484e+02
1.518029959971788969e+02
1.517602317529972424e+02
1.517741666326442953e+02
1.518199597856282708e+02
1.518445562332347833e+02
1.517639851241745532e+02
1.517345656152223512e+02
1.517143530387134263e+02
1.517667175279287051e+02
1.517006406888043273e+02
1.517108267705773414e+02
1.516629236407442534e+02
1.516960713656156372e+02
1.516943689969740774e+02
1.516947126551862652e+02
1.516784873531266840e+02
1.516487990311860301e+02
1.516114074446309417e+02
1.516144795122656035e+02
1.516510070499790004e+02
1.517316409755044617e+02
1.516256349927817269e+02
1.516047050994435210e+02
1.516475466187637551e+02
1.516245574699012195e+02
1.516223700466172772e+02
1.516340203775954194e+02
1.516010990731086565e+02
1.515917165624484539e+02
1.515701226870850462e+02
1.516242611539196901e+02
1.516369658579124575e+02
1.516154596303939570e+02
1.516267223774445085e+02
1.515897536809937662e+02
1.516168202856613050e+02
1.515674687384355650e+02
1.515178461164605608e+02
1.515549672348951162e+02
1.514709640343062915e+02
1.515246052366480853e+02
1.514939846397868735e+02
1.514964668000311292e+02
1.515159172585750582e+02
1.514750175564305721e+02
1.514601828061862818e+02
1.515835855689950336e+02
1.514570330308932000e+02
1.515335339204181651e+02
1.515013936891947992e+02
1.515664801660173282e+02
1.515333611803668532e+02
1.515134115717367820e+02
1.515027758963600775e+02
1.514825294509014952e+02
1.514725853066627508e+02
1.515028919067306106e+02
1.514957244330518620e+02
1.514567974912657178e+02
1.514600695483293578e+02
1.514167179705693513e+02
1.514043549673178291e+02
1.513854397413983861e+02
1.513840650764946929e+02
1.513706991038094145e+02
1.513468601606935522e+02
1.513349189514731847e+02
1.513585307872263002e+02
1.513807243869825356e+02
1.514739162520605475e+02
1.513604052875714387e+02
1.514014909572907470e+02
1.514245511227803433e+02
1.513371800585583173e+02
1.514002629283182273e+02
1.514043745556685963e+02
1.513399189210975067e+02
1.513654068266350805e+02
1.513951007946544678e+02
1.513802516091780319e+02
1.513157748026199272e+02
1.513442811763412976e+02
1.513408947114954231e+02
1.513194552053833775e+02
1.512925996412500069e+02
1.512435887197415241e+02
1.512985273836099793e+02
1.512956871450236065e+02
1.512512404485338777e+02
1.511805858136874292e+02
1.512559572965961365e+02
1.512482572785209243e+02
1.512539524946403446e+02
1.512118589056776443e+02
1.513273865627253940e+02
1.512439576361200011e+02
1.512776539012951957e+02
1.513458547343761893e+02
1.513048659126110067e+02
1.512885816227479268e+02
1.513158232865378352e+02
1.513024867615798144e+02
1.513092533386532637e+02
1.512865347927757682e+02
1.512544267648775076e+02
1.511943158948988071e+02
1.511794571313848508e+02
1.511843925460960349e+02
1.512005012596917766e+02
1.511630489083067062e+02
1.512317182546628942e+02
1.511894642373230795e+02
1.512547276481176084e+02
1.511874461677627153e+02
1.512450288947518402e+02
1.511564251506588903e+02
1.511686749958801101e+02
1.511937396189757692e+02
1.512190681390497389e+02
1.511411140959995123e+02
1.511976581856901021e+02
1.511736639659468437e+02
1.512188517410197051e+02
1.512195175179820694e+02
1.511866712664465808e+02
1.512454264921456399e+02
1.512431552701616226e+02
1.512310234173971253e+02
1.512259950285974526e+02
1.512435735628775149e+02
1.511965671539925609e+02
1.511877394925639067e+02
1.511398810842876514e+02
1.511839413684348585e+02
1.511886388022125232e+02
1.511541726339742695e+02
1.511839958055014108e+02
1.511140272761723509e+02
1.511269639470991137e+02
1.511138880577622956e+02
1.511357613127858599e+02
1.511036043754607192e+02
1.511773673650338594e+02
1.511267139620974831e+02
1.511377895487165972e+02
1.511178035357694682e+02
1.511161138021819568e+02
1.511638486974357818e+02
1.512289839645652307e+02
1.511729866382249554e+02
1.512450061295959358e+02
1.511926094749943275e+02
1.511824682201565224e+02
1.512074025788484448e+02
1.511933530933447969e+02
1.511490859737148185e+02
1.511133730711906935e+02
1.511018154929840875e+02
1.510476611533931361e+02
1.511276326442967957e+02
1.511342861743727610e+02
1.511954246068682153e+02
1.511096457071601833e+02
1.510990536795005426e+02
1.510133999298399488e+02
1.510762961570194420e+02
1.510553446024889865e+02
1.510369781364678090e+02
1.510586704037797574e+02
1.509991995070901964e+02
1.510141807982749071e+02
1.509768244989055574e+02
1.510645038084452949e+02
1.510204480337565656e+02
1.510439321661980898e+02
1.510293657278475052e+02
1.510840630402165914e+02
1.510815490179082019e+02
1.510447623669535631e+02
1.510089708764764964e+02
1.509755029113001967e+02
1.510230167942717117e+02
1.509786807193799234e+02
1.510310769278544285e+02
1.510348384984407062e+02
1.510442619936053177e+02
1.510352466055132368e+02
1.510145113003350446e+02
1.510211782392404700e+02
1.509542539581076710e+02
1.509812698401059379e+02
1.509862034474197969e+02
1.510082785895046129e+02
1.509986000899653789e+02
1.509862697298287912e+02
1.510616853322223960e+02
1.510575922991729385e+02
1.510445396778217173e+02
1.508584535016005077e+02
1.510293018819953375e+02
1.509898937880927292e+02
1.510194951519280835e+02
1.510335273570539130e+02
1.510138806578628703e+02
1.510111623854071752e+02
1.510190757885535788e+02
1.509702001428341021e+02
1.509952404794657639e+02
1.509735913632042923e+02
1.509620553565933960e+02
1.509713207315869283e+02
1.509212790413592131e+02
1.509665783407350830e+02
1.508994356125931517e+02
1.509105751734481089e+02
1.509555870076136443e+02
1.508702565828016589e+02
1.508623744408828031e+02
1.508872029257379097e+02
1.508907054518979010e+02
1.508345959901029687e+02
1.509416986786074233e+02
1.509008817311519692e+02
1.508856404497011567e+02
1.508827003317297795e+02
1.508793244021210853e+02
1.508271122152997918e+02
1.508756599968749583e+02
1.509313689106796232e+02
1.508468437748404085e+02
1.509140155643052879e+02
1.508195477427840672e+02
1.508943861060644451e+02
1.508596795543432165e+02
1.508917712121573800e+02
1.508348004012343608e+02
1.508386417197966978e+02
1.508093600967940517e+02
1.508413905923722496e+02
1.509336650450036075e+02
1.508648320815869681e+02
1.508206744610449448e+02
1.508451606274154813e+02
1.508258820349811913e+02
1.508834281928586734e+02
1.508386616780504426e+02
1.508697291936906026e+02
1.508442588456574924e+02
1.508154238626119650e+02
1.507655461746667527e+02
1.507778742940689369e+02
1.508077196809993836e+02
1.507904721059416602e+02
1.508456595940756984e+02
1.508229326699653257e+02
1.507963148708212771e+02
1.508192386367906010e+02
1.508167358350099505e+02
1.507967847094056992e+02
1.508123855464221208e+02
1.507604663605476958e+02
1.507634572467350438e+02
1.507752845773830188e+02
1.507803789913468790e+02
1.508071719584490324e+02
1.507755303764386952e+02
1.507473486243995069e+02
1.507542986748921408e+02
1.507926549916661543e+02
1.507915409267966140e+02
1.507686705470155175e+02
1.507423507767501292e+02
1.507547470346148657e+02
1.508175683957366289e+02
1.508424153480980578e+02
1.507742617066725757e+02
1.507891100297763387e+02
1.507405451258825337e+02
1.507175117587371176e+02
1.507058402345942909e+02
1.506902574884164494e+02
1.507663203205199522e+02
1.507844144938297291e+02
1.507632412243756050e+02
1.507377629001674109e+02
1.508063391707811434e+02
1.507339518999975780e+02
1.507675460025698726e+02
1.508331247249751073e+02
1.507999045271846512e+02
1.508287731109254253e+02
1.507604584480674532e+02
1.506727756183339579e+02
1.507674263928769562e+02
1.507101107010031171e+02
1.507199951799116207e+02
1.507849719158853929e+02
1.507404058356690086e+02
1.506853608674479119e+02
1.506679386726601990e+02
1.507531199383996636e+02
1.506645053542288508e+02
1.506689917940378791e+02
1.506129941004595594e+02
1.506123474475943169e+02
1.506407405424778858e+02
1.506121154166200995e+02
1.505960474538091205e+02
1.506265900894963465e+02
1.505633179625176865e+02
1.506525950814986459e+02
1.506423481199683181e+02
1.506252377272617196e+02
1.506151968115581212e+02
1.505960888069350574e+02
1.506514185138358926e+02
1.505933291567008325e+02
1.506284490205793247e+02
1.506011275817380977e+02
1.505521681519171580e+02
1.505886216529574426e+02
1.505354978097412584e+02
1.505322721405298978e+02
1.505841980965749087e+02
1.505359287584450101e+02
1.506299288471422813e+02
1.506827992209337310e+02
1.506412966968149476e+02
1.505971762428151806e+02
1.505807119680423796e+02
1.505797437962525009e+02
1.505634801352724992e+02
1.505581151688136856e+02
1.505903356600223617e+02
1.505681237794294418e+02
1.505874227579332398e+02
1.506054756190386286e+02
1.505539082118499152e+02
1.506535479196975587e+02
1.506273644345914988e+02
1.506769168282991416e+02
1.506163113652834227e+02
1.506203564984589036e+02
1.505835566643114021e+02
1.506098799013641951e+02
1.505979436034841683e+02
1.505457327321325067e+02
1.505464334020377919e+02
1.505875839255501205e+02
1.505557776113180353e+02
1.506017332906562558e+02
1.506619121390190799e+02
1.506855428586864036e+02
1.506119902411704174e+02
1.506010194604616288e+02
1.505704783681358379e+02
1.505074572040840337e+02
1.505164108976198065e+02
1.504819761823076760e+02
1.505221429408101983e+02
1.505146109862385515e+02
1.505669543005434718e+02
1.505337984319471616e+02
1.505336033721456204e+02
1.505117797592486113e+02
1.504962180963812273e+02
1.505109144343081482e+02
1.505114360667369056e+02
1.505365411731042968e+02
1.505243604230005303e+02
1.505369138721081583e+02
1.504855551312395221e+02
1.505165041297922812e+02
1.504901627229738779e+02
1.505090218650070994e+02
1.505215085215866395e+02
1.505268422347096475e+02
1.504800518828400868e+02
1.504807107140657649e+02
1.505705799060910124e+02
1.504915728086325544e+02
1.504472961819062107e+02
1.504714357478290196e+02
1.505146279904990934e+02
1.505156323684975348e+02
1.504919301514435688e+02
1.505098114231012119e+02
1.504427844007295789e+02
1.504414634334257812e+02
1.504669691563053391e+02
1.504212701626788942e+02
1.504380861650779195e+02
1.505099031127560920e+02
1.504571628326478958e+02
1.505343934352387407e+02
1.504322983446246838e+02
1.504783276066384019e+02
1.504465764098142699e+02
1.504302134254280077e+02
1.503858733063175350e+02
1.503724046913603729e+02
1.503959269982761668e+02
1.504313132572813174e+02
1.504060547731268400e+02
1.504030201163035372e+02
1.503866908473356432e+02
1.504022481432428151e+02
1.503428932142894041e+02
1.503331333504335419e+02
1.503721808118139052e+02
1.503493702616489998e+02
1.502769171284816423e+02
1.503105401576987958e+02
1.503589810652657093e+02
1.503432439918718160e+02
1.502290451803877147e+02
1.502801823383481405e+02
1.503593846601355324e+02
1.503304343104189797e+02
1.503556924642767001e+02
1.503085868837779060e+02
1.502879069628105526e+02
1.502500800617463028e+02
1.502792461579326471e+02
1.502998557071416883e+02
1.503288853446588291e+02
1.502324827949777557e+02
1.502339672360628811e+02
1.502988404295789735e+02
1.502833438764722302e+02
1.502186369608713790e+02
1.502353606669081501e+02
1.503135032477325694e+02
1.502810073210733322e+02
1.502188058137852806e+02
1.503037501270159453e+02
1.502933488691619459e+02
1.502294985610716935e+02
1.502767418923390608e+02
1.503216744012297852e+02
1.502256892368432943e+02
1.502862043068498963e+02
1.502455462708287257e+02
1.501612149310267910e+02
1.502220137792116645e+02
1.502339762008695345e+02
1.503132786851159040e+02
1.502405428816858830e+02
1.502441355511699044e+02
1.501986685731390878e+02
1.501797287020691840e+02
1.501753562138908080e+02
1.501452215074655498e+02
1.501463885859965899e+02
1.501287019803057206e+02
1.502258101981547043e+02
1.501924563423921484e+02
1.501612448378942020e+02
1.502034698821056224e+02
1.502161697671731986e+02
1.502369763212195721e+02
1.502569834774617732e+02
1.502101371770120579e+02
1.502224209668263484e+02
1.501819403153149892e+02
1.501144818715213205e+02
1.501806206866540663e+02
1.501587466081958269e+02
1.501266190109175795e+02
1.500766137140315664e+02
1.500906485732355975e+02
1.501097538597807670e+02
1.500577297360505327e+02
1.501288298181119387e+02
1.500983424489398033e+02
1.501121965200369743e+02
1.500963233909385792e+02
1.500550355798477256e+02
1.500846660003547868e+02
1.500853207357181986e+02
1.500842887272945347e+02
1.501257342807115549e+02
1.500603276693817918e+02
1.500213858523187014e+02
1.500679238442618271e+02
1.500546621025285390e+02
1.500414915597430650e+02
1.500119330397208728e+02
1.500208811623427323e+02
1.500228488298550076e+02
1.500226179855802968e+02
1.500152469239438062e+02
1.500120281898463190e+02
1.499256347161343683e+02
1.500196452908333811e+02
1.499658843967407051e+02
1.499504727312288139e+02
1.499469267705915172e+02
1.499572388296375607e+02
1.499974052888913718e+02
1.499531734357596235e+02
1.499041140871248672e+02
1.499380197371112615e+02
1.498957773366183233e+02
1.499382597960333214e+02
1.499975678631010965e+02
1.499609094965681493e+02
1.498953923391628678e+02
1.499319312624965903e+02
1.499245663609557084e+02
1.499368072286031293e+02
1.499338050594369065e+02
1.499715324156018994e+02
1.499365118862781685e+02
1.499134908753991908e+02
1.498704028357582558e+02
1.498276441515672559e+02
1.498266196919543347e+02
1.498584718189439968e+02
1.498591404461015770e+02
1.498886879040637439e+02
1.498288910348615559e+02
1.499014055194023456e+02
1.499171340460361819e+02
1.498833742518586689e+02
1.498703735306544331e+02
1.498168239628155334e+02
1.498698209242429016e+02
1.498479241748314053e+02
1.497544583686470787e+02
1.497696451023102213e+02
1.497494370638200110e+02
1.497484512792860016e+02
1.498295751614643621e+02
1.498226719891142693e+02
1.498227665585662294e+02
1.497711156335461453e+02
1.497427193041549174e+02
1.499086811263999266e+02
1.497537066663433052e+02
1.496531024902917579e+02
1.497057811883641136e+02
1.496659120609922411e+02
1.496679256401151292e+02
1.496675573149404954e+02
1.496838002929693801e+02
1.497076920942119500e+02
1.496630789477722487e+02
1.496642952084966964e+02
1.496106297798739888e+02
1.496799419454345923e+02
1.496870596815162457e+02
1.496329857220048609e+02
1.496068034761108549e+02
1.496374548393173143e+02
1.496252443375261691e+02
1.496497857256972566e+02
1.496935994623131876e+02
1.497975515202526537e+02
1.497556277860140881e+02
1.498027109490713542e+02
1.498060764120448880e+02
1.497745195288360947e+02
1.497338468403693525e+02
1.497078267389717325e+02
1.497822423147802624e+02
1.497181378296233163e+02
1.496822946353172767e+02
1.497244028061548420e+02
1.497268935285634370e+02
1.497410989028592780e+02
1.497341482616995449e+02
1.497462515186647636e+02
1.497074614791571321e+02
1.497077272938587100e+02
1.496518924162478186e+02
1.496619546729871786e+02
1.497055450585049527e+02
1.496536673553751768e+02
1.496920307237904524e+02
1.496821185168827810e+02
1.496978290812398313e+02
1.496456305867284584e+02
1.496450706086091031e+02
1.496192191344196942e+02
1.497063626268987377e+02
1.495983049597868444e+02
1.495619534227811300e+02
1.495813806550312677e+02
1.495429775597997093e+02
1.495422937285693763e+02
1.495888334859421036e+02
1.495524559606213018e+02
1.495498338638049631e+02
1.496048285838710967e+02
1.495631258858116439e+02
1.494940562553439634e+02
1.495211978506427783e+02
1.495629886320541289e+02
1.495112904603907111e+02
1.495657843895221504e+02
1.496182816837828113e+02
1.496243654577964151e+02
1.495337364728627563e+02
1.495864234334733283e+02
1.495786847583345036e+02
1.495642570674158947e+02
1.495465310432312833e+02
1.494996700527377698e+02
1.494424932333363358e+02
1.495558792702585151e+02
1.495017924862604559e+02
1.495181667584155889e+02
1.495026877010618875e+02
1.495145050112141121e+02
1.494870346621492558e+02
1.494248954258859499e+02
1.495327367728281729e+02
1.494415062487578609e+02
1.494631924604432527e+02
1.494228817653572321e+02
1.493907459665034310e+02
1.494740183673198146e+02
1.494359942049481731e+02
1.494575510614044447e+02
1.494603628044542631e+02
1.494552644016166028e+02
1.494924641878605200e+02
1.495071798782422263e+02
1.494675718355621257e+02
1.494808501081445797e+02
1.495120509980569352e+02
1.494888704097909340e+02
1.495031176449985253e+02
1.494912031145247795e+02
1.494353458963261119e+02
1.494174353200669714e+02
1.495085499807104270e+02
1.494342750653231633e+02
1.494572752807953293e+02
1.494733515832961643e+02
1.494459553622505439e+02
1.493015143109084590e+02
1.493234020202637282e+02
1.493955019300247216e+02
1.493488526536958148e+02
1.493991594774331872e+02
1.493674680018828838e+02
1.494091255004952927e+02
1.494239682572258232e+02
1.493742108033394231e+02
1.493727978015773488e+02
1.493791535916478495e+02
1.493720256223297440e+02
1.493540164824854060e+02
1.492654130605153853e+02
1.493238686873942811e+02
1.493487196038622358e+02
1.493374861888796943e+02
1.493289032837996615e+02
1.493573099044970149e+02
1.493836384203102625e+02
1.492653497789151800e+02
1.492779025439186285e+02
1.492541828584874395e+02
1.492419274617137148e+02
1.492698269929961441e+02
1.492664964373786916e+02
1.492600002643798689e+02
1.492636402602208534e+02
1.492547259671556219e+02
1.492273544368427167e+02
1.492956444130636839e+02
1.492573932205174572e+02
1.492226921934201584e+02
1.491866383148753243e+02
1.492102786599726301e+02
1.492450833784579913e+02
1.492236407791499175e+02
1.491860918017009965e+02
1.492212964401052773e+02
1.492124132028148153e+02
1.491965816256302730e+02
1.491879854436500921e+02
1.491666070672208662e+02
1.491563246155753575e+02
1.491743225435795352e+02
1.491841593172317744e+02
1.491884913514010407e+02
1.491062341639676561e+02
1.491275004742216197e+02
1.490769089086522001e+02
1.491065969966561795e+02
1.490909049278126020e+02
1.491109920560826936e+02
1.491231160054473435e+02
1.491159029863879653e+02
1.490669996108608757e+02
1.490742043901258853e+02
1.490283640807303129e+02
1.491054574673111972e+02
1.493200252773380896e+02
1.493962643406878499e+02
1.494423088192713180e+02
1.494540371561539871e+02
1.494110178199438792e+02
1.493846999697673255e+02
1.494864456400791255e+02
1.495191869101770692e+02
1.493860201264397745e+02
1.493572788129424680e+02
1.493925367686204879e+02
1.494163939524744933e+02
1.494322270968413306e+02
1.493594469370848969e+02
1.493291229534351885e+02
1.493518614351159499e+02
1.493361886103608640e+02
1.493340093565902578e+02
1.493234741134734520e+02
1.492937142560397206e+02
1.492201495963215336e+02
1.492168283022544415e+02
1.492607250404245747e+02
1.491872413050928117e+02
1.492096270254239414e+02
1.492149502408282160e+02
1.492197396984750810e+02
1.492573285171665987e+02
1.491727026172573289e+02
1.491981636752134932e+02
1.492266317661208745e+02
1.492847968995302210e+02
1.492243258689958623e+02
1.492299551872928021e+02
1.492413829691078320e+02
1.492273577257589636e+02
1.491059167879307381e+02
1.490698495660627714e+02
1.490998952181484185e+02
1.491291356085103814e+02
1.490917781204694563e+02
1.491384899785256266e+02
1.491053756362617548e+02
1.491329573545575613e+02
1.491640802185850703e+02
1.490904070386113460e+02
1.491104572617763608e+02
1.491217992199778450e+02
1.490662295377783266e+02
1.490417889431360265e+02
1.490136104205792549e+02
1.490131647349894308e+02
1.489877034656170167e+02
1.489863849619469818e+02
1.490322591425852465e+02
1.490546548194926118e+02
1.490008638098770746e+02
1.489592039806560138e+02
1.489614533431839618e+02
1.489537723829217271e+02
1.488991925772456284e+02
1.489089169111293813e+02
1.489238780070418784e+02
1.489247192875038195e+02
1.489226563659585736e+02
1.489117234926492301e+02
1.488756614837463985e+02
1.489281584773513885e+02
1.489061117836667734e+02
1.488756788225359458e+02
1.488769355306062891e+02
1.488466199149445686e+02
1.489003900106721687e+02
1.488758179126645871e+02
1.488783256861817108e+02
1.488387470974436724e+02
1.488454934996022132e+02
1.488305477875801444e+02
1.487845687955034180e+02
1.488103312446948223e+02
1.487813256501226249e+02
1.487480175645545444e+02
1.487002047905299378e+02
1.487768107391104024e+02
1.487409097960799613e+02
1.487163917154786930e+02
1.487569843182292288e+02
1.487389465388725682e+02
1.487365683313833813e+02
1.487390599381032246e+02
1.487370601481918015e+02
1.487487438385933274e+02
1.487655259314876446e+02
1.487503363339179714e+02
1.488108907288623755e+02
1.487800618047020578e+02
1.487830016103626178e+02
1.487606149957831008e+02
1.487777850031931166e+02
1.486826267703528401e+02
1.486695153654159185e+02
1.486178741893727420e+02
1.487086239955731344e+02
1.486047964351721191e+02
1.486710629219801376e+02
1.486100783659446734e+02
1.486495468514572735e+02
1.486497630730731601e+02
1.486216471386842386e+02
1.486072678982967545e+02
1.485439620283450495e+02
1.485887888076522358e+02
1.485499427512467037e+02
1.484739217226100152e+02
1.484668589554759137e+02
1.485357098640750166e+02
1.485740367132581525e+02
1.485302547473114601e+02
1.484969688918454267e+02
1.485623261234480594e+02
1.485026330001338692e+02
1.484627354891390780e+02
1.485539379432665328e+02
1.484378678244341643e+02
1.485421774932480332e+02
1.485269607201045403e+02
1.485905410741330570e+02
1.484148984747306486e+02
1.485048303796262985e+02
1.485727012579814641e+02
1.487218049363076489e+02
1.487951051602601069e+02
1.486620615839460413e+02
1.485690221666025082e+02
1.485165561501269167e+02
1.485460289698025917e+02
1.484697471614866515e+02
1.485711964318684863e+02
1.486071327081097024e+02
1.486522374974501872e+02
1.486330824082580477e+02
1.486194951731754372e+02
1.485414633231518451e+02
1.485633471625486095e+02
1.484908544900171705e+02
1.485057812960529304e+02
1.485323307513984332e+02
1.485092904267006020e+02
1.484920551554671704e+02
1.484586030605448173e+02
1.485027217395120545e+02
1.484429216864972716e+02
1.485233332148106911e+02
1.485811435962366716e+02
1.486208732711594109e+02
1.485859742236483498e+02
1.484980223838770712e+02
1.485174027831571664e+02
1.484902639777358502e+02
1.484273045556935813e+02
1.484327112026504949e+02
1.484465645399742755e+02
1.484433192541340247e+02
1.485492547031291792e+02
1.485073064248395269e+02
1.485255471251667814e+02
1.484310331357959853e+02
1.484705101140108638e+02
1.484244690540876661e+02
1.484598760961452513e+02
1.485373297442366720e+02
1.484994228936187426e+02
1.483860988282635844e+02
1.483834996415933745e+02
1.484684902726915254e+02
1.483940088851873611e+02
1.483967929946697382e+02
1.484323513502923504e+02
1.484718826567507790e+02
1.484351857209038315e+02
1.483966325776465567e+02
1.483094928300396020e+02
1.483764190448126783e+02
1.483805094306214869e+02
1.483429118247270821e+02
1.483206703866064800e+02
1.483271648258004802e+02
1.483142809378678066e+02
1.483751781332235282e+02
1.483762330637403295e+02
1.483161374200800253e+02
1.483732784167029592e+02
1.483250574095666821e+02
1.482733429805466017e+02
1.483536653196750592e+02
1.483632516933955685e+02
1.483452013787376984e+02
1.483629589463039906e+02
1.483251925280425212e+02
1.482731943311068221e+02
1.482907033634328116e+02
1.483044056934417370e+02
1.483288938118470242e+02
1.482222060249096955e+02
1.482902544187896012e+02
1.483369769647636929e+02
1.482932320509194994e+02
1.483649830913713288e+02
1.483404715786957411e+02
1.483945074898471717e+02
1.483692906442125548e+02
1.484222385601345593e+02
1.483792547837753943e+02
1.482872064171150441e+02
1.482513501652872208e+02
1.483114312487255688e+02
1.482130489939722793e+02
1.482242926215065495e+02
1.482888709283664639e+02
1.482943796690322813e+02
1.482550731266749722e+02
1.482380239088990663e+02
1.482067584649130367e+02
1.482354265058141323e+02
1.481369702049287582e+02
1.481905989069057057e+02
1.481867363655237000e+02
1.481865785195886076e+02
1.481683942462797745e+02
1.482598678554938658e+02
1.481837549242585510e+02
1.482252532892601380e+02
1.482484321070795943e+02
1.482039790728645983e+02
1.481821300889158977e+02
1.482712325841154950e+02
1.481765639095808922e+02
1.481580347879258568e+02
1.481159818119469378e+02
1.481065510851435363e+02
1.480680481061619957e+02
1.480339595361846818e+02
1.480611093508096019e+02
1.481531787727982419e+02
1.481755473401690324e+02
1.481425546809585967e+02
1.480611864881762187e+02
1.480755118791530833e+02
1.480864051020784018e+02
1.480684967002798089e+02
1.480770484766514130e+02
1.479813049180832536e+02
1.480189070604700419e+02
1.480633832285804203e+02
1.480662899385934281e+02
1.481443608283276205e+02
1.480336672495896266e+02
1.480748717885425378e+02
1.481025730063422543e+02
1.481723011594752677e+02
1.480693280335978272e+02
1.480493847662792177e+02
1.480919445073501208e+02
1.481057725747783138e+02
1.480414175548573326e+02
1.480454822187525394e+02
1.479937152742097624e+02
1.479612975736140470e+02
1.479655460185952052e+02
1.478912553190241397e+02
1.478599443919442820e+02
1.478928175038203960e+02
1.478881802827015974e+02
1.479128324795735239e+02
1.478680844979261906e+02
1.479523609719685737e+02
1.479139059093396895e+02
1.479127165487788318e+02
1.478829307400151833e+02
1.478967154034074554e+02
1.479263362729694222e+02
1.478331654763635470e+02
1.479114908722206678e+02
1.479636991569219049e+02
1.479105557777050137e+02
1.479470121659986148e+02
1.480089650478987835e+02
1.480347327002191093e+02
1.480003906072527400e+02
1.479631439722071491e+02
1.478777978392479895e+02
1.479217153730572534e+02
1.479118145342791308e+02
1.478971730104606763e+02
1.478613945376990273e+02
1.478818896686490802e+02
1.478752222922558417e+02
1.478358817794848505e+02
1.478152501148547628e+02
1.478686340698272659e+02
1.477902623034816258e+02
1.477790515800728599e+02
1.477911881169782191e+02
1.478395755080103982e+02
1.478393639092739704e+02
1.479107782990017768e+02
1.477799326786155518e+02
1.478533188483728509e+02
1.478127768109834221e+02
1.478332582300973002e+02
1.478566835419141512e+02
1.478771018532312951e+02
1.478670228805559077e+02
1.477962522159967307e+02
1.477292895153718462e+02
1.477339655827881302e+02
1.477419715268003984e+02
1.477239184802809575e+02
1.477724815264143672e+02
1.477424248292500977e+02
1.477527640137068659e+02
1.476993709932754371e+02
1.478054312884813726e+02
1.477855677287099638e+02
1.477523197352745115e+02
1.477214155592078555e+02
1.477445943218605180e+02
1.477483444607907757e+02
1.477016106815503917e+02
1.476973744908664514e+02
1.477545651842920904e+02
1.476935550014602825e+02
1.477140128797157104e+02
1.477056567102620477e+02
1.477478188939355448e+02
1.477308207573350387e+02
1.478115572703417797e+02
1.478137099570479904e+02
1.478418239241064214e+02
1.477798808060459521e+02
1.477283790260021874e+02
1.477496118217275125e+02
1.477052031841810447e+02
1.476729184036079232e+02
1.476867207920972191e+02
1.477100125432316986e+02
1.477502914984710856e+02
1.477859625161550809e+02
1.478060467799276410e+02
1.477530136466567114e+02
1.476403271817788152e+02
1.476399934382810386e+02
1.475973544137685280e+02
1.475366583484558589e+02
1.475431049379570823e+02
1.475950707149457628e+02
1.476266039538840289e+02
1.476671424405815856e+02
1.475937899636500106e+02
1.475764069196454500e+02
1.476663789486237590e+02
1.476165513457340239e+02
1.476100638048108351e+02
1.475633248895444467e+02
1.475575968174747459e+02
1.475594264011060659e+02
1.475669836816498162e+02
1.475660811005398614e+02
1.475338276546657710e+02
1.475192621658222549e+02
1.474851355685820238e+02
1.474799368460981839e+02
1.475234129337123079e+02
1.475714520101870733e+02
1.475117083285106219e+02
1.475447875222135679e+02
1.474496447797205008e+02
1.474957147494211824e+02
1.475268998021972209e+02
1.474942885658544185e+02
1.474944355231751842e+02
1.474296818732269116e+02
1.474204537374703250e+02
1.473714700792251335e+02
1.474270088701355803e+02
1.474354983004650137e+02
1.474409902600266946e+02
1.474008531778348754e+02
1.474318363155831548e+02
1.474384066429722679e+02
1.474598401264697998e+02
1.473910690839515780e+02
1.474322778973070172e+02
1.474083968751190525e+02
1.474086598433651147e+02
1.473682073793858081e+02
1.473578020984392651e+02
1.473800198000545834e+02
1.474312447120194633e+02
1.473436571029813535e+02
1.473058633462518117e+02
1.472939124279273244e+02
1.472869922233630291e+02
1.473096282632706107e+02
1.473292384118885820e+02
1.472771815569084879e+02
1.473113995561825789e+02
1.473038554620861476e+02
1.472789739953031187e+02
1.472914492246929115e+02
1.473200486517314403e+02
1.473195922063289345e+02
1.472435117619840526e+02
1.473504017937354149e+02
1.472879924856852654e+02
1.472432066552055687e+02
1.472657586853439966e+02
1.472870855637293346e+02
1.472016954113224756e+02
1.472558839418302625e+02
1.472807826817362411e+02
1.472057416239517522e+02
1.472362079573697144e+02
1.472468954251575610e+02
1.472000722978521878e+02
1.470988493269090611e+02
1.471873607036728799e+02
1.471711612379767473e+02
1.471576210178508290e+02
1.471630055484327499e+02
1.470936805154847207e+02
1.471266725140304175e+02
1.471598553844284538e+02
1.471286981419419817e+02
1.470888103816647003e+02
1.470139451099397547e+02
1.470357644607474015e+02
1.471050507567372847e+02
1.471364472715201259e+02
1.472258972219927955e+02
1.471322697607200212e+02
1.470852624908687289e+02
1.470636737812289994e+02
1.470589631037456115e+02
1.470736258870545328e+02
1.471287593381927934e+02
1.470761039846507572e+02
1.470463340712586842e+02
1.470804277785415763e+02
1.470377838156260282e+02
1.471457216215763992e+02
1.471547849828166648e+02
1.470731473968913861e+02
1.470392533915123465e+02
1.470957740315085402e+02
1.470670774641920389e+02
1.470521757517168169e+02
1.470367253861355721e+02
1.470003186883158435e+02
1.469862015797981769e+02
1.469890451171564507e+02
1.469664430772299966e+02
1.469957968067518266e+02
1.469819838576636357e+02
1.470675066301508593e+02
1.469729336195575229e+02
1.470038760986204238e+02
1.469328022801615248e+02
1.470655468741689731e+02
1.469461787070173386e+02
1.469995729943006495e+02
1.469879785059072788e+02
1.470341073361934718e+02
1.469219000176441057e+02
1.470281379022746080e+02
1.470215178547820472e+02
1.469734678251711557e+02
1.470387874731918600e+02
1.470114583630638379e+02
1.469675319853778035e+02
1.469307291076302704e+02
1.468996041240522459e+02
1.469310102531415509e+02
1.469017490378818707e+02
1.469240600016085523e+02
1.469499562916737148e+02
1.468944751460352620e+02
1.469118910179235513e+02
1.468882453788006046e+02
1.468928936295132246e+02
1.468933787144810879e+02
1.469305842649977762e+02
1.468544769147547129e+02
1.468595072276973781e+02
1.468364187423647991e+02
1.468913421701695370e+02
1.468634889830623820e+02
1.469191263515615447e+02
1.468896786646825205e+02
1.468810714665945625e+02
1.469314813672899618e+02
1.468502988839693444e+02
1.468709550746323487e+02
1.468967852791685971e+02
1.468544760003798899e+02
1.468366176850570071e+02
1.467607505708844542e+02
1.467127452821156055e+02
1.467834547385251653e+02
1.467460938224240579e+02
1.467849567127115620e+02
1.468319679592302123e+02
1.467671469624547740e+02
1.467190028784479239e+02
1.467439870575529994e+02
1.467251314376409823e+02
1.467517782036879908e+02
1.467627495337296182e+02
1.467081964478336999e+02
1.467689415155944062e+02
1.467577095545101997e+02
1.467340999033374658e+02
1.467183344868715551e+02
1.467674958879220810e+02
1.467515351896887807e+02
1.467611586364017739e+02
1.467679610750712129e+02
1.466846314775050928e+02
1.466820924744125989e+02
1.467357396079667353e+02
1.467133305126121456e+02
1.467116895878814091e+02
1.466980352805667849e+02
1.466619124346721605e+02
1.466394800931699365e+02
1.466378072714603604e+02
1.466575672923157185e+02
1.466700427229082209e+02
1.467102707364321361e+02
1.466632554453477155e+02
1.466653073026992331e+02
1.467123706320821839e+02
1.467056499850851878e+02
1.466065582029389418e+02
1.467230565577427797e+02
1.466295407062801814e+02
1.466044379370338504e+02
1.465989154927781613e+02
1.465380368931463977e+02
1.466160403071762062e+02
1.466833310576886902e+02
1.466870518486104515e+02
1.466443700644626915e+02
1.466332541645810181e+02
1.466598702255154762e+02
1.466438300464000406e+02
1.466043749353531211e+02
1.466005982164414263e+02
1.465831310327722861e+02
1.465569133748961974e+02
1.465172980564630336e+02
1.465550536442551390e+02
1.465545797404394364e+02
1.465388025742275317e+02
1.465849576540547901e+02
1.465712264409599186e+02
1.466286493150143713e+02
1.465886561794953877e+02
1.465742937475651502e+02
1.465710981428642299e+02
1.464672436531116659e+02
1.464619392353883143e+02
1.464780953024916528e+02
1.464309172182247494e+02
1.464757923006450824e+02
1.465131331165219137e+02
1.464568411756097248e+02
1.464176142704524466e+02
1.464119612132597013e+02
1.464411690306856144e+02
1.464375208780073478e+02
1.464286883742898340e+02
1.464706553772701056e+02
1.464432306334408054e+02
1.464504234659321185e+02
1.464473405070914396e+02
1.464241965800472371e+02
1.463554691994297912e+02
1.464028988986898696e+02
1.464140751731084436e+02
1.464036100844845407e+02
1.464173022865606981e+02
1.463446341320783119e+02
1.463805780761759365e+02
1.463467025389968512e+02
1.463189664289978680e+02
1.463026964488378496e+02
1.463318403034694200e+02
1.463145633798148424e+02
1.463493782838015420e+02
1.463277892917909355e+02
1.462934858064747345e+02
1.463104377663172215e+02
1.463445261274570726e+02
1.463997695849041918e+02
1.463311429353430526e+02
1.463701485574369201e+02
1.463254878686602751e+02
1.462689179815569389e+02
1.462381983354422914e+02
1.463092124833340506e+02
1.462352560821031489e+02
1.462425893621237378e+02
1.462435785287332806e+02
1.462515373807764831e+02
1.462364733558963223e+02
1.462379554461461737e+02
1.462185281093632625e+02
1.461079486199216433e+02
1.461961766039794099e+02
1.462220126327229366e+02
1.461188901248084733e+02
1.461806464536132637e+02
1.461522199353072153e+02
1.460804077118790758e+02
1.460745141599816748e+02
1.461210624473483222e+02
1.460480674250126754e+02
1.460830848358191929e+02
1.460619641558895694e+02
1.461460203632920809e+02
1.460781360736569638e+02
1.460855117373188534e+02
1.461036487133355593e+02
1.461244581005330190e+02
1.460950483717605550e+02
1.460755317764778169e+02
1.460801939851948816e+02
1.460960090892704102e+02
1.460718240759582329e+02
1.460929228310336327e+02
1.461085940281575972e+02
1.460564039799498630e+02
1.460900972451196367e+02
1.460964019654705339e+02
1.460824318469059335e+02
1.460635858265693230e+02
1.460045317966773837e+02
1.460509691510990535e+02
1.460508640642206046e+02
1.460528796337517576e+02
1.460753134685553221e+02
1.460879169627295937e+02
1.460519884601227432e+02
1.460570957093646314e+02
1.460846472327740742e+02
1.461226633021376813e+02
1.460915836238959287e+02
1.460857433360019684e+02
1.460897862715495137e+02
1.460740814559443379e+02
1.460429200566227053e+02
1.460359669414211794e+02
1.460648277475237364e+02
1.460144660769314555e+02
1.460220949041945744e+02
1.459933158568236706e+02
1.460536404199632159e+02
1.460388980461786161e+02
1.460771154823677023e+02
1.461214058903203465e+02
1.460758104009601936e+02
1.461266927406602179e+02
1.460516189576773343e+02
1.460924460167331631e+02
1.460715458728847409e+02
1.459983451244970070e+02
1.460365379554328626e+02
1.460963296182276565e+02
1.461478430788208982e+02
1.461479132883123668e+02
1.461150173500154779e+02
1.460480948342832335e+02
1.461041110696765486e+02
1.460794898218123308e+02
1.459602128813741331e+02
1.460042049183820723e+02
1.459711888502044701e+02
1.459014073776759801e+02
1.458972893354146834e+02
1.459616265449973582e+02
1.459926960517329064e+02
1.460504204121625662e+02
1.459837142501267238e+02
1.459698214665430669e+02
1.459845203620113523e+02
1.459332081854037142e+02
1.459045069968060773e+02
1.459430941278684486e+02
1.459864287604654294e+02
1.459332834891442019e+02
1.458972004054916169e+02
1.458303406151529202e+02
1.459035277544921314e+02
1.459714438412929098e+02
1.459101601948219979e+02
1.458588659565544106e+02
1.458864052153326440e+02
1.458882479509725272e+02
1.458542671089259954e+02
1.459474540130850926e+02
1.458194344449906055e+02
1.459063222082475306e+02
1.458482858344417821e+02
1.457855504404811882e+02
1.458774021803955634e+02
1.458464136707319199e+02
1.457975370684370660e+02
1.458157648987649679e+02
1.457517265581850268e+02
1.456648128513843119e+02
1.457577655280244073e+02
1.458505868125667746e+02
1.457688532057279645e+02
1.458416107514958071e+02
1.458000851193059475e+02
1.457657019021156941e+02
1.458076000463740058e+02
1.457103067659177213e+02
1.457977732907461643e+02
1.457306846267909179e+02
1.456833434587721285e+02
1.457904048757824000e+02
1.456969670742698497e+02
1.456398176920313290e+02
1.457533692615125744e+02
1.456879622352087722e+02
1.456153134024225722e+02
1.456777215474726290e+02
1.457624047528528024e+02
1.456767366198945410e+02
1.457168801659647954e+02
1.457033513926473631e+02
1.457767463613393772e+02
1.458062551211738764e+02
1.457445024385067427e+02
1.457247600131956062e+02
1.457029656818372985e+02
1.456882839368280429e+02
1.456785156549541966e+02
1.455981730871409070e+02
1.456404991153418109e+02
1.456257727814416114e+02
1.456121388353689952e+02
1.456204472491214403e+02
1.456047637002325814e+02
1.455934657883214811e+02
1.455599604706515606e+02
1.455572022039132776e+02
1.455930239596410445e+02
1.456100683818860091e+02
1.456069735110592944e+02
1.455325283704916899e+02
1.456126301355082262e+02
1.454776241530978780e+02
1.454776570023427382e+02
1.454844111595180323e+02
1.455263610032538395e+02
1.454915351111341693e+02
1.454617808186901300e+02
1.454248584879188400e+02
1.455504522379180514e+02
1.455619682786096689e+02
1.455446667359020410e+02
1.455156707870616231e+02
1.454708175465583793e+02
1.454973337130221296e+02
1.455045846242953758e+02
1.454450969020649893e+02
1.454940763280234819e+02
1.454386048916184677e+02
1.454649208164709933e+02
1.455215771126358391e+02
1.454719215292453214e+02
1.455251857735863439e+02
1.454582989327354881e+02
1.454249786036147611e+02
1.454165264495570966e+02
1.453879300180750249e+02
1.453517535341632652e+02
1.453381029415519095e+02
1.453778553635412152e+02
1.453296424470459272e+02
1.453706210834505725e+02
1.452850419943507063e+02
1.453562653563948572e+02
1.453868700290117317e+02
1.453982399662095020e+02
1.453580911642600313e+02
1.453622160717578140e+02
1.453828333145808642e+02
1.453023521338901958e+02
1.452519131843079094e+02
1.452950866335781370e+02
1.453038269448370556e+02
1.452524240496442758e+02
1.453318998104462025e+02
1.453909335043923932e+02
1.452859275058666242e+02
1.452617839700983779e+02
1.452909878151872078e+02
1.452697958404297651e+02
1.452222774720823111e+02
1.453033212562551739e+02
1.452789130570775740e+02
1.453110506411904908e+02
1.452938293354361576e+02
1.452355711048695071e+02
1.452865573704169719e+02
1.452641815815492237e+02
1.451981873322587546e+02
1.451600113412329449e+02
1.451895104763095503e+02
1.452133677668525422e+02
1.452095120116605358e+02
1.452770941300883294e+02
1.452184056847555667e+02
1.451945308044518868e+02
1.451524854251838121e+02
1.451099316956679672e+02
1.451750785657576444e+02
1.452366997623598195e+02
1.452054913794148661e+02
1.452004376195831128e+02
1.452067763076592257e+02
1.452013232690990208e+02
1.451373641288066665e+02
1.452066167734637077e+02
1.451828455959024495e+02
1.452370102227728808e+02
1.451954629600732289e+02
1.451359723326192750e+02
1.452069476176605747e+02
1.451576545585575673e+02
1.451559064873164004e+02
1.451033321325647023e+02
1.450975649693476726e+02
1.451129035514635746e+02
1.451039851911609730e+02
1.450404026334584842e+02
1.450626833300517546e+02
1.451037098278874851e+02
1.450545030305349599e+02
1.450044820761796700e+02
1.450288067471837223e+02
1.450345753233256119e+02
1.451818798857069908e+02
1.450251219330484673e+02
1.449740911447252927e+02
1.449470688011966217e+02
1.449810967012640504e+02
1.450297037020402797e+02
1.450635477794793076e+02
1.450808503284549715e+02
1.450214499020803203e+02
1.449829782620815593e+02
1.449622750640653521e+02
1.450508745880582353e+02
1.450379400918519082e+02
1.450846089471479559e+02
1.450335607236550004e+02
1.449520963815701293e+02
1.450087054808714697e+02
1.449125832978089647e+02
1.450053449996877077e+02
1.450197856693058327e+02
1.450167470630107971e+02
1.449843640909692510e+02
1.449824491354681300e+02
1.450052185117729380e+02
1.449746406855062162e+02
1.449529607102914497e+02
1.449448158476781430e+02
1.449135306891122070e+02
1.449361367405016949e+02
1.449420117390761220e+02
1.449619880107723304e+02
1.449548573200855799e+02
1.449822221091935432e+02
1.449658034159354543e+02
1.449789239259915803e+02
1.450408309978577677e+02
1.450142558610747585e+02
1.449982244441931982e+02
1.450162313441670676e+02
1.449997893119438572e+02
1.449908424178644566e+02
1.450232847058122161e+02
1.449714660429757771e+02
1.449978540078922720e+02
1.449886844529601717e+02
1.450031508433370107e+02
1.449391719876490470e+02
1.449308394358693874e+02
1.449162403119915723e+02
1.449306793247700114e+02
1.448977214978928600e+02
1.448712209318933333e+02
1.448881493573586567e+02
1.449092538110377006e+02
1.448868655645923695e+02
1.449116509362235377e+02
1.449280302849830377e+02
1.449728135537336584e+02
1.449531614953955057e+02
1.449443988618247374e+02
1.449557000959181892e+02
1.448523000983808231e+02
1.448724843459457077e+02
1.448557038542214457e+02
1.448333856859552498e+02
1.448853145206763884e+02
1.448397013525678290e+02
1.448544847263855218e+02
1.448380830978501876e+02
1.448180090223313243e+02
1.448340371034683756e+02
1.448228058908377704e+02
1.447713443695130024e+02
1.447690160834121400e+02
1.447514455528975077e+02
1.448081067864322335e+02
1.447499537886954215e+02
1.447622373602683297e+02
1.447403970583920625e+02
1.447498643980084410e+02
1.447249536707632558e+02
1.447417059880835097e+02
1.447484592908547256e+02
1.447493322667440907e+02
1.447822646751868092e+02
1.447585745879064234e+02
1.447586440282054525e+02
1.447750935003197412e+02
1.447802425220623093e+02
1.447145240678672451e+02
1.447084583414259384e+02
1.447497223631843895e+02
1.447499839883097366e+02
1.447025816535555407e+02
1.447152518096490894e+02
1.447356124065489951e+02
1.447144655028814952e+02
1.446973659179751621e+02
1.446552229737138759e+02
1.446690811892158308e+02
1.446596213478563868e+02
1.446153893318115706e+02
1.446426809229692481e+02
1.446303502065977682e+02
1.446726571676799722e+02
1.445944928415472077e+02
1.446340184986028987e+02
1.446971993577950855e+02
1.446472237901335802e+02
1.446710107798974718e+02
1.447458711328542051e+02
1.447516344116864957e+02
1.447251913417385651e+02
1.447017561155655301e+02
1.447014378181278857e+02
1.446856084739366963e+02
1.446206819805397856e+02
1.446041303939082354e+02
1.445766018140631388e+02
1.446871777392076979e+02
1.446408705531231078e+02
1.445758075359781856e+02
1.446958157863135455e+02
1.446600257987289808e+02
1.446304586717749885e+02
1.446331775810103011e+02
1.445978287538025313e+02
1.445792958238136521e+02
1.445886955112142118e+02
1.445708259074895068e+02
1.445628360080173422e+02
1.446055872826385382e+02
1.446176574687944481e+02
1.446005029170860610e+02
1.445806959588757934e+02
1.446079368580864468e+02
1.446249939220195984e+02
1.445398993609445029e+02
1.445096488178604375e+02
1.445422354920762871e+02
1.444911551859229917e+02
1.445625744184662551e+02
1.445489810233495973e+02
1.446161684487289563e+02
1.444858471336795560e+02
1.445446219120621549e+02
1.445153295845439914e+02
1.445466754058086849e+02
1.445556044183565803e+02
1.445740196434310860e+02
1.445374367528853270e+02
1.445390523109005585e+02
1.445937907281247305e+02
1.445529150952508530e+02
1.445432005050350313e+02
1.445762094231953938e+02
1.445968206514296810e+02
1.445651835274176449e+02
1.445153013964797992e+02
1.445360579125851075e+02
1.445604286014877857e+02
1.446148956451222318e+02
1.445533285543609452e+02
1.445225820189407955e+02
1.445408007699686550e+02
1.445217187016125422e+02
1.445447534970715537e+02
1.445416537356017272e+02
1.444927895643223792e+02
1.444489985562264280e+02
1.444589604232103568e+02
1.444693406199359629e+02
1.445174646678704846e+02
1.444430579867493805e+02
1.445204728340415556e+02
1.444800703361800913e+02
1.444353246243340152e+02
1.444011272179435821e+02
1.444653866566471834e+02
1.444141089733350611e+02
1.444717344251812960e+02
1.445075821333787189e+02
1.444197519937375489e+02
1.444184315627479975e+02
1.443784612508609939e+02
1.444627413032099810e+02
1.444319991370853415e+02
1.444106873575561849e+02
1.444465832359423985e+02
1.444367733051892060e+02
1.444728227854889440e+02
1.444566041227252526e+02
1.444274341589944299e+02
1.443553739869236097e+02
1.444172794674651357e+02
1.444498404639728903e+02
1.444197587920978094e+02
1.444179532537044395e+02
1.444179958269345718e+02
1.444600900654094460e+02
1.444719450303402652e+02
1.443375074248309886e+02
1.443489397858168104e+02
1.443066217932584152e+02
1.443221928116552704e+02
1.443526114265304443e+02
1.443088514729233793e+02
1.442853686179590227e+02
1.442827428928484608e+02
1.442416553572091971e+02
1.442462343720025615e+02
1.442724268759460529e+02
1.442739469555881442e+02
1.443043227860260913e+02
1.443254598286758608e+02
1.442556934528620047e+02
1.443844829150994826e+02
1.442384381140846870e+02
1.442211883754793860e+02
1.442635269367391970e+02
1.442560476800664446e+02
1.442702656508988071e+02
1.442248802021137521e+02
1.442700731565984711e+02
1.442866137853101520e+02
1.442584483125480119e+02
1.442405185591140082e+02
1.442049063826907229e+02
1.441901052280028921e+02
1.441948185003117260e+02
1.441991571731372517e+02
1.441479497317816652e+02
1.441572874316972275e+02
1.441743296002289298e+02
1.441690265658408521e+02
1.441782433039058446e+02
1.441824131413095813e+02
1.441837112800019440e+02
1.441389887563331058e+02
1.441531683496159815e+02
1.441207310372654717e+02
1.440947834014691296e+02
1.441818613156219442e+02
1.441571143120809211e+02
1.442286112411612748e+02
1.442123892565957988e+02
1.442128917816789908e+02
1.442540429027939410e+02
1.442011486849718551e+02
1.441502747298990244e+02
1.441508030302579186e+02
1.441726317493341014e+02
1.441251732836716712e+02
1.440734241069615393e+02
1.441248426305823500e+02
1.441395682765744652e+02
1.440966281730593437e+02
1.441016173820729307e+02
1.440594835289337254e+02
1.440938341105285190e+02
1.440387390220064106e+02
1.440429282092079006e+02
1.440906855309422951e+02
1.440339414518706178e+02
1.440029384832405697e+02
1.440100079028262030e+02
1.440240208658628660e+02
1.440892443304203141e+02
1.441066242012737177e+02
1.440068786174759055e+02
1.441217114982587475e+02
1.440281413564260902e+02
1.440540363091420204e+02
1.441123150106544131e+02
1.440822263393423839e+02
1.440495123919036189e+02
1.440235453876410929e+02
1.440103154724753836e+02
1.440384985630966526e+02
1.440222736199186784e+02
1.440266081318127362e+02
1.440413519612080222e+02
1.440205963046890645e+02
1.440472337241540686e+02
1.439311697670677290e+02
1.439240602298143301e+02
1.439260915173824458e+02
1.439713542597984031e+02
1.439465385522968290e+02
1.439226571049019583e+02
1.438315096118355711e+02
1.439283804659071961e+02
1.438964375051817512e+02
1.438949890164998067e+02
1.439652808887753963e+02
1.439532115157474550e+02
1.439824351522686641e+02
1.439976671459908459e+02
1.439439489349413464e+02
1.439713022257607804e+02
1.438982092008031657e+02
1.439061507980225940e+02
1.439028655974153708e+02
1.438360408053036110e+02
1.438993499836041110e+02
1.438474784161606124e+02
1.439313451186792747e+02
1.438618899002753722e+02
1.438368339248210930e+02
1.438755221909525801e+02
1.438750397624758932e+02
1.438118328222222431e+02
1.438061573488148497e+02
1.438190836248314497e+02
1.438727712884104051e+02
1.438412867995006934e+02
1.438883203309429746e+02
1.438684323097106130e+02
1.439074418236350255e+02
1.438656675964597582e+02
1.437967776716525634e+02
1.438606058111044490e+02
1.438245332184869483e+02
1.438300134392450218e+02
1.437850683146684503e+02
1.437757165912531150e+02
1.437734498022489333e+02
1.437649400162047471e+02
1.437172816145440777e+02
1.437204394987999763e+02
1.437732806183302614e+02
1.437635171164512542e+02
1.437542405889442989e+02
1.437945505583887780e+02
1.437722644499019111e+02
1.437231296330556916e+02
1.437111048339771173e+02
1.437435794366988659e+02
1.436501999560153706e+02
1.437009540884521357e+02
1.436903514647268878e+02
1.437539801222447124e+02
1.437437094972578393e+02
1.437667059739115416e+02
1.437744497135488189e+02
1.437358578344079945e+02
1.437518296221352330e+02
1.436705217240714489e+02
1.436924030754851458e+02
1.436830540454761831e+02
1.437617815268836239e+02
1.436326106679479437e+02
1.436399374763905143e+02
1.436659978404574645e+02
1.437094894037694814e+02
1.436204922034226286e+02
1.436701617338767676e+02
1.436447973298819534e+02
1.436494592285102954e+02
1.436555734500429651e+02
1.436699784497215546e+02
1.435809007128150938e+02
1.435140919836587727e+02
1.436076751584665487e+02
1.436465385523083569e+02
1.436172933927738598e+02
1.436591626805484907e+02
1.436329584973373414e+02
1.436222050632146363e+02
1.436187460152687834e+02
1.435830995131417751e+02
1.436086362803004874e+02
1.435977606028508831e+02
1.435807623668040378e+02
1.435851137283365517e+02
1.435269775452470356e+02
1.435674878283724922e+02
1.435870949947737927e+02
1.435613156674382651e+02
1.435937695505317890e+02
1.435696401328702336e+02
1.435317247685222526e+02
1.435822164021495553e+02
1.435840630066358585e+02
1.435208758669135420e+02
1.435235453398490506e+02
1.433993014252936860e+02
1.434509067113278036e+02
1.434552201983493944e+02
1.434869754873997465e+02
1.434613822907669203e+02
1.435003260721983054e+02
1.435873481686983553e+02
1.434857699791676282e+02
1.435608961284972338e+02
1.434001304302873621e+02
1.434806481862507326e+02
1.436130324268489176e+02
1.434531691982426480e+02
1.434557701705437296e+02
1.434448285390536455e+02
1.434748381988997039e+02
1.434632946235741144e+02
1.434788895020591610e+02
1.434032730573670449e+02
1.434228103163510184e+02
1.434861673407359604e+02
1.434785690030328738e+02
1.434640805906313119e+02
1.435000621022859946e+02
1.434265043242151592e+02
1.433250364990682613e+02
1.434239468959265480e+02
1.434175140290066679e+02
1.433968599386264202e+02
1.434625996546095337e+02
1.434544742880538593e+02
1.434554524864833525e+02
1.434299687871003073e+02
1.434168780969849877e+02
1.434227090893481034e+02
1.433596423666491546e+02
1.433969487038712884e+02
1.433398123093901972e+02
1.433799901523483129e+02
1.434300696757721880e+02
1.434669502278678976e+02
1.433931669273289629e+02
1.433934060743609109e+02
1.433516668428819116e+02
1.433515781206530448e+02
1.433661000912984775e+02
1.433835321970141763e+02
1.433043427387354427e+02
1.433708607651893203e+02
1.433948079225819185e+02
1.433482601610533038e+02
1.433146272093171092e+02
1.433302779977443890e+02
1.433527663124194760e+02
1.433589452294066007e+02
1.432580447514213517e+02
1.432396392409645500e+02
1.432711048406302723e+02
1.433562424062816092e+02
1.433294342677359339e+02
1.432835520068392441e+02
1.432514102760042931e+02
1.432752024050961950e+02
1.432545606861419856e+02
1.432849953815061781e+02
1.432322411471951398e+02
1.432061713236617493e+02
1.432340351412367170e+02
1.432613327370406466e+02
1.432464416595498449e+02
1.432548142563843498e+02
1.431967144335035016e+02
1.431638927148728442e+02
1.432432460552854252e+02
1.432231524589947753e+02
1.432203114309239993e+02
1.432889262636665251e+02
1.432945399350354023e+02
1.433065561268019223e+02
1.433289240603303369e+02
1.432169677066541453e+02
1.432526798167100424e+02
1.432554717364346573e+02
1.432496062815123992e+02
1.432579576724842809e+02
1.432950176856045061e+02
1.432532704291804464e+02
1.432622083040462257e+02
1.432660655333550039e+02
1.432336739502735838e+02
1.432462957430569475e+02
1.431989943983502087e+02
1.431343250499641897e+02
1.431825077513805411e+02
1.431884890817309497e+02
1.431655991954413878e+02
1.431364067622875496e+02
1.432048406252578161e+02
1.431528062083048383e+02
1.430944686133475727e+02
1.431031400754739025e+02
1.431034901298922648e+02
1.430520974722859080e+02
1.430277487017705482e+02
1.429583083981320613e+02
1.431542989126898817e+02
1.430931210916261875e+02
1.430338700468620345e+02
1.430074540929732620e+02
1.430236724697174111e+02
1.430286317484120957e+02
1.429923098942222168e+02
1.429375992791259478e+02
1.430111875103615944e+02
1.429381206854254174e+02
1.429490096287685503e+02
1.430111310285410866e+02
1.431089001044557847e+02
1.429408384015925151e+02
1.429934829660820981e+02
1.430298213915561405e+02
1.429987126609506731e+02
1.429773002890919713e+02
1.430270681089781419e+02
1.430336499639292924e+02
1.430223862871295353e+02
1.430528660719107279e+02
1.431070820291377004e+02
1.430711208573834483e+02
1.432054584866965001e+02
1.430987039345906737e+02
1.430465984548219183e+02
1.430357775525733928e+02
1.430888282931954052e+02
1.431219192032363026e+02
1.431335458379813019e+02
1.431605872909559025e+02
1.431902682644356162e+02
1.431786729535206462e+02
1.431258125440266156e+02
1.430650464529670671e+02
1.430177930307850431e+02
1.431020440717487361e+02
1.430589879843817869e+02
1.431308192114096300e+02
1.431932103624463934e+02
1.431185466646523423e+02
1.431346064611445286e+02
1.430301542899631215e+02
1.431634721744904652e+02
1.430769584828516940e+02
1.430210861300481326e+02
1.430253650313589446e+02
1.429731396233540295e+02
1.429633305326628090e+02
1.428923162761488470e+02
1.428756554548182578e+02
1.428654773507122400e+02
1.428296611713938091e+02
1.428126300871502679e+02
1.428096482573837420e+02
1.428247215496988929e+02
1.428354921632206072e+02
1.428033907092581387e+02
1.428659204027252372e+02
1.429181456146364724e+02
1.428299343401462806e+02
1.428724150852491448e+02
1.429197150293073832e+02
1.428386814014467632e+02
1.428268889234190340e+02
1.427680894752477911e+02
1.427735562557942899e+02
1.427325826780228510e+02
1.427532712379325801e+02
1.427142437682328477e+02
1.427182761338671355e+02
1.426812417410302771e+02
1.426932966507934282e+02
1.427309843131307616e+02
1.426641324209199695e+02
1.426492355987348049e+02
1.427255356396782702e+02
1.427132621705756890e+02
1.427405692904285104e+02
1.426992350764384696e+02
1.426400215682196517e+02
1.427054096910697751e+02
1.427656836428087388e+02
1.427679832431872455e+02
1.427516559436509738e+02
1.426989261092358277e+02
1.426847446254206773e+02
1.426819172208217310e+02
1.426357133311330472e+02
1.426727885319162112e+02
1.427061528201743386e+02
1.427269833060382211e+02
1.427449304962486281e+02
1.426750421036386456e+02
1.426629890592416814e+02
1.426021693746431822e+02
1.425544713599475415e+02
1.425724707455278519e+02
1.425907453901288022e+02
1.425905026616609632e+02
1.426110966436612557e+02
1.425554924635571297e+02
1.425416600374136067e+02
1.425628550876350005e+02
1.426265096141446804e+02
1.425678198951667071e+02
1.426179271359912093e+02
1.426214312975012888e+02
1.425816161060733123e+02
1.425877649082442247e+02
1.426744425717619436e+02
1.426255079232830099e+02
1.426490074025213630e+02
1.426965715960757848e+02
1.426520956538783196e+02
1.426949926174101506e+02
1.426984960382515908e+02
1.426420261487032519e+02
1.426220248724770840e+02
1.426241408240994133e+02
1.425718269427783298e+02
1.425569014989835921e+02
1.426111528195833955e+02
1.426089933947991995e+02
1.425644256829265544e+02
1.425383756484055198e+02
1.425486251798431852e+02
1.425645918647551298e+02
1.425168677073752974e+02
1.425387809603656990e+02
1.425267178637504344e+02
1.425565309553260533e+02
1.425074935271188394e+02
1.425028303463013799e+02
1.425321687502871555e+02
1.425368106920219873e+02
1.425676052837535508e+02
1.425142529458535421e+02
1.425162610636440377e+02
1.424906220942990274e+02
1.424431556287447052e+02
1.424284458820697807e+02
1.424043772195300050e+02
1.423912073666903666e+02
1.423672877109296451e+02
1.424573446227012141e+02
1.423872332714285847e+02
1.423822077802267358e+02
1.424082182001289709e+02
1.424245018699105003e+02
1.424651010375793305e+02
1.424297148034161182e+02
1.423848701167173658e+02
1.423477178596568251e+02
1.423813515771045104e+02
1.424741795984311921e+02
1.423681428705901055e+02
1.423489474054245534e+02
1.423951138561616290e+02
1.423837005765057881e+02
1.423731019911039937e+02
1.423751043377713188e+02
1.424242427102407760e+02
1.424409581146894368e+02
1.424327708080651860e+02
1.424073385884901768e+02
1.423853133613648652e+02
1.423725047321466377e+02
1.424103404890740023e+02
1.423921539327236019e+02
1.423514336445780941e+02
1.422915841664021741e+02
1.422717201265078018e+02
1.422300903539437797e+02
1.422550959778608046e+02
1.422975380776822476e+02
1.422492563681694548e+02
1.422425246654448472e+02
1.423034725696979308e+02
1.422975336732909852e+02
1.422992050901292771e+02
1.422729046871172329e+02
1.422235808919893998e+02
1.422502462431243941e+02
1.421711939711196067e+02
1.422488014954531081e+02
1.422228800453086137e+02
1.422258576005655755e+02
1.422689274698468296e+02
1.422070077461655728e+02
1.421841392027978372e+02
1.421781662225825471e+02
1.421766591054506534e+02
1.420750951822213040e+02
1.421673632305334820e+02
1.421024493992681244e+02
1.421132840157140720e+02
1.421010930087901443e+02
1.421757487160125208e+02
1.420616602161075264e+02
1.421244529444073237e+02
1.421617462812164376e+02
1.421377838832858913e+02
1.421404973490254804e+02
1.421287516567730904e+02
1.421411470156960206e+02
1.421414232544223353e+02
1.420888128452074284e+02
1.420968655590909862e+02
1.420880595100213100e+02
1.421430468098457993e+02
1.421516020514623051e+02
1.421295333886289711e+02
1.421367125293317599e+02
1.420917073078224178e+02
1.420706091094393457e+02
1.420421467818470944e+02
1.420659242134133819e+02
1.420024652704442474e+02
1.419927955211537949e+02
1.420693387494373212e+02
1.420253611334291008e+02
1.419703448794291774e+02
1.419731189251823764e+02
1.419723396547372545e+02
1.420062963193565224e+02
1.420021830979503363e+02
1.420308512228315294e+02
1.420291083428108436e+02
1.420046827805307998e+02
1.420301188731910145e+02
1.420403229315454610e+02
1.420637886606540121e+02
1.420263178205337056e+02
1.420354415198082734e+02
1.421042444513637975e+02
1.421249977657416821e+02
1.420737361106309322e+02
1.420504769564275875e+02
1.420340549631889644e+02
1.420304666463738670e+02
1.419990748076823763e+02
1.419777003657620753e+02
1.419670467498769995e+02
1.419712903457606501e+02
1.419666605663330188e+02
1.419998022569223792e+02
1.419700150902311009e+02
1.419223501181215852e+02
1.418941456617573635e+02
1.419325130056091666e+02
1.419227466069512502e+02
1.419228860729906501e+02
1.419143792500207439e+02
1.418568744487385516e+02
1.418895004976542396e+02
1.418782135562088058e+02
1.418902989289889263e+02
1.419598006972757958e+02
1.419125773680778195e+02
1.419617551258124877e+02
1.418900718171739754e+02
1.418927131872434302e+02
1.419016263636569306e+02
1.419039781201385608e+02
1.418151091262695616e+02
1.418395744838167332e+02
1.417506761179357682e+02
1.418200249729787288e+02
1.418252341821873586e+02
1.418122500898987823e+02
1.417269459401687186e+02
1.417967468727630944e+02
1.417446089420471367e+02
1.417490552733852667e+02
1.417126427839687608e+02
1.416962266218698119e+02
1.416404374857576727e+02
1.417204246042413160e+02
1.416869563494066142e+02
1.416909316363260700e+02
1.418086423662064988e+02
1.417874007639361196e+02
1.417323575229131336e+02
1.417623427146973256e+02
1.418485757444817352e+02
1.416992895936131163e+02
1.417595269931142639e+02
1.417088453010008777e+02
1.417018492347597203e+02
1.416995317613162229e+02
1.417289756774429463e+02
1.417389647147364542e+02
1.417341069452866407e+02
1.417579170619999900e+02
1.416630832041903432e+02
1.416636300113330833e+02
1.416334104664395568e+02
1.416603277898385898e+02
1.416130266900357242e+02
1.415847578537541835e+02
1.415568535944880466e+02
1.415221224959725532e+02
1.415528904595680615e+02
1.415549907243265011e+02
1.415504319724366837e+02
1.415920803688258900e+02
1.416155029328421051e+02
1.415559483229224043e+02
1.415372839201489512e+02
1.415733326902000329e+02
1.415618509372915810e+02
1.415627985638366226e+02
1.415423496651050925e+02
1.415133499017991880e+02
1.415836572681592145e+02
1.415519471395256801e+02
1.415781217740984346e+02
1.415955155749442724e+02
1.416121943760578006e+02
1.415679256714883252e+02
1.414968754405470293e+02
1.415183726317080755e+02
1.414840233539009660e+02
1.414769892984502633e+02
1.414911981060167534e+02
1.415406744117350684e+02
1.414695568640777594e+02
1.414675412235729937e+02
1.415194559334808275e+02
1.415977358834422830e+02
1.415795621216265943e+02
1.416219613990902815e+02
1.415668610248980031e+02
1.415173718645233691e+02
1.415445118535503752e+02
1.414642532843147364e+02
1.414952698294214599e+02
1.414794636648532276e+02
1.415007990058587666e+02
1.415113564759419660e+02
1.415444038170489307e+02
1.415316339202724123e+02
1.415387511103430995e+02
1.415071524939883432e+02
1.414177864069545194e+02
1.414044843807677125e+02
1.414022367800530446e+02
1.414577584846830689e+02
1.414223563559940828e+02
1.413913565621466546e+02
1.414380998847734361e+02
1.413722945260193171e+02
1.413143357204159827e+02
1.413651677234370254e+02
1.413786971874589256e+02
1.413835363000516736e+02
1.413672799099957729e+02
1.413069758242130263e+02
1.413329081002036105e+02
1.413230519978582151e+02
1.413471082617321031e+02
1.413385454355026809e+02
1.413808350794889748e+02
1.413786318812710476e+02
1.413721787676068686e+02
1.413948449615349148e+02
1.412900335698761580e+02
1.412824301717878939e+02
1.413056815628286813e+02
1.413502908434821563e+02
1.413059063335974486e+02
1.413211918369888735e+02
1.413309875646181695e+02
1.413115209401864263e+02
1.412615386930255852e+02
1.412572609470399243e+02
1.413793888202106643e+02
1.412825167296515474e+02
1.413077253096328718e+02
1.413209683937589318e+02
1.413061037615667317e+02
1.412155554259458654e+02
1.412039649197581923e+02
1.412260652123019042e+02
1.412827760467151847e+02
1.412418192292660706e+02
1.412668334604881579e+02
1.413248688795135024e+02
1.413493237337283688e+02
1.413145608147758026e+02
1.413210248142587773e+02
1.412259049586276660e+02
1.411943476912465485e+02
1.412140560156675519e+02
1.412301026055720570e+02
1.412682747956630465e+02
1.411976135846336149e+02
1.412183080289077566e+02
1.412108517083681534e+02
1.411764873438813197e+02
1.411735662127268540e+02
1.411895849410944095e+02
1.411707410006001737e+02
1.411685661705168116e+02
1.411243182710189785e+02
1.411026520627276284e+02
1.411376241666850717e+02
1.411459963353524643e+02
1.411271627947606078e+02
1.412046028887730529e+02
1.411690265210530129e+02
1.411318071980328170e+02
1.410831966027674298e+02
1.410767455621973454e+02
1.410955410216207326e+02
1.411029674667827862e+02
1.411198504054065097e+02
1.411225422895958275e+02
1.411228791212137992e+02
1.410953746691229753e+02
1.410754677997061322e+02
1.410598521545421704e+02
1.410987510694276921e+02
1.411035946390416314e+02
1.411117897914497235e+02
1.410813471174759854e+02
1.410776780020086676e+02
1.411007681556131956e+02
1.409682566843784173e+02
1.409282276361507797e+02
1.409984315016893675e+02
1.410094557731316627e+02
1.410001894558754714e+02
1.410451317200242727e+02
1.409639411343146378e+02
1.410641023736247064e+02
1.409424211476554945e+02
1.409961861806942522e+02
1.409736868414159403e+02
1.408959929206833692e+02
1.410128546125837374e+02
1.410266541559318796e+02
1.410595556215239981e+02
1.410126311367633036e+02
1.410105284249777924e+02
1.409367894148281835e+02
1.409670757335890414e+02
1.410608242082824404e+02
1.409219300134175228e+02
1.410235059515541707e+02
1.410455098630227724e+02
1.409814985134732979e+02
1.409561360184791852e+02
1.409417110694974724e+02
1.409141057574842080e+02
1.409507082770621196e+02
1.409564815185792668e+02
1.409165990109318045e+02
1.408826500260129251e+02
1.408787951562603951e+02
1.409427956938587556e+02
1.409825991529380929e+02
1.409373442804993886e+02
1.409110815008658619e+02
1.408356188189523834e+02
1.408677572172039163e+02
1.408659630397064859e+02
1.409239925854674027e+02
1.408995234258224798e+02
1.409282801087493624e+02
1.408309234402561287e+02
1.408579621867000071e+02
1.408529956574684263e+02
1.408627207614163126e+02
1.409252405979479192e+02
1.408418408782053177e+02
1.408573841021811006e+02
1.408105001776014262e+02
1.408075291891162237e+02
1.407060631881044799e+02
1.407834977014655067e+02
1.407409552945806013e+02
1.407648873083433045e+02
1.407880580511836399e+02
1.408169620544628913e+02
1.406965500590317504e+02
1.407008894862049999e+02
1.407419123838997450e+02
1.407086015786604491e+02
1.407621217944794694e+02
1.407663911689209613e+02
1.407168942414614605e+02
1.407188772708147155e+02
1.407689986492463561e+02
1.407181246520750904e+02
1.406939345775132324e+02
