4.137295833000000130e+04
4.137299999666666554e+04
4.137304166333332978e+04
4.137308332999999402e+04
4.137312499666665826e+04
4.137316666333332250e+04
4.137320832999998674e+04
4.137324999666665099e+04
4.137329166333331523e+04
4.137333332999997947e+04
4.137337499666664371e+04
4.137341666333330795e+04
4.137345832999997219e+04
4.137349999666663643e+04
4.137354166333330068e+04
4.137358332999996492e+04
4.137362499666662916e+04
4.137366666333329340e+04
4.137370832999995764e+04
4.137374999666662188e+04
4.137379166333328612e+04
4.137383332999995037e+04
4.137387499666661461e+04
4.137391666333327885e+04
4.137395832999994309e+04
4.137399999666660733e+04
4.137404166333327157e+04
4.137408332999993581e+04
4.137412499666660005e+04
4.137416666333326430e+04
4.137420832999992854e+04
4.137424999666659278e+04
4.137429166333325702e+04
4.137433332999992126e+04
4.137437499666658550e+04
4.137441666333324974e+04
4.137445832999991399e+04
4.137449999666657823e+04
4.137454166333324247e+04
4.137458332999990671e+04
4.137462499666657095e+04
4.137466666333323519e+04
4.137470832999989943e+04
4.137474999666656367e+04
4.137479166333322792e+04
4.137483332999989216e+04
4.137487499666655640e+04
4.137491666333322064e+04
4.137495832999988488e+04
4.137499999666654912e+04
4.137504166333321336e+04
4.137508332999987761e+04
4.137512499666654185e+04
4.137516666333320609e+04
4.137520832999987033e+04
4.137524999666653457e+04
4.137529166333319881e+04
4.137533332999986305e+04
4.137537499666652730e+04
4.137541666333319154e+04
4.137545832999985578e+04
4.137549999666652002e+04
4.137554166333318426e+04
4.137558332999984850e+04
4.137562499666651274e+04
4.137566666333317698e+04
4.137570832999984123e+04
4.137574999666650547e+04
4.137579166333316971e+04
4.137583332999983395e+04
4.137587499666649819e+04
4.137591666333316243e+04
4.137595832999982667e+04
4.137599999666649092e+04
4.137604166333315516e+04
4.137608332999981940e+04
4.137612499666648364e+04
4.137616666333314788e+04
4.137620832999981212e+04
4.137624999666647636e+04
4.137629166333314060e+04
4.137633332999980485e+04
4.137637499666646909e+04
4.137641666333313333e+04
4.137645832999979757e+04
4.137649999666646181e+04
4.137654166333312605e+04
4.137658332999979029e+04
4.137662499666645454e+04
4.137666666333311878e+04
4.137670832999978302e+04
4.137674999666644726e+04
4.137679166333311150e+04
4.137683332999977574e+04
4.137687499666643998e+04
4.137691666333310422e+04
4.137695832999976847e+04
4.137699999666643271e+04
4.137704166333309695e+04
4.137708332999976119e+04
4.137712499666642543e+04
4.137716666333308967e+04
4.137720832999975391e+04
4.137724999666641816e+04
4.137729166333308240e+04
4.137733332999974664e+04
4.137737499666641088e+04
4.137741666333307512e+04
4.137745832999973936e+04
4.137749999666640360e+04
4.137754166333306785e+04
4.137758332999973209e+04
4.137762499666639633e+04
4.137766666333306057e+04
4.137770832999972481e+04
4.137774999666638905e+04
4.137779166333305329e+04
4.137783332999971753e+04
4.137787499666638178e+04
4.137791666333304602e+04
4.137795832999971026e+04
4.137799999666637450e+04
4.137804166333303874e+04
4.137808332999970298e+04
4.137812499666636722e+04
4.137816666333303147e+04
4.137820832999969571e+04
4.137824999666635995e+04
4.137829166333302419e+04
4.137833332999968843e+04
4.137837499666635267e+04
4.137841666333301691e+04
4.137845832999968115e+04
4.137849999666634540e+04
4.137854166333300964e+04
4.137858332999967388e+04
4.137862499666633812e+04
4.137866666333300236e+04
4.137870832999966660e+04
4.137874999666633084e+04
4.137879166333299509e+04
4.137883332999965933e+04
4.137887499666632357e+04
4.137891666333298781e+04
4.137895832999965205e+04
4.137899999666631629e+04
4.137904166333298053e+04
4.137908332999964477e+04
4.137912499666630902e+04
4.137916666333297326e+04
4.137920832999963750e+04
4.137924999666630174e+04
4.137929166333296598e+04
4.137933332999963022e+04
4.137937499666629446e+04
4.137941666333295871e+04
4.137945832999962295e+04
4.137949999666628719e+04
4.137954166333295143e+04
4.137958332999961567e+04
4.137962499666627991e+04
4.137966666333294415e+04
4.137970832999960840e+04
4.137974999666627264e+04
4.137979166333293688e+04
4.137983332999960112e+04
4.137987499666626536e+04
4.137991666333292960e+04
4.137995832999959384e+04
4.137999999666625808e+04
4.138004166333292233e+04
4.138008332999958657e+04
4.138012499666625081e+04
4.138016666333291505e+04
4.138020832999957929e+04
4.138024999666624353e+04
4.138029166333290777e+04
4.138033332999957202e+04
4.138037499666623626e+04
4.138041666333290050e+04
4.138045832999956474e+04
4.138049999666622898e+04
4.138054166333289322e+04
4.138058332999955746e+04
4.138062499666622170e+04
4.138066666333288595e+04
4.138070832999955019e+04
4.138074999666621443e+04
4.138079166333287867e+04
4.138083332999954291e+04
4.138087499666620715e+04
4.138091666333287139e+04
4.138095832999953564e+04
4.138099999666619988e+04
4.138104166333286412e+04
4.138108332999952836e+04
4.138112499666619260e+04
4.138116666333285684e+04
4.138120832999952108e+04
4.138124999666618533e+04
4.138129166333284957e+04
4.138133332999951381e+04
4.138137499666617805e+04
4.138141666333284229e+04
4.138145832999950653e+04
4.138149999666617077e+04
4.138154166333283501e+04
4.138158332999949926e+04
4.138162499666616350e+04
4.138166666333282774e+04
4.138170832999949198e+04
4.138174999666615622e+04
4.138179166333282046e+04
4.138183332999948470e+04
4.138187499666614895e+04
4.138191666333281319e+04
4.138195832999947743e+04
4.138199999666614167e+04
4.138204166333280591e+04
4.138208332999947015e+04
4.138212499666613439e+04
4.138216666333279863e+04
4.138220832999946288e+04
4.138224999666612712e+04
4.138229166333279136e+04
4.138233332999945560e+04
4.138237499666611984e+04
4.138241666333278408e+04
4.138245832999944832e+04
4.138249999666611257e+04
4.138254166333277681e+04
4.138258332999944105e+04
4.138262499666610529e+04
4.138266666333276953e+04
4.138270832999943377e+04
4.138274999666609801e+04
4.138279166333276225e+04
4.138283332999942650e+04
4.138287499666609074e+04
4.138291666333275498e+04
4.138295832999941922e+04
4.138299999666608346e+04
4.138304166333274770e+04
4.138308332999941194e+04
4.138312499666607619e+04
4.138316666333274043e+04
4.138320832999940467e+04
4.138324999666606891e+04
4.138329166333273315e+04
4.138333332999939739e+04
4.138337499666606163e+04
4.138341666333272588e+04
4.138345832999939012e+04
4.138349999666605436e+04
4.138354166333271860e+04
4.138358332999938284e+04
4.138362499666604708e+04
4.138366666333271132e+04
4.138370832999937556e+04
4.138374999666603981e+04
4.138379166333270405e+04
4.138383332999936829e+04
4.138387499666603253e+04
4.138391666333269677e+04
4.138395832999936101e+04
4.138399999666602525e+04
4.138404166333268950e+04
4.138408332999935374e+04
4.138412499666601798e+04
4.138416666333268222e+04
4.138420832999934646e+04
4.138424999666601070e+04
4.138429166333267494e+04
4.138433332999933918e+04
4.138437499666600343e+04
4.138441666333266767e+04
4.138445832999933191e+04
4.138449999666599615e+04
4.138454166333266039e+04
4.138458332999932463e+04
4.138462499666598887e+04
4.138466666333265312e+04
4.138470832999931736e+04
4.138474999666598160e+04
4.138479166333264584e+04
4.138483332999931008e+04
4.138487499666597432e+04
4.138491666333263856e+04
4.138495832999930280e+04
4.138499999666596705e+04
4.138504166333263129e+04
4.138508332999929553e+04
4.138512499666595977e+04
4.138516666333262401e+04
4.138520832999928825e+04
4.138524999666595249e+04
4.138529166333261674e+04
4.138533332999928098e+04
4.138537499666594522e+04
4.138541666333260946e+04
4.138545832999927370e+04
4.138549999666593794e+04
4.138554166333260218e+04
4.138558332999926643e+04
4.138562499666593067e+04
4.138566666333259491e+04
4.138570832999925915e+04
4.138574999666592339e+04
4.138579166333258763e+04
4.138583332999925187e+04
4.138587499666591611e+04
4.138591666333258036e+04
4.138595832999924460e+04
4.138599999666590884e+04
4.138604166333257308e+04
4.138608332999923732e+04
4.138612499666590156e+04
4.138616666333256580e+04
4.138620832999923005e+04
4.138624999666589429e+04
4.138629166333255853e+04
4.138633332999922277e+04
4.138637499666588701e+04
4.138641666333255125e+04
4.138645832999921549e+04
4.138649999666587973e+04
4.138654166333254398e+04
4.138658332999920822e+04
4.138662499666587246e+04
4.138666666333253670e+04
4.138670832999920094e+04
4.138674999666586518e+04
4.138679166333252942e+04
4.138683332999919367e+04
4.138687499666585791e+04
4.138691666333252215e+04
4.138695832999918639e+04
4.138699999666585063e+04
4.138704166333251487e+04
4.138708332999917911e+04
4.138712499666584336e+04
4.138716666333250760e+04
4.138720832999917184e+04
4.138724999666583608e+04
4.138729166333250032e+04
4.138733332999916456e+04
4.138737499666582880e+04
4.138741666333249304e+04
4.138745832999915729e+04
4.138749999666582153e+04
4.138754166333248577e+04
4.138758332999915001e+04
4.138762499666581425e+04
4.138766666333247849e+04
4.138770832999914273e+04
4.138774999666580698e+04
4.138779166333247122e+04
4.138783332999913546e+04
4.138787499666579970e+04
4.138791666333246394e+04
4.138795832999912818e+04
4.138799999666579242e+04
4.138804166333245666e+04
4.138808332999912091e+04
4.138812499666578515e+04
4.138816666333244939e+04
4.138820832999911363e+04
4.138824999666577787e+04
4.138829166333244211e+04
4.138833332999910635e+04
4.138837499666577060e+04
4.138841666333243484e+04
4.138845832999909908e+04
4.138849999666576332e+04
4.138854166333242756e+04
4.138858332999909180e+04
4.138862499666575604e+04
4.138866666333242028e+04
4.138870832999908453e+04
4.138874999666574877e+04
4.138879166333241301e+04
4.138883332999907725e+04
4.138887499666574149e+04
4.138891666333240573e+04
4.138895832999906997e+04
4.138899999666573422e+04
4.138904166333239846e+04
4.138908332999906270e+04
4.138912499666572694e+04
4.138916666333239118e+04
4.138920832999905542e+04
4.138924999666571966e+04
4.138929166333238391e+04
4.138933332999904815e+04
4.138937499666571239e+04
4.138941666333237663e+04
4.138945832999904087e+04
4.138949999666570511e+04
4.138954166333236935e+04
4.138958332999903359e+04
4.138962499666569784e+04
4.138966666333236208e+04
4.138970832999902632e+04
4.138974999666569056e+04
4.138979166333235480e+04
4.138983332999901904e+04
4.138987499666568328e+04
4.138991666333234753e+04
4.138995832999901177e+04
4.138999999666567601e+04
4.139004166333234025e+04
4.139008332999900449e+04
4.139012499666566873e+04
4.139016666333233297e+04
4.139020832999899721e+04
4.139024999666566146e+04
4.139029166333232570e+04
4.139033332999898994e+04
4.139037499666565418e+04
4.139041666333231842e+04
4.139045832999898266e+04
4.139049999666564690e+04
4.139054166333231115e+04
4.139058332999897539e+04
4.139062499666563963e+04
4.139066666333230387e+04
4.139070832999896811e+04
4.139074999666563235e+04
4.139079166333229659e+04
4.139083332999896083e+04
4.139087499666562508e+04
4.139091666333228932e+04
4.139095832999895356e+04
4.139099999666561780e+04
4.139104166333228204e+04
4.139108332999894628e+04
4.139112499666561052e+04
4.139116666333227477e+04
4.139120832999893901e+04
4.139124999666560325e+04
4.139129166333226749e+04
4.139133332999893173e+04
4.139137499666559597e+04
4.139141666333226021e+04
4.139145832999892446e+04
4.139149999666558870e+04
4.139154166333225294e+04
4.139158332999891718e+04
4.139162499666558142e+04
4.139166666333224566e+04
4.139170832999890990e+04
4.139174999666557414e+04
4.139179166333223839e+04
4.139183332999890263e+04
4.139187499666556687e+04
4.139191666333223111e+04
4.139195832999889535e+04
4.139199999666555959e+04
4.139204166333222383e+04
4.139208332999888808e+04
4.139212499666555232e+04
4.139216666333221656e+04
4.139220832999888080e+04
4.139224999666554504e+04
4.139229166333220928e+04
4.139233332999887352e+04
4.139237499666553776e+04
4.139241666333220201e+04
4.139245832999886625e+04
4.139249999666553049e+04
4.139254166333219473e+04
4.139258332999885897e+04
4.139262499666552321e+04
4.139266666333218745e+04
4.139270832999885170e+04
4.139274999666551594e+04
4.139279166333218018e+04
4.139283332999884442e+04
4.139287499666550866e+04
4.139291666333217290e+04
4.139295832999883714e+04
4.139299999666550138e+04
4.139304166333216563e+04
4.139308332999882987e+04
4.139312499666549411e+04
4.139316666333215835e+04
4.139320832999882259e+04
4.139324999666548683e+04
4.139329166333215107e+04
4.139333332999881532e+04
4.139337499666547956e+04
4.139341666333214380e+04
4.139345832999880804e+04
4.139349999666547228e+04
4.139354166333213652e+04
4.139358332999880076e+04
4.139362499666546501e+04
4.139366666333212925e+04
4.139370832999879349e+04
4.139374999666545773e+04
4.139379166333212197e+04
4.139383332999878621e+04
4.139387499666545045e+04
4.139391666333211469e+04
4.139395832999877894e+04
4.139399999666544318e+04
4.139404166333210742e+04
4.139408332999877166e+04
4.139412499666543590e+04
4.139416666333210014e+04
4.139420832999876438e+04
4.139424999666542863e+04
4.139429166333209287e+04
4.139433332999875711e+04
4.139437499666542135e+04
4.139441666333208559e+04
4.139445832999874983e+04
4.139449999666541407e+04
4.139454166333207831e+04
4.139458332999874256e+04
4.139462499666540680e+04
4.139466666333207104e+04
4.139470832999873528e+04
4.139474999666539952e+04
4.139479166333206376e+04
4.139483332999872800e+04
4.139487499666539225e+04
4.139491666333205649e+04
4.139495832999872073e+04
4.139499999666538497e+04
4.139504166333204921e+04
4.139508332999871345e+04
4.139512499666537769e+04
4.139516666333204194e+04
4.139520832999870618e+04
4.139524999666537042e+04
4.139529166333203466e+04
4.139533332999869890e+04
4.139537499666536314e+04
4.139541666333202738e+04
4.139545832999869162e+04
4.139549999666535587e+04
4.139554166333202011e+04
4.139558332999868435e+04
4.139562499666534859e+04
4.139566666333201283e+04
4.139570832999867707e+04
4.139574999666534131e+04
4.139579166333200556e+04
4.139583332999866980e+04
4.139587499666533404e+04
4.139591666333199828e+04
4.139595832999866252e+04
4.139599999666532676e+04
4.139604166333199100e+04
4.139608332999865524e+04
4.139612499666531949e+04
4.139616666333198373e+04
4.139620832999864797e+04
4.139624999666531221e+04
4.139629166333197645e+04
4.139633332999864069e+04
4.139637499666530493e+04
4.139641666333196918e+04
4.139645832999863342e+04
4.139649999666529766e+04
4.139654166333196190e+04
4.139658332999862614e+04
4.139662499666529038e+04
4.139666666333195462e+04
4.139670832999861886e+04
4.139674999666528311e+04
4.139679166333194735e+04
4.139683332999861159e+04
4.139687499666527583e+04
4.139691666333194007e+04
4.139695832999860431e+04
4.139699999666526855e+04
4.139704166333193280e+04
4.139708332999859704e+04
4.139712499666526128e+04
4.139716666333192552e+04
4.139720832999858976e+04
4.139724999666525400e+04
4.139729166333191824e+04
4.139733332999858249e+04
4.139737499666524673e+04
4.139741666333191097e+04
4.139745832999857521e+04
4.139749999666523945e+04
4.139754166333190369e+04
4.139758332999856793e+04
4.139762499666523217e+04
4.139766666333189642e+04
4.139770832999856066e+04
4.139774999666522490e+04
4.139779166333188914e+04
4.139783332999855338e+04
4.139787499666521762e+04
4.139791666333188186e+04
4.139795832999854611e+04
4.139799999666521035e+04
4.139804166333187459e+04
4.139808332999853883e+04
4.139812499666520307e+04
4.139816666333186731e+04
4.139820832999853155e+04
4.139824999666519579e+04
4.139829166333186004e+04
4.139833332999852428e+04
4.139837499666518852e+04
4.139841666333185276e+04
4.139845832999851700e+04
4.139849999666518124e+04
4.139854166333184548e+04
4.139858332999850973e+04
4.139862499666517397e+04
4.139866666333183821e+04
4.139870832999850245e+04
4.139874999666516669e+04
4.139879166333183093e+04
4.139883332999849517e+04
4.139887499666515941e+04
4.139891666333182366e+04
4.139895832999848790e+04
4.139899999666515214e+04
4.139904166333181638e+04
4.139908332999848062e+04
4.139912499666514486e+04
4.139916666333180910e+04
4.139920832999847335e+04
4.139924999666513759e+04
4.139929166333180183e+04
4.139933332999846607e+04
4.139937499666513031e+04
4.139941666333179455e+04
4.139945832999845879e+04
4.139949999666512304e+04
4.139954166333178728e+04
4.139958332999845152e+04
4.139962499666511576e+04
4.139966666333178000e+04
4.139970832999844424e+04
4.139974999666510848e+04
4.139979166333177272e+04
4.139983332999843697e+04
4.139987499666510121e+04
4.139991666333176545e+04
4.139995832999842969e+04
4.139999999666509393e+04
4.140004166333175817e+04
4.140008332999842241e+04
4.140012499666508666e+04
4.140016666333175090e+04
4.140020832999841514e+04
4.140024999666507938e+04
4.140029166333174362e+04
4.140033332999840786e+04
4.140037499666507210e+04
4.140041666333173634e+04
4.140045832999840059e+04
4.140049999666506483e+04
4.140054166333172907e+04
4.140058332999839331e+04
4.140062499666505755e+04
4.140066666333172179e+04
4.140070832999838603e+04
4.140074999666505028e+04
4.140079166333171452e+04
4.140083332999837876e+04
4.140087499666504300e+04
4.140091666333170724e+04
4.140095832999837148e+04
4.140099999666503572e+04
4.140104166333169997e+04
4.140108332999836421e+04
4.140112499666502845e+04
4.140116666333169269e+04
4.140120832999835693e+04
4.140124999666502117e+04
4.140129166333168541e+04
4.140133332999834965e+04
4.140137499666501390e+04
4.140141666333167814e+04
4.140145832999834238e+04
4.140149999666500662e+04
4.140154166333167086e+04
4.140158332999833510e+04
4.140162499666499934e+04
4.140166666333166359e+04
4.140170832999832783e+04
4.140174999666499207e+04
4.140179166333165631e+04
4.140183332999832055e+04
4.140187499666498479e+04
4.140191666333164903e+04
4.140195832999831327e+04
4.140199999666497752e+04
4.140204166333164176e+04
4.140208332999830600e+04
4.140212499666497024e+04
4.140216666333163448e+04
4.140220832999829872e+04
4.140224999666496296e+04
4.140229166333162721e+04
4.140233332999829145e+04
4.140237499666495569e+04
4.140241666333161993e+04
4.140245832999828417e+04
4.140249999666494841e+04
4.140254166333161265e+04
4.140258332999827689e+04
4.140262499666494114e+04
4.140266666333160538e+04
4.140270832999826962e+04
4.140274999666493386e+04
4.140279166333159810e+04
4.140283332999826234e+04
4.140287499666492658e+04
4.140291666333159083e+04
4.140295832999825507e+04
4.140299999666491931e+04
4.140304166333158355e+04
4.140308332999824779e+04
4.140312499666491203e+04
4.140316666333157627e+04
4.140320832999824052e+04
4.140324999666490476e+04
4.140329166333156900e+04
4.140333332999823324e+04
4.140337499666489748e+04
4.140341666333156172e+04
4.140345832999822596e+04
4.140349999666489020e+04
4.140354166333155445e+04
4.140358332999821869e+04
4.140362499666488293e+04
4.140366666333154717e+04
4.140370832999821141e+04
4.140374999666487565e+04
4.140379166333153989e+04
4.140383332999820414e+04
4.140387499666486838e+04
4.140391666333153262e+04
4.140395832999819686e+04
4.140399999666486110e+04
4.140404166333152534e+04
4.140408332999818958e+04
4.140412499666485382e+04
4.140416666333151807e+04
4.140420832999818231e+04
4.140424999666484655e+04
4.140429166333151079e+04
4.140433332999817503e+04
4.140437499666483927e+04
4.140441666333150351e+04
4.140445832999816776e+04
4.140449999666483200e+04
4.140454166333149624e+04
4.140458332999816048e+04
4.140462499666482472e+04
4.140466666333148896e+04
4.140470832999815320e+04
4.140474999666481744e+04
4.140479166333148169e+04
4.140483332999814593e+04
4.140487499666481017e+04
4.140491666333147441e+04
4.140495832999813865e+04
4.140499999666480289e+04
4.140504166333146713e+04
4.140508332999813138e+04
4.140512499666479562e+04
4.140516666333145986e+04
4.140520832999812410e+04
4.140524999666478834e+04
4.140529166333145258e+04
4.140533332999811682e+04
4.140537499666478107e+04
4.140541666333144531e+04
4.140545832999810955e+04
4.140549999666477379e+04
4.140554166333143803e+04
4.140558332999810227e+04
4.140562499666476651e+04
4.140566666333143075e+04
4.140570832999809500e+04
4.140574999666475924e+04
4.140579166333142348e+04
4.140583332999808772e+04
4.140587499666475196e+04
4.140591666333141620e+04
4.140595832999808044e+04
4.140599999666474469e+04
4.140604166333140893e+04
4.140608332999807317e+04
4.140612499666473741e+04
4.140616666333140165e+04
4.140620832999806589e+04
4.140624999666473013e+04
4.140629166333139437e+04
4.140633332999805862e+04
4.140637499666472286e+04
4.140641666333138710e+04
4.140645832999805134e+04
4.140649999666471558e+04
4.140654166333137982e+04
4.140658332999804406e+04
4.140662499666470831e+04
4.140666666333137255e+04
4.140670832999803679e+04
4.140674999666470103e+04
4.140679166333136527e+04
4.140683332999802951e+04
4.140687499666469375e+04
4.140691666333135800e+04
4.140695832999802224e+04
4.140699999666468648e+04
4.140704166333135072e+04
4.140708332999801496e+04
4.140712499666467920e+04
4.140716666333134344e+04
4.140720832999800768e+04
4.140724999666467193e+04
4.140729166333133617e+04
4.140733332999800041e+04
4.140737499666466465e+04
4.140741666333132889e+04
4.140745832999799313e+04
4.140749999666465737e+04
4.140754166333132162e+04
4.140758332999798586e+04
4.140762499666465010e+04
4.140766666333131434e+04
4.140770832999797858e+04
4.140774999666464282e+04
4.140779166333130706e+04
4.140783332999797130e+04
4.140787499666463555e+04
4.140791666333129979e+04
4.140795832999796403e+04
4.140799999666462827e+04
4.140804166333129251e+04
4.140808332999795675e+04
4.140812499666462099e+04
4.140816666333128524e+04
4.140820832999794948e+04
4.140824999666461372e+04
4.140829166333127796e+04
4.140833332999794220e+04
4.140837499666460644e+04
4.140841666333127068e+04
4.140845832999793492e+04
4.140849999666459917e+04
4.140854166333126341e+04
4.140858332999792765e+04
4.140862499666459189e+04
4.140866666333125613e+04
4.140870832999792037e+04
4.140874999666458461e+04
4.140879166333124886e+04
4.140883332999791310e+04
4.140887499666457734e+04
4.140891666333124158e+04
4.140895832999790582e+04
4.140899999666457006e+04
4.140904166333123430e+04
4.140908332999789855e+04
4.140912499666456279e+04
4.140916666333122703e+04
4.140920832999789127e+04
4.140924999666455551e+04
4.140929166333121975e+04
4.140933332999788399e+04
4.140937499666454823e+04
4.140941666333121248e+04
4.140945832999787672e+04
4.140949999666454096e+04
4.140954166333120520e+04
4.140958332999786944e+04
4.140962499666453368e+04
4.140966666333119792e+04
4.140970832999786217e+04
4.140974999666452641e+04
4.140979166333119065e+04
4.140983332999785489e+04
4.140987499666451913e+04
4.140991666333118337e+04
4.140995832999784761e+04
4.140999999666451185e+04
4.141004166333117610e+04
4.141008332999784034e+04
4.141012499666450458e+04
4.141016666333116882e+04
4.141020832999783306e+04
4.141024999666449730e+04
4.141029166333116154e+04
4.141033332999782579e+04
4.141037499666449003e+04
4.141041666333115427e+04
4.141045832999781851e+04
4.141049999666448275e+04
4.141054166333114699e+04
4.141058332999781123e+04
4.141062499666447547e+04
4.141066666333113972e+04
4.141070832999780396e+04
4.141074999666446820e+04
4.141079166333113244e+04
4.141083332999779668e+04
4.141087499666446092e+04
4.141091666333112516e+04
4.141095832999778941e+04
4.141099999666445365e+04
4.141104166333111789e+04
4.141108332999778213e+04
4.141112499666444637e+04
4.141116666333111061e+04
4.141120832999777485e+04
4.141124999666443910e+04
4.141129166333110334e+04
4.141133332999776758e+04
4.141137499666443182e+04
4.141141666333109606e+04
4.141145832999776030e+04
4.141149999666442454e+04
4.141154166333108878e+04
4.141158332999775303e+04
4.141162499666441727e+04
4.141166666333108151e+04
4.141170832999774575e+04
4.141174999666440999e+04
4.141179166333107423e+04
4.141183332999773847e+04
4.141187499666440272e+04
4.141191666333106696e+04
4.141195832999773120e+04
4.141199999666439544e+04
4.141204166333105968e+04
4.141208332999772392e+04
4.141212499666438816e+04
4.141216666333105240e+04
4.141220832999771665e+04
4.141224999666438089e+04
4.141229166333104513e+04
4.141233332999770937e+04
4.141237499666437361e+04
4.141241666333103785e+04
4.141245832999770209e+04
4.141249999666436634e+04
4.141254166333103058e+04
4.141258332999769482e+04
4.141262499666435906e+04
4.141266666333102330e+04
4.141270832999768754e+04
4.141274999666435178e+04
4.141279166333101603e+04
4.141283332999768027e+04
4.141287499666434451e+04
4.141291666333100875e+04
4.141295832999767299e+04
4.141299999666433723e+04
4.141304166333100147e+04
4.141308332999766571e+04
4.141312499666432996e+04
4.141316666333099420e+04
4.141320832999765844e+04
4.141324999666432268e+04
4.141329166333098692e+04
4.141333332999765116e+04
4.141337499666431540e+04
4.141341666333097965e+04
4.141345832999764389e+04
4.141349999666430813e+04
4.141354166333097237e+04
4.141358332999763661e+04
4.141362499666430085e+04
4.141366666333096509e+04
4.141370832999762933e+04
4.141374999666429358e+04
4.141379166333095782e+04
4.141383332999762206e+04
4.141387499666428630e+04
4.141391666333095054e+04
4.141395832999761478e+04
4.141399999666427902e+04
4.141404166333094327e+04
4.141408332999760751e+04
4.141412499666427175e+04
4.141416666333093599e+04
4.141420832999760023e+04
4.141424999666426447e+04
4.141429166333092871e+04
4.141433332999759295e+04
4.141437499666425720e+04
4.141441666333092144e+04
4.141445832999758568e+04
4.141449999666424992e+04
4.141454166333091416e+04
4.141458332999757840e+04
4.141462499666424264e+04
4.141466666333090689e+04
4.141470832999757113e+04
4.141474999666423537e+04
4.141479166333089961e+04
4.141483332999756385e+04
4.141487499666422809e+04
4.141491666333089233e+04
4.141495832999755658e+04
4.141499999666422082e+04
4.141504166333088506e+04
4.141508332999754930e+04
4.141512499666421354e+04
4.141516666333087778e+04
4.141520832999754202e+04
4.141524999666420626e+04
4.141529166333087051e+04
4.141533332999753475e+04
4.141537499666419899e+04
4.141541666333086323e+04
4.141545832999752747e+04
4.141549999666419171e+04
4.141554166333085595e+04
4.141558332999752020e+04
4.141562499666418444e+04
4.141566666333084868e+04
4.141570832999751292e+04
4.141574999666417716e+04
4.141579166333084140e+04
4.141583332999750564e+04
4.141587499666416988e+04
4.141591666333083413e+04
4.141595832999749837e+04
4.141599999666416261e+04
4.141604166333082685e+04
4.141608332999749109e+04
4.141612499666415533e+04
4.141616666333081957e+04
4.141620832999748382e+04
4.141624999666414806e+04
4.141629166333081230e+04
4.141633332999747654e+04
4.141637499666414078e+04
4.141641666333080502e+04
4.141645832999746926e+04
4.141649999666413350e+04
4.141654166333079775e+04
4.141658332999746199e+04
4.141662499666412623e+04
4.141666666333079047e+04
4.141670832999745471e+04
4.141674999666411895e+04
4.141679166333078319e+04
4.141683332999744744e+04
4.141687499666411168e+04
4.141691666333077592e+04
4.141695832999744016e+04
4.141699999666410440e+04
4.141704166333076864e+04
4.141708332999743288e+04
4.141712499666409713e+04
4.141716666333076137e+04
4.141720832999742561e+04
4.141724999666408985e+04
4.141729166333075409e+04
4.141733332999741833e+04
4.141737499666408257e+04
4.141741666333074681e+04
4.141745832999741106e+04
4.141749999666407530e+04
4.141754166333073954e+04
4.141758332999740378e+04
4.141762499666406802e+04
4.141766666333073226e+04
4.141770832999739650e+04
4.141774999666406075e+04
4.141779166333072499e+04
4.141783332999738923e+04
4.141787499666405347e+04
4.141791666333071771e+04
4.141795832999738195e+04
4.141799999666404619e+04
4.141804166333071043e+04
4.141808332999737468e+04
4.141812499666403892e+04
4.141816666333070316e+04
4.141820832999736740e+04
4.141824999666403164e+04
4.141829166333069588e+04
4.141833332999736012e+04
4.141837499666402437e+04
4.141841666333068861e+04
4.141845832999735285e+04
4.141849999666401709e+04
4.141854166333068133e+04
4.141858332999734557e+04
4.141862499666400981e+04
4.141866666333067406e+04
4.141870832999733830e+04
4.141874999666400254e+04
4.141879166333066678e+04
4.141883332999733102e+04
4.141887499666399526e+04
4.141891666333065950e+04
4.141895832999732374e+04
4.141899999666398799e+04
4.141904166333065223e+04
4.141908332999731647e+04
4.141912499666398071e+04
4.141916666333064495e+04
4.141920832999730919e+04
4.141924999666397343e+04
4.141929166333063768e+04
4.141933332999730192e+04
4.141937499666396616e+04
4.141941666333063040e+04
4.141945832999729464e+04
4.141949999666395888e+04
4.141954166333062312e+04
4.141958332999728736e+04
4.141962499666395161e+04
4.141966666333061585e+04
4.141970832999728009e+04
4.141974999666394433e+04
4.141979166333060857e+04
4.141983332999727281e+04
4.141987499666393705e+04
4.141991666333060130e+04
4.141995832999726554e+04
4.141999999666392978e+04
4.142004166333059402e+04
4.142008332999725826e+04
4.142012499666392250e+04
4.142016666333058674e+04
4.142020832999725098e+04
4.142024999666391523e+04
4.142029166333057947e+04
4.142033332999724371e+04
4.142037499666390795e+04
4.142041666333057219e+04
4.142045832999723643e+04
4.142049999666390067e+04
4.142054166333056492e+04
4.142058332999722916e+04
4.142062499666389340e+04
4.142066666333055764e+04
4.142070832999722188e+04
4.142074999666388612e+04
4.142079166333055036e+04
4.142083332999721461e+04
4.142087499666387885e+04
4.142091666333054309e+04
4.142095832999720733e+04
4.142099999666387157e+04
4.142104166333053581e+04
4.142108332999720005e+04
4.142112499666386429e+04
4.142116666333052854e+04
4.142120832999719278e+04
4.142124999666385702e+04
4.142129166333052126e+04
4.142133332999718550e+04
4.142137499666384974e+04
4.142141666333051398e+04
4.142145832999717823e+04
4.142149999666384247e+04
4.142154166333050671e+04
4.142158332999717095e+04
4.142162499666383519e+04
4.142166666333049943e+04
4.142170832999716367e+04
4.142174999666382791e+04
4.142179166333049216e+04
4.142183332999715640e+04
4.142187499666382064e+04
4.142191666333048488e+04
4.142195832999714912e+04
4.142199999666381336e+04
4.142204166333047760e+04
4.142208332999714185e+04
4.142212499666380609e+04
4.142216666333047033e+04
4.142220832999713457e+04
4.142224999666379881e+04
4.142229166333046305e+04
4.142233332999712729e+04
4.142237499666379153e+04
4.142241666333045578e+04
4.142245832999712002e+04
4.142249999666378426e+04
4.142254166333044850e+04
4.142258332999711274e+04
4.142262499666377698e+04
4.142266666333044122e+04
4.142270832999710547e+04
4.142274999666376971e+04
4.142279166333043395e+04
4.142283332999709819e+04
4.142287499666376243e+04
4.142291666333042667e+04
4.142295832999709091e+04
4.142299999666375516e+04
4.142304166333041940e+04
4.142308332999708364e+04
4.142312499666374788e+04
4.142316666333041212e+04
4.142320832999707636e+04
4.142324999666374060e+04
4.142329166333040484e+04
4.142333332999706909e+04
4.142337499666373333e+04
4.142341666333039757e+04
4.142345832999706181e+04
4.142349999666372605e+04
4.142354166333039029e+04
4.142358332999705453e+04
4.142362499666371878e+04
4.142366666333038302e+04
4.142370832999704726e+04
4.142374999666371150e+04
4.142379166333037574e+04
4.142383332999703998e+04
4.142387499666370422e+04
4.142391666333036846e+04
4.142395832999703271e+04
4.142399999666369695e+04
4.142404166333036119e+04
4.142408332999702543e+04
4.142412499666368967e+04
4.142416666333035391e+04
4.142420832999701815e+04
4.142424999666368240e+04
4.142429166333034664e+04
4.142433332999701088e+04
4.142437499666367512e+04
4.142441666333033936e+04
4.142445832999700360e+04
4.142449999666366784e+04
4.142454166333033209e+04
4.142458332999699633e+04
4.142462499666366057e+04
4.142466666333032481e+04
4.142470832999698905e+04
4.142474999666365329e+04
4.142479166333031753e+04
4.142483332999698177e+04
4.142487499666364602e+04
4.142491666333031026e+04
4.142495832999697450e+04
4.142499999666363874e+04
4.142504166333030298e+04
4.142508332999696722e+04
4.142512499666363146e+04
4.142516666333029571e+04
4.142520832999695995e+04
4.142524999666362419e+04
4.142529166333028843e+04
4.142533332999695267e+04
4.142537499666361691e+04
4.142541666333028115e+04
4.142545832999694539e+04
4.142549999666360964e+04
4.142554166333027388e+04
4.142558332999693812e+04
4.142562499666360236e+04
4.142566666333026660e+04
4.142570832999693084e+04
4.142574999666359508e+04
4.142579166333025933e+04
4.142583332999692357e+04
4.142587499666358781e+04
4.142591666333025205e+04
4.142595832999691629e+04
4.142599999666358053e+04
4.142604166333024477e+04
4.142608332999690901e+04
4.142612499666357326e+04
4.142616666333023750e+04
4.142620832999690174e+04
4.142624999666356598e+04
4.142629166333023022e+04
4.142633332999689446e+04
4.142637499666355870e+04
4.142641666333022295e+04
4.142645832999688719e+04
4.142649999666355143e+04
4.142654166333021567e+04
4.142658332999687991e+04
4.142662499666354415e+04
4.142666666333020839e+04
4.142670832999687264e+04
4.142674999666353688e+04
4.142679166333020112e+04
4.142683332999686536e+04
4.142687499666352960e+04
4.142691666333019384e+04
4.142695832999685808e+04
4.142699999666352232e+04
4.142704166333018657e+04
4.142708332999685081e+04
4.142712499666351505e+04
4.142716666333017929e+04
4.142720832999684353e+04
4.142724999666350777e+04
4.142729166333017201e+04
4.142733332999683626e+04
4.142737499666350050e+04
4.142741666333016474e+04
4.142745832999682898e+04
4.142749999666349322e+04
4.142754166333015746e+04
4.142758332999682170e+04
4.142762499666348594e+04
4.142766666333015019e+04
4.142770832999681443e+04
4.142774999666347867e+04
4.142779166333014291e+04
4.142783332999680715e+04
4.142787499666347139e+04
4.142791666333013563e+04
4.142795832999679988e+04
4.142799999666346412e+04
4.142804166333012836e+04
4.142808332999679260e+04
4.142812499666345684e+04
4.142816666333012108e+04
4.142820832999678532e+04
4.142824999666344956e+04
4.142829166333011381e+04
4.142833332999677805e+04
4.142837499666344229e+04
4.142841666333010653e+04
4.142845832999677077e+04
4.142849999666343501e+04
4.142854166333009925e+04
4.142858332999676350e+04
4.142862499666342774e+04
4.142866666333009198e+04
4.142870832999675622e+04
4.142874999666342046e+04
4.142879166333008470e+04
4.142883332999674894e+04
4.142887499666341319e+04
4.142891666333007743e+04
4.142895832999674167e+04
4.142899999666340591e+04
4.142904166333007015e+04
4.142908332999673439e+04
4.142912499666339863e+04
4.142916666333006287e+04
4.142920832999672712e+04
4.142924999666339136e+04
4.142929166333005560e+04
4.142933332999671984e+04
4.142937499666338408e+04
4.142941666333004832e+04
4.142945832999671256e+04
4.142949999666337681e+04
4.142954166333004105e+04
4.142958332999670529e+04
4.142962499666336953e+04
4.142966666333003377e+04
4.142970832999669801e+04
4.142974999666336225e+04
4.142979166333002649e+04
4.142983332999669074e+04
4.142987499666335498e+04
4.142991666333001922e+04
4.142995832999668346e+04
4.142999999666334770e+04
4.143004166333001194e+04
4.143008332999667618e+04
4.143012499666334043e+04
4.143016666333000467e+04
4.143020832999666891e+04
4.143024999666333315e+04
4.143029166332999739e+04
4.143033332999666163e+04
4.143037499666332587e+04
4.143041666332999012e+04
4.143045832999665436e+04
4.143049999666331860e+04
4.143054166332998284e+04
4.143058332999664708e+04
4.143062499666331132e+04
4.143066666332997556e+04
4.143070832999663980e+04
4.143074999666330405e+04
4.143079166332996829e+04
4.143083332999663253e+04
4.143087499666329677e+04
4.143091666332996101e+04
4.143095832999662525e+04
4.143099999666328949e+04
4.143104166332995374e+04
4.143108332999661798e+04
4.143112499666328222e+04
4.143116666332994646e+04
4.143120832999661070e+04
4.143124999666327494e+04
4.143129166332993918e+04
4.143133332999660342e+04
4.143137499666326767e+04
4.143141666332993191e+04
4.143145832999659615e+04
4.143149999666326039e+04
4.143154166332992463e+04
4.143158332999658887e+04
4.143162499666325311e+04
4.143166666332991736e+04
4.143170832999658160e+04
4.143174999666324584e+04
4.143179166332991008e+04
4.143183332999657432e+04
4.143187499666323856e+04
4.143191666332990280e+04
4.143195832999656704e+04
4.143199999666323129e+04
4.143204166332989553e+04
4.143208332999655977e+04
4.143212499666322401e+04
4.143216666332988825e+04
4.143220832999655249e+04
4.143224999666321673e+04
4.143229166332988098e+04
4.143233332999654522e+04
4.143237499666320946e+04
4.143241666332987370e+04
4.143245832999653794e+04
4.143249999666320218e+04
4.143254166332986642e+04
4.143258332999653067e+04
4.143262499666319491e+04
4.143266666332985915e+04
4.143270832999652339e+04
4.143274999666318763e+04
4.143279166332985187e+04
4.143283332999651611e+04
4.143287499666318035e+04
4.143291666332984460e+04
4.143295832999650884e+04
4.143299999666317308e+04
4.143304166332983732e+04
4.143308332999650156e+04
4.143312499666316580e+04
4.143316666332983004e+04
4.143320832999649429e+04
4.143324999666315853e+04
4.143329166332982277e+04
4.143333332999648701e+04
4.143337499666315125e+04
4.143341666332981549e+04
4.143345832999647973e+04
4.143349999666314397e+04
4.143354166332980822e+04
4.143358332999647246e+04
4.143362499666313670e+04
4.143366666332980094e+04
4.143370832999646518e+04
4.143374999666312942e+04
4.143379166332979366e+04
4.143383332999645791e+04
4.143387499666312215e+04
4.143391666332978639e+04
4.143395832999645063e+04
4.143399999666311487e+04
4.143404166332977911e+04
4.143408332999644335e+04
4.143412499666310759e+04
4.143416666332977184e+04
4.143420832999643608e+04
4.143424999666310032e+04
4.143429166332976456e+04
4.143433332999642880e+04
4.143437499666309304e+04
4.143441666332975728e+04
4.143445832999642153e+04
4.143449999666308577e+04
4.143454166332975001e+04
4.143458332999641425e+04
4.143462499666307849e+04
4.143466666332974273e+04
4.143470832999640697e+04
4.143474999666307122e+04
4.143479166332973546e+04
4.143483332999639970e+04
4.143487499666306394e+04
4.143491666332972818e+04
4.143495832999639242e+04
4.143499999666305666e+04
4.143504166332972090e+04
4.143508332999638515e+04
4.143512499666304939e+04
4.143516666332971363e+04
4.143520832999637787e+04
4.143524999666304211e+04
4.143529166332970635e+04
4.143533332999637059e+04
4.143537499666303484e+04
4.143541666332969908e+04
4.143545832999636332e+04
4.143549999666302756e+04
4.143554166332969180e+04
4.143558332999635604e+04
4.143562499666302028e+04
4.143566666332968452e+04
4.143570832999634877e+04
4.143574999666301301e+04
4.143579166332967725e+04
4.143583332999634149e+04
4.143587499666300573e+04
4.143591666332966997e+04
4.143595832999633421e+04
4.143599999666299846e+04
4.143604166332966270e+04
4.143608332999632694e+04
4.143612499666299118e+04
4.143616666332965542e+04
4.143620832999631966e+04
4.143624999666298390e+04
4.143629166332964815e+04
4.143633332999631239e+04
4.143637499666297663e+04
4.143641666332964087e+04
4.143645832999630511e+04
4.143649999666296935e+04
4.143654166332963359e+04
4.143658332999629783e+04
4.143662499666296208e+04
4.143666666332962632e+04
4.143670832999629056e+04
4.143674999666295480e+04
4.143679166332961904e+04
4.143683332999628328e+04
4.143687499666294752e+04
4.143691666332961177e+04
4.143695832999627601e+04
4.143699999666294025e+04
4.143704166332960449e+04
4.143708332999626873e+04
4.143712499666293297e+04
4.143716666332959721e+04
4.143720832999626145e+04
4.143724999666292570e+04
4.143729166332958994e+04
4.143733332999625418e+04
4.143737499666291842e+04
4.143741666332958266e+04
4.143745832999624690e+04
4.143749999666291114e+04
4.143754166332957539e+04
4.143758332999623963e+04
4.143762499666290387e+04
4.143766666332956811e+04
4.143770832999623235e+04
4.143774999666289659e+04
4.143779166332956083e+04
4.143783332999622507e+04
4.143787499666288932e+04
4.143791666332955356e+04
4.143795832999621780e+04
4.143799999666288204e+04
4.143804166332954628e+04
4.143808332999621052e+04
4.143812499666287476e+04
4.143816666332953901e+04
4.143820832999620325e+04
4.143824999666286749e+04
4.143829166332953173e+04
4.143833332999619597e+04
4.143837499666286021e+04
4.143841666332952445e+04
4.143845832999618870e+04
4.143849999666285294e+04
4.143854166332951718e+04
4.143858332999618142e+04
4.143862499666284566e+04
4.143866666332950990e+04
4.143870832999617414e+04
4.143874999666283838e+04
4.143879166332950263e+04
4.143883332999616687e+04
4.143887499666283111e+04
4.143891666332949535e+04
4.143895832999615959e+04
4.143899999666282383e+04
4.143904166332948807e+04
4.143908332999615232e+04
4.143912499666281656e+04
4.143916666332948080e+04
4.143920832999614504e+04
4.143924999666280928e+04
4.143929166332947352e+04
4.143933332999613776e+04
4.143937499666280200e+04
4.143941666332946625e+04
4.143945832999613049e+04
4.143949999666279473e+04
4.143954166332945897e+04
4.143958332999612321e+04
4.143962499666278745e+04
4.143966666332945169e+04
4.143970832999611594e+04
4.143974999666278018e+04
4.143979166332944442e+04
4.143983332999610866e+04
4.143987499666277290e+04
4.143991666332943714e+04
4.143995832999610138e+04
4.143999999666276562e+04
4.144004166332942987e+04
4.144008332999609411e+04
4.144012499666275835e+04
4.144016666332942259e+04
4.144020832999608683e+04
4.144024999666275107e+04
4.144029166332941531e+04
4.144033332999607956e+04
4.144037499666274380e+04
4.144041666332940804e+04
4.144045832999607228e+04
4.144049999666273652e+04
4.144054166332940076e+04
4.144058332999606500e+04
4.144062499666272925e+04
4.144066666332939349e+04
4.144070832999605773e+04
4.144074999666272197e+04
4.144079166332938621e+04
4.144083332999605045e+04
4.144087499666271469e+04
4.144091666332937893e+04
4.144095832999604318e+04
4.144099999666270742e+04
4.144104166332937166e+04
4.144108332999603590e+04
4.144112499666270014e+04
4.144116666332936438e+04
4.144120832999602862e+04
4.144124999666269287e+04
4.144129166332935711e+04
4.144133332999602135e+04
4.144137499666268559e+04
4.144141666332934983e+04
4.144145832999601407e+04
4.144149999666267831e+04
4.144154166332934255e+04
4.144158332999600680e+04
4.144162499666267104e+04
4.144166666332933528e+04
4.144170832999599952e+04
4.144174999666266376e+04
4.144179166332932800e+04
4.144183332999599224e+04
4.144187499666265649e+04
4.144191666332932073e+04
4.144195832999598497e+04
4.144199999666264921e+04
4.144204166332931345e+04
4.144208332999597769e+04
4.144212499666264193e+04
4.144216666332930618e+04
4.144220832999597042e+04
4.144224999666263466e+04
4.144229166332929890e+04
4.144233332999596314e+04
4.144237499666262738e+04
4.144241666332929162e+04
4.144245832999595586e+04
4.144249999666262011e+04
4.144254166332928435e+04
4.144258332999594859e+04
4.144262499666261283e+04
4.144266666332927707e+04
4.144270832999594131e+04
4.144274999666260555e+04
4.144279166332926980e+04
4.144283332999593404e+04
4.144287499666259828e+04
4.144291666332926252e+04
4.144295832999592676e+04
4.144299999666259100e+04
4.144304166332925524e+04
4.144308332999591948e+04
4.144312499666258373e+04
4.144316666332924797e+04
4.144320832999591221e+04
4.144324999666257645e+04
4.144329166332924069e+04
4.144333332999590493e+04
4.144337499666256917e+04
4.144341666332923342e+04
4.144345832999589766e+04
4.144349999666256190e+04
4.144354166332922614e+04
4.144358332999589038e+04
4.144362499666255462e+04
4.144366666332921886e+04
4.144370832999588310e+04
4.144374999666254735e+04
4.144379166332921159e+04
4.144383332999587583e+04
4.144387499666254007e+04
4.144391666332920431e+04
4.144395832999586855e+04
4.144399999666253279e+04
4.144404166332919704e+04
4.144408332999586128e+04
4.144412499666252552e+04
4.144416666332918976e+04
4.144420832999585400e+04
4.144424999666251824e+04
4.144429166332918248e+04
4.144433332999584673e+04
4.144437499666251097e+04
4.144441666332917521e+04
4.144445832999583945e+04
4.144449999666250369e+04
4.144454166332916793e+04
4.144458332999583217e+04
4.144462499666249641e+04
4.144466666332916066e+04
4.144470832999582490e+04
4.144474999666248914e+04
4.144479166332915338e+04
4.144483332999581762e+04
4.144487499666248186e+04
4.144491666332914610e+04
4.144495832999581035e+04
4.144499999666247459e+04
4.144504166332913883e+04
4.144508332999580307e+04
4.144512499666246731e+04
4.144516666332913155e+04
4.144520832999579579e+04
4.144524999666246003e+04
4.144529166332912428e+04
4.144533332999578852e+04
4.144537499666245276e+04
4.144541666332911700e+04
4.144545832999578124e+04
4.144549999666244548e+04
4.144554166332910972e+04
4.144558332999577397e+04
4.144562499666243821e+04
4.144566666332910245e+04
4.144570832999576669e+04
4.144574999666243093e+04
4.144579166332909517e+04
4.144583332999575941e+04
4.144587499666242365e+04
4.144591666332908790e+04
4.144595832999575214e+04
4.144599999666241638e+04
4.144604166332908062e+04
4.144608332999574486e+04
4.144612499666240910e+04
4.144616666332907334e+04
4.144620832999573759e+04
4.144624999666240183e+04
4.144629166332906607e+04
4.144633332999573031e+04
4.144637499666239455e+04
4.144641666332905879e+04
4.144645832999572303e+04
4.144649999666238728e+04
4.144654166332905152e+04
4.144658332999571576e+04
4.144662499666238000e+04
4.144666666332904424e+04
4.144670832999570848e+04
4.144674999666237272e+04
4.144679166332903696e+04
4.144683332999570121e+04
4.144687499666236545e+04
4.144691666332902969e+04
4.144695832999569393e+04
4.144699999666235817e+04
4.144704166332902241e+04
4.144708332999568665e+04
4.144712499666235090e+04
4.144716666332901514e+04
4.144720832999567938e+04
4.144724999666234362e+04
4.144729166332900786e+04
4.144733332999567210e+04
4.144737499666233634e+04
4.144741666332900058e+04
4.144745832999566483e+04
4.144749999666232907e+04
4.144754166332899331e+04
4.144758332999565755e+04
4.144762499666232179e+04
4.144766666332898603e+04
4.144770832999565027e+04
4.144774999666231452e+04
4.144779166332897876e+04
4.144783332999564300e+04
4.144787499666230724e+04
4.144791666332897148e+04
4.144795832999563572e+04
4.144799999666229996e+04
4.144804166332896420e+04
4.144808332999562845e+04
4.144812499666229269e+04
4.144816666332895693e+04
4.144820832999562117e+04
4.144824999666228541e+04
4.144829166332894965e+04
4.144833332999561389e+04
4.144837499666227814e+04
4.144841666332894238e+04
4.144845832999560662e+04
4.144849999666227086e+04
4.144854166332893510e+04
4.144858332999559934e+04
4.144862499666226358e+04
4.144866666332892783e+04
4.144870832999559207e+04
4.144874999666225631e+04
4.144879166332892055e+04
4.144883332999558479e+04
4.144887499666224903e+04
4.144891666332891327e+04
4.144895832999557751e+04
4.144899999666224176e+04
4.144904166332890600e+04
4.144908332999557024e+04
4.144912499666223448e+04
4.144916666332889872e+04
4.144920832999556296e+04
4.144924999666222720e+04
4.144929166332889145e+04
4.144933332999555569e+04
4.144937499666221993e+04
4.144941666332888417e+04
4.144945832999554841e+04
4.144949999666221265e+04
4.144954166332887689e+04
4.144958332999554113e+04
4.144962499666220538e+04
4.144966666332886962e+04
4.144970832999553386e+04
4.144974999666219810e+04
4.144979166332886234e+04
4.144983332999552658e+04
4.144987499666219082e+04
4.144991666332885507e+04
4.144995832999551931e+04
4.144999999666218355e+04
4.145004166332884779e+04
4.145008332999551203e+04
4.145012499666217627e+04
4.145016666332884051e+04
4.145020832999550476e+04
4.145024999666216900e+04
4.145029166332883324e+04
4.145033332999549748e+04
4.145037499666216172e+04
4.145041666332882596e+04
4.145045832999549020e+04
4.145049999666215444e+04
4.145054166332881869e+04
4.145058332999548293e+04
4.145062499666214717e+04
4.145066666332881141e+04
4.145070832999547565e+04
4.145074999666213989e+04
4.145079166332880413e+04
4.145083332999546838e+04
4.145087499666213262e+04
4.145091666332879686e+04
4.145095832999546110e+04
4.145099999666212534e+04
4.145104166332878958e+04
4.145108332999545382e+04
4.145112499666211806e+04
4.145116666332878231e+04
4.145120832999544655e+04
4.145124999666211079e+04
4.145129166332877503e+04
4.145133332999543927e+04
4.145137499666210351e+04
4.145141666332876775e+04
4.145145832999543200e+04
4.145149999666209624e+04
4.145154166332876048e+04
4.145158332999542472e+04
4.145162499666208896e+04
4.145166666332875320e+04
4.145170832999541744e+04
4.145174999666208168e+04
4.145179166332874593e+04
4.145183332999541017e+04
4.145187499666207441e+04
4.145191666332873865e+04
4.145195832999540289e+04
4.145199999666206713e+04
4.145204166332873137e+04
4.145208332999539562e+04
4.145212499666205986e+04
4.145216666332872410e+04
4.145220832999538834e+04
4.145224999666205258e+04
4.145229166332871682e+04
4.145233332999538106e+04
4.145237499666204531e+04
4.145241666332870955e+04
4.145245832999537379e+04
4.145249999666203803e+04
4.145254166332870227e+04
4.145258332999536651e+04
4.145262499666203075e+04
4.145266666332869499e+04
4.145270832999535924e+04
4.145274999666202348e+04
4.145279166332868772e+04
4.145283332999535196e+04
4.145287499666201620e+04
4.145291666332868044e+04
4.145295832999534468e+04
4.145299999666200893e+04
4.145304166332867317e+04
4.145308332999533741e+04
4.145312499666200165e+04
4.145316666332866589e+04
4.145320832999533013e+04
4.145324999666199437e+04
4.145329166332865861e+04
4.145333332999532286e+04
4.145337499666198710e+04
4.145341666332865134e+04
4.145345832999531558e+04
4.145349999666197982e+04
4.145354166332864406e+04
4.145358332999530830e+04
4.145362499666197255e+04
4.145366666332863679e+04
4.145370832999530103e+04
4.145374999666196527e+04
4.145379166332862951e+04
4.145383332999529375e+04
4.145387499666195799e+04
4.145391666332862223e+04
4.145395832999528648e+04
4.145399999666195072e+04
4.145404166332861496e+04
4.145408332999527920e+04
4.145412499666194344e+04
4.145416666332860768e+04
4.145420832999527192e+04
4.145424999666193617e+04
4.145429166332860041e+04
4.145433332999526465e+04
4.145437499666192889e+04
4.145441666332859313e+04
4.145445832999525737e+04
4.145449999666192161e+04
4.145454166332858586e+04
4.145458332999525010e+04
4.145462499666191434e+04
4.145466666332857858e+04
4.145470832999524282e+04
4.145474999666190706e+04
4.145479166332857130e+04
4.145483332999523554e+04
4.145487499666189979e+04
4.145491666332856403e+04
4.145495832999522827e+04
4.145499999666189251e+04
4.145504166332855675e+04
4.145508332999522099e+04
4.145512499666188523e+04
4.145516666332854948e+04
4.145520832999521372e+04
4.145524999666187796e+04
4.145529166332854220e+04
4.145533332999520644e+04
4.145537499666187068e+04
4.145541666332853492e+04
4.145545832999519916e+04
4.145549999666186341e+04
4.145554166332852765e+04
4.145558332999519189e+04
4.145562499666185613e+04
4.145566666332852037e+04
4.145570832999518461e+04
4.145574999666184885e+04
4.145579166332851310e+04
4.145583332999517734e+04
4.145587499666184158e+04
4.145591666332850582e+04
4.145595832999517006e+04
4.145599999666183430e+04
4.145604166332849854e+04
4.145608332999516279e+04
4.145612499666182703e+04
4.145616666332849127e+04
4.145620832999515551e+04
4.145624999666181975e+04
4.145629166332848399e+04
4.145633332999514823e+04
4.145637499666181247e+04
4.145641666332847672e+04
4.145645832999514096e+04
4.145649999666180520e+04
4.145654166332846944e+04
4.145658332999513368e+04
4.145662499666179792e+04
4.145666666332846216e+04
4.145670832999512641e+04
4.145674999666179065e+04
4.145679166332845489e+04
4.145683332999511913e+04
4.145687499666178337e+04
4.145691666332844761e+04
4.145695832999511185e+04
4.145699999666177609e+04
4.145704166332844034e+04
4.145708332999510458e+04
4.145712499666176882e+04
4.145716666332843306e+04
4.145720832999509730e+04
4.145724999666176154e+04
4.145729166332842578e+04
4.145733332999509003e+04
4.145737499666175427e+04
4.145741666332841851e+04
4.145745832999508275e+04
4.145749999666174699e+04
4.145754166332841123e+04
4.145758332999507547e+04
4.145762499666173971e+04
4.145766666332840396e+04
4.145770832999506820e+04
4.145774999666173244e+04
4.145779166332839668e+04
4.145783332999506092e+04
4.145787499666172516e+04
4.145791666332838940e+04
4.145795832999505365e+04
4.145799999666171789e+04
4.145804166332838213e+04
4.145808332999504637e+04
4.145812499666171061e+04
4.145816666332837485e+04
4.145820832999503909e+04
4.145824999666170334e+04
4.145829166332836758e+04
4.145833332999503182e+04
4.145837499666169606e+04
4.145841666332836030e+04
4.145845832999502454e+04
4.145849999666168878e+04
4.145854166332835302e+04
4.145858332999501727e+04
4.145862499666168151e+04
4.145866666332834575e+04
4.145870832999500999e+04
4.145874999666167423e+04
4.145879166332833847e+04
4.145883332999500271e+04
4.145887499666166696e+04
4.145891666332833120e+04
4.145895832999499544e+04
4.145899999666165968e+04
4.145904166332832392e+04
4.145908332999498816e+04
4.145912499666165240e+04
4.145916666332831664e+04
4.145920832999498089e+04
4.145924999666164513e+04
4.145929166332830937e+04
4.145933332999497361e+04
4.145937499666163785e+04
4.145941666332830209e+04
4.145945832999496633e+04
4.145949999666163058e+04
4.145954166332829482e+04
4.145958332999495906e+04
4.145962499666162330e+04
4.145966666332828754e+04
4.145970832999495178e+04
4.145974999666161602e+04
4.145979166332828026e+04
4.145983332999494451e+04
4.145987499666160875e+04
4.145991666332827299e+04
4.145995832999493723e+04
4.145999999666160147e+04
4.146004166332826571e+04
4.146008332999492995e+04
4.146012499666159420e+04
4.146016666332825844e+04
4.146020832999492268e+04
4.146024999666158692e+04
4.146029166332825116e+04
4.146033332999491540e+04
4.146037499666157964e+04
4.146041666332824389e+04
4.146045832999490813e+04
4.146049999666157237e+04
4.146054166332823661e+04
4.146058332999490085e+04
4.146062499666156509e+04
4.146066666332822933e+04
4.146070832999489357e+04
4.146074999666155782e+04
4.146079166332822206e+04
4.146083332999488630e+04
4.146087499666155054e+04
4.146091666332821478e+04
4.146095832999487902e+04
4.146099999666154326e+04
4.146104166332820751e+04
4.146108332999487175e+04
4.146112499666153599e+04
4.146116666332820023e+04
4.146120832999486447e+04
4.146124999666152871e+04
4.146129166332819295e+04
4.146133332999485719e+04
4.146137499666152144e+04
4.146141666332818568e+04
4.146145832999484992e+04
4.146149999666151416e+04
4.146154166332817840e+04
4.146158332999484264e+04
4.146162499666150688e+04
4.146166666332817113e+04
4.146170832999483537e+04
4.146174999666149961e+04
4.146179166332816385e+04
4.146183332999482809e+04
4.146187499666149233e+04
4.146191666332815657e+04
4.146195832999482082e+04
4.146199999666148506e+04
4.146204166332814930e+04
4.146208332999481354e+04
4.146212499666147778e+04
4.146216666332814202e+04
4.146220832999480626e+04
4.146224999666147050e+04
4.146229166332813475e+04
4.146233332999479899e+04
4.146237499666146323e+04
4.146241666332812747e+04
4.146245832999479171e+04
4.146249999666145595e+04
4.146254166332812019e+04
4.146258332999478444e+04
4.146262499666144868e+04
4.146266666332811292e+04
4.146270832999477716e+04
4.146274999666144140e+04
4.146279166332810564e+04
4.146283332999476988e+04
4.146287499666143412e+04
4.146291666332809837e+04
4.146295832999476261e+04
4.146299999666142685e+04
4.146304166332809109e+04
4.146308332999475533e+04
4.146312499666141957e+04
4.146316666332808381e+04
4.146320832999474806e+04
4.146324999666141230e+04
4.146329166332807654e+04
4.146333332999474078e+04
4.146337499666140502e+04
4.146341666332806926e+04
4.146345832999473350e+04
4.146349999666139774e+04
4.146354166332806199e+04
4.146358332999472623e+04
4.146362499666139047e+04
4.146366666332805471e+04
4.146370832999471895e+04
4.146374999666138319e+04
4.146379166332804743e+04
4.146383332999471168e+04
4.146387499666137592e+04
4.146391666332804016e+04
4.146395832999470440e+04
4.146399999666136864e+04
4.146404166332803288e+04
4.146408332999469712e+04
4.146412499666136137e+04
4.146416666332802561e+04
4.146420832999468985e+04
4.146424999666135409e+04
4.146429166332801833e+04
4.146433332999468257e+04
4.146437499666134681e+04
4.146441666332801105e+04
4.146445832999467530e+04
4.146449999666133954e+04
4.146454166332800378e+04
4.146458332999466802e+04
4.146462499666133226e+04
4.146466666332799650e+04
4.146470832999466074e+04
4.146474999666132499e+04
4.146479166332798923e+04
4.146483332999465347e+04
4.146487499666131771e+04
4.146491666332798195e+04
4.146495832999464619e+04
4.146499999666131043e+04
4.146504166332797467e+04
4.146508332999463892e+04
4.146512499666130316e+04
4.146516666332796740e+04
4.146520832999463164e+04
4.146524999666129588e+04
4.146529166332796012e+04
4.146533332999462436e+04
4.146537499666128861e+04
4.146541666332795285e+04
4.146545832999461709e+04
4.146549999666128133e+04
4.146554166332794557e+04
4.146558332999460981e+04
4.146562499666127405e+04
4.146566666332793829e+04
4.146570832999460254e+04
4.146574999666126678e+04
4.146579166332793102e+04
4.146583332999459526e+04
4.146587499666125950e+04
4.146591666332792374e+04
4.146595832999458798e+04
4.146599999666125223e+04
4.146604166332791647e+04
4.146608332999458071e+04
4.146612499666124495e+04
4.146616666332790919e+04
4.146620832999457343e+04
4.146624999666123767e+04
4.146629166332790192e+04
4.146633332999456616e+04
4.146637499666123040e+04
4.146641666332789464e+04
4.146645832999455888e+04
4.146649999666122312e+04
4.146654166332788736e+04
4.146658332999455160e+04
4.146662499666121585e+04
4.146666666332788009e+04
4.146670832999454433e+04
4.146674999666120857e+04
4.146679166332787281e+04
4.146683332999453705e+04
4.146687499666120129e+04
4.146691666332786554e+04
4.146695832999452978e+04
4.146699999666119402e+04
4.146704166332785826e+04
4.146708332999452250e+04
4.146712499666118674e+04
4.146716666332785098e+04
4.146720832999451522e+04
4.146724999666117947e+04
4.146729166332784371e+04
4.146733332999450795e+04
4.146737499666117219e+04
4.146741666332783643e+04
4.146745832999450067e+04
4.146749999666116491e+04
4.146754166332782916e+04
4.146758332999449340e+04
4.146762499666115764e+04
4.146766666332782188e+04
4.146770832999448612e+04
4.146774999666115036e+04
4.146779166332781460e+04
4.146783332999447885e+04
4.146787499666114309e+04
4.146791666332780733e+04
4.146795832999447157e+04
4.146799999666113581e+04
4.146804166332780005e+04
4.146808332999446429e+04
4.146812499666112853e+04
4.146816666332779278e+04
4.146820832999445702e+04
4.146824999666112126e+04
4.146829166332778550e+04
4.146833332999444974e+04
4.146837499666111398e+04
4.146841666332777822e+04
4.146845832999444247e+04
4.146849999666110671e+04
4.146854166332777095e+04
4.146858332999443519e+04
4.146862499666109943e+04
4.146866666332776367e+04
4.146870832999442791e+04
4.146874999666109215e+04
4.146879166332775640e+04
4.146883332999442064e+04
4.146887499666108488e+04
4.146891666332774912e+04
4.146895832999441336e+04
4.146899999666107760e+04
4.146904166332774184e+04
4.146908332999440609e+04
4.146912499666107033e+04
4.146916666332773457e+04
4.146920832999439881e+04
4.146924999666106305e+04
4.146929166332772729e+04
4.146933332999439153e+04
4.146937499666105577e+04
4.146941666332772002e+04
4.146945832999438426e+04
4.146949999666104850e+04
4.146954166332771274e+04
4.146958332999437698e+04
4.146962499666104122e+04
4.146966666332770546e+04
4.146970832999436971e+04
4.146974999666103395e+04
4.146979166332769819e+04
4.146983332999436243e+04
4.146987499666102667e+04
4.146991666332769091e+04
4.146995832999435515e+04
4.146999999666101940e+04
4.147004166332768364e+04
4.147008332999434788e+04
4.147012499666101212e+04
4.147016666332767636e+04
4.147020832999434060e+04
4.147024999666100484e+04
4.147029166332766908e+04
4.147033332999433333e+04
4.147037499666099757e+04
4.147041666332766181e+04
4.147045832999432605e+04
4.147049999666099029e+04
4.147054166332765453e+04
4.147058332999431877e+04
4.147062499666098302e+04
4.147066666332764726e+04
4.147070832999431150e+04
4.147074999666097574e+04
4.147079166332763998e+04
4.147083332999430422e+04
4.147087499666096846e+04
4.147091666332763270e+04
4.147095832999429695e+04
4.147099999666096119e+04
4.147104166332762543e+04
4.147108332999428967e+04
4.147112499666095391e+04
4.147116666332761815e+04
4.147120832999428239e+04
4.147124999666094664e+04
4.147129166332761088e+04
4.147133332999427512e+04
4.147137499666093936e+04
4.147141666332760360e+04
4.147145832999426784e+04
4.147149999666093208e+04
4.147154166332759632e+04
4.147158332999426057e+04
4.147162499666092481e+04
4.147166666332758905e+04
4.147170832999425329e+04
4.147174999666091753e+04
4.147179166332758177e+04
4.147183332999424601e+04
4.147187499666091026e+04
4.147191666332757450e+04
4.147195832999423874e+04
4.147199999666090298e+04
4.147204166332756722e+04
4.147208332999423146e+04
4.147212499666089570e+04
4.147216666332755995e+04
4.147220832999422419e+04
4.147224999666088843e+04
4.147229166332755267e+04
4.147233332999421691e+04
4.147237499666088115e+04
4.147241666332754539e+04
4.147245832999420963e+04
4.147249999666087388e+04
4.147254166332753812e+04
4.147258332999420236e+04
4.147262499666086660e+04
4.147266666332753084e+04
4.147270832999419508e+04
4.147274999666085932e+04
4.147279166332752357e+04
4.147283332999418781e+04
4.147287499666085205e+04
4.147291666332751629e+04
4.147295832999418053e+04
4.147299999666084477e+04
4.147304166332750901e+04
4.147308332999417325e+04
4.147312499666083750e+04
4.147316666332750174e+04
4.147320832999416598e+04
4.147324999666083022e+04
4.147329166332749446e+04
4.147333332999415870e+04
4.147337499666082294e+04
4.147341666332748719e+04
4.147345832999415143e+04
4.147349999666081567e+04
4.147354166332747991e+04
4.147358332999414415e+04
4.147362499666080839e+04
4.147366666332747263e+04
4.147370832999413688e+04
4.147374999666080112e+04
4.147379166332746536e+04
4.147383332999412960e+04
4.147387499666079384e+04
4.147391666332745808e+04
4.147395832999412232e+04
4.147399999666078656e+04
4.147404166332745081e+04
4.147408332999411505e+04
4.147412499666077929e+04
4.147416666332744353e+04
4.147420832999410777e+04
4.147424999666077201e+04
4.147429166332743625e+04
4.147433332999410050e+04
4.147437499666076474e+04
4.147441666332742898e+04
4.147445832999409322e+04
4.147449999666075746e+04
4.147454166332742170e+04
4.147458332999408594e+04
4.147462499666075018e+04
4.147466666332741443e+04
4.147470832999407867e+04
4.147474999666074291e+04
4.147479166332740715e+04
4.147483332999407139e+04
4.147487499666073563e+04
4.147491666332739987e+04
4.147495832999406412e+04
4.147499999666072836e+04
4.147504166332739260e+04
4.147508332999405684e+04
4.147512499666072108e+04
4.147516666332738532e+04
4.147520832999404956e+04
4.147524999666071380e+04
4.147529166332737805e+04
4.147533332999404229e+04
4.147537499666070653e+04
4.147541666332737077e+04
4.147545832999403501e+04
4.147549999666069925e+04
4.147554166332736349e+04
4.147558332999402774e+04
4.147562499666069198e+04
4.147566666332735622e+04
4.147570832999402046e+04
4.147574999666068470e+04
4.147579166332734894e+04
4.147583332999401318e+04
4.147587499666067743e+04
4.147591666332734167e+04
4.147595832999400591e+04
4.147599999666067015e+04
4.147604166332733439e+04
4.147608332999399863e+04
4.147612499666066287e+04
4.147616666332732711e+04
4.147620832999399136e+04
4.147624999666065560e+04
4.147629166332731984e+04
4.147633332999398408e+04
4.147637499666064832e+04
4.147641666332731256e+04
4.147645832999397680e+04
4.147649999666064105e+04
4.147654166332730529e+04
4.147658332999396953e+04
4.147662499666063377e+04
4.147666666332729801e+04
4.147670832999396225e+04
4.147674999666062649e+04
4.147679166332729073e+04
4.147683332999395498e+04
4.147687499666061922e+04
4.147691666332728346e+04
4.147695832999394770e+04
4.147699999666061194e+04
4.147704166332727618e+04
4.147708332999394042e+04
4.147712499666060467e+04
4.147716666332726891e+04
4.147720832999393315e+04
4.147724999666059739e+04
4.147729166332726163e+04
4.147733332999392587e+04
4.147737499666059011e+04
4.147741666332725435e+04
4.147745832999391860e+04
4.147749999666058284e+04
4.147754166332724708e+04
4.147758332999391132e+04
4.147762499666057556e+04
4.147766666332723980e+04
4.147770832999390404e+04
4.147774999666056829e+04
4.147779166332723253e+04
4.147783332999389677e+04
4.147787499666056101e+04
4.147791666332722525e+04
4.147795832999388949e+04
4.147799999666055373e+04
4.147804166332721798e+04
4.147808332999388222e+04
4.147812499666054646e+04
4.147816666332721070e+04
4.147820832999387494e+04
4.147824999666053918e+04
4.147829166332720342e+04
4.147833332999386766e+04
4.147837499666053191e+04
4.147841666332719615e+04
4.147845832999386039e+04
4.147849999666052463e+04
4.147854166332718887e+04
4.147858332999385311e+04
4.147862499666051735e+04
4.147866666332718160e+04
4.147870832999384584e+04
4.147874999666051008e+04
4.147879166332717432e+04
4.147883332999383856e+04
4.147887499666050280e+04
4.147891666332716704e+04
4.147895832999383128e+04
4.147899999666049553e+04
4.147904166332715977e+04
4.147908332999382401e+04
4.147912499666048825e+04
4.147916666332715249e+04
4.147920832999381673e+04
4.147924999666048097e+04
4.147929166332714522e+04
4.147933332999380946e+04
4.147937499666047370e+04
4.147941666332713794e+04
4.147945832999380218e+04
4.147949999666046642e+04
4.147954166332713066e+04
4.147958332999379491e+04
4.147962499666045915e+04
4.147966666332712339e+04
4.147970832999378763e+04
4.147974999666045187e+04
4.147979166332711611e+04
4.147983332999378035e+04
4.147987499666044459e+04
4.147991666332710884e+04
4.147995832999377308e+04
4.147999999666043732e+04
4.148004166332710156e+04
4.148008332999376580e+04
4.148012499666043004e+04
4.148016666332709428e+04
4.148020832999375853e+04
4.148024999666042277e+04
4.148029166332708701e+04
4.148033332999375125e+04
4.148037499666041549e+04
4.148041666332707973e+04
4.148045832999374397e+04
4.148049999666040821e+04
4.148054166332707246e+04
4.148058332999373670e+04
4.148062499666040094e+04
4.148066666332706518e+04
4.148070832999372942e+04
4.148074999666039366e+04
4.148079166332705790e+04
4.148083332999372215e+04
4.148087499666038639e+04
4.148091666332705063e+04
4.148095832999371487e+04
4.148099999666037911e+04
4.148104166332704335e+04
4.148108332999370759e+04
4.148112499666037183e+04
4.148116666332703608e+04
4.148120832999370032e+04
4.148124999666036456e+04
4.148129166332702880e+04
4.148133332999369304e+04
4.148137499666035728e+04
4.148141666332702152e+04
4.148145832999368577e+04
4.148149999666035001e+04
4.148154166332701425e+04
4.148158332999367849e+04
4.148162499666034273e+04
4.148166666332700697e+04
4.148170832999367121e+04
4.148174999666033546e+04
4.148179166332699970e+04
4.148183332999366394e+04
4.148187499666032818e+04
4.148191666332699242e+04
4.148195832999365666e+04
4.148199999666032090e+04
4.148204166332698514e+04
4.148208332999364939e+04
4.148212499666031363e+04
4.148216666332697787e+04
4.148220832999364211e+04
4.148224999666030635e+04
4.148229166332697059e+04
4.148233332999363483e+04
4.148237499666029908e+04
4.148241666332696332e+04
4.148245832999362756e+04
4.148249999666029180e+04
4.148254166332695604e+04
4.148258332999362028e+04
4.148262499666028452e+04
4.148266666332694876e+04
4.148270832999361301e+04
4.148274999666027725e+04
4.148279166332694149e+04
4.148283332999360573e+04
4.148287499666026997e+04
4.148291666332693421e+04
4.148295832999359845e+04
4.148299999666026270e+04
4.148304166332692694e+04
4.148308332999359118e+04
4.148312499666025542e+04
4.148316666332691966e+04
4.148320832999358390e+04
4.148324999666024814e+04
4.148329166332691238e+04
4.148333332999357663e+04
4.148337499666024087e+04
4.148341666332690511e+04
4.148345832999356935e+04
4.148349999666023359e+04
4.148354166332689783e+04
4.148358332999356207e+04
4.148362499666022632e+04
4.148366666332689056e+04
4.148370832999355480e+04
4.148374999666021904e+04
4.148379166332688328e+04
4.148383332999354752e+04
4.148387499666021176e+04
4.148391666332687601e+04
4.148395832999354025e+04
4.148399999666020449e+04
4.148404166332686873e+04
4.148408332999353297e+04
4.148412499666019721e+04
4.148416666332686145e+04
4.148420832999352569e+04
4.148424999666018994e+04
4.148429166332685418e+04
4.148433332999351842e+04
4.148437499666018266e+04
4.148441666332684690e+04
4.148445832999351114e+04
4.148449999666017538e+04
4.148454166332683963e+04
4.148458332999350387e+04
4.148462499666016811e+04
4.148466666332683235e+04
4.148470832999349659e+04
4.148474999666016083e+04
4.148479166332682507e+04
4.148483332999348931e+04
4.148487499666015356e+04
4.148491666332681780e+04
4.148495832999348204e+04
4.148499999666014628e+04
4.148504166332681052e+04
4.148508332999347476e+04
4.148512499666013900e+04
4.148516666332680325e+04
4.148520832999346749e+04
4.148524999666013173e+04
4.148529166332679597e+04
4.148533332999346021e+04
4.148537499666012445e+04
4.148541666332678869e+04
4.148545832999345294e+04
4.148549999666011718e+04
4.148554166332678142e+04
4.148558332999344566e+04
4.148562499666010990e+04
4.148566666332677414e+04
4.148570832999343838e+04
4.148574999666010262e+04
4.148579166332676687e+04
4.148583332999343111e+04
4.148587499666009535e+04
4.148591666332675959e+04
4.148595832999342383e+04
4.148599999666008807e+04
4.148604166332675231e+04
4.148608332999341656e+04
4.148612499666008080e+04
4.148616666332674504e+04
4.148620832999340928e+04
4.148624999666007352e+04
4.148629166332673776e+04
4.148633332999340200e+04
4.148637499666006624e+04
4.148641666332673049e+04
4.148645832999339473e+04
4.148649999666005897e+04
4.148654166332672321e+04
4.148658332999338745e+04
4.148662499666005169e+04
4.148666666332671593e+04
4.148670832999338018e+04
4.148674999666004442e+04
4.148679166332670866e+04
4.148683332999337290e+04
4.148687499666003714e+04
4.148691666332670138e+04
4.148695832999336562e+04
4.148699999666002986e+04
4.148704166332669411e+04
4.148708332999335835e+04
4.148712499666002259e+04
4.148716666332668683e+04
4.148720832999335107e+04
4.148724999666001531e+04
4.148729166332667955e+04
4.148733332999334380e+04
4.148737499666000804e+04
4.148741666332667228e+04
4.148745832999333652e+04
4.148749999666000076e+04
4.148754166332666500e+04
4.148758332999332924e+04
4.148762499665999349e+04
4.148766666332665773e+04
4.148770832999332197e+04
4.148774999665998621e+04
4.148779166332665045e+04
4.148783332999331469e+04
4.148787499665997893e+04
4.148791666332664317e+04
4.148795832999330742e+04
4.148799999665997166e+04
4.148804166332663590e+04
4.148808332999330014e+04
4.148812499665996438e+04
4.148816666332662862e+04
4.148820832999329286e+04
4.148824999665995711e+04
4.148829166332662135e+04
4.148833332999328559e+04
4.148837499665994983e+04
4.148841666332661407e+04
4.148845832999327831e+04
4.148849999665994255e+04
4.148854166332660679e+04
4.148858332999327104e+04
4.148862499665993528e+04
4.148866666332659952e+04
4.148870832999326376e+04
4.148874999665992800e+04
4.148879166332659224e+04
4.148883332999325648e+04
4.148887499665992073e+04
4.148891666332658497e+04
4.148895832999324921e+04
4.148899999665991345e+04
4.148904166332657769e+04
4.148908332999324193e+04
4.148912499665990617e+04
4.148916666332657041e+04
4.148920832999323466e+04
4.148924999665989890e+04
4.148929166332656314e+04
4.148933332999322738e+04
4.148937499665989162e+04
4.148941666332655586e+04
4.148945832999322010e+04
4.148949999665988435e+04
4.148954166332654859e+04
4.148958332999321283e+04
4.148962499665987707e+04
4.148966666332654131e+04
4.148970832999320555e+04
4.148974999665986979e+04
4.148979166332653404e+04
4.148983332999319828e+04
4.148987499665986252e+04
4.148991666332652676e+04
4.148995832999319100e+04
4.148999999665985524e+04
4.149004166332651948e+04
4.149008332999318372e+04
4.149012499665984797e+04
4.149016666332651221e+04
4.149020832999317645e+04
4.149024999665984069e+04
4.149029166332650493e+04
4.149033332999316917e+04
4.149037499665983341e+04
4.149041666332649766e+04
4.149045832999316190e+04
4.149049999665982614e+04
4.149054166332649038e+04
4.149058332999315462e+04
4.149062499665981886e+04
4.149066666332648310e+04
4.149070832999314734e+04
4.149074999665981159e+04
4.149079166332647583e+04
4.149083332999314007e+04
4.149087499665980431e+04
4.149091666332646855e+04
4.149095832999313279e+04
4.149099999665979703e+04
4.149104166332646128e+04
4.149108332999312552e+04
4.149112499665978976e+04
4.149116666332645400e+04
4.149120832999311824e+04
4.149124999665978248e+04
4.149129166332644672e+04
4.149133332999311097e+04
4.149137499665977521e+04
4.149141666332643945e+04
4.149145832999310369e+04
4.149149999665976793e+04
4.149154166332643217e+04
4.149158332999309641e+04
4.149162499665976065e+04
4.149166666332642490e+04
4.149170832999308914e+04
4.149174999665975338e+04
4.149179166332641762e+04
4.149183332999308186e+04
4.149187499665974610e+04
4.149191666332641034e+04
4.149195832999307459e+04
4.149199999665973883e+04
4.149204166332640307e+04
4.149208332999306731e+04
4.149212499665973155e+04
4.149216666332639579e+04
4.149220832999306003e+04
4.149224999665972427e+04
4.149229166332638852e+04
4.149233332999305276e+04
4.149237499665971700e+04
4.149241666332638124e+04
4.149245832999304548e+04
4.149249999665970972e+04
4.149254166332637396e+04
4.149258332999303821e+04
4.149262499665970245e+04
4.149266666332636669e+04
4.149270832999303093e+04
4.149274999665969517e+04
4.149279166332635941e+04
4.149283332999302365e+04
4.149287499665968789e+04
4.149291666332635214e+04
4.149295832999301638e+04
4.149299999665968062e+04
4.149304166332634486e+04
4.149308332999300910e+04
4.149312499665967334e+04
4.149316666332633758e+04
4.149320832999300183e+04
4.149324999665966607e+04
4.149329166332633031e+04
4.149333332999299455e+04
4.149337499665965879e+04
4.149341666332632303e+04
4.149345832999298727e+04
4.149349999665965152e+04
4.149354166332631576e+04
4.149358332999298000e+04
4.149362499665964424e+04
4.149366666332630848e+04
4.149370832999297272e+04
4.149374999665963696e+04
4.149379166332630120e+04
4.149383332999296545e+04
4.149387499665962969e+04
4.149391666332629393e+04
4.149395832999295817e+04
4.149399999665962241e+04
4.149404166332628665e+04
4.149408332999295089e+04
4.149412499665961514e+04
4.149416666332627938e+04
4.149420832999294362e+04
4.149424999665960786e+04
4.149429166332627210e+04
4.149433332999293634e+04
4.149437499665960058e+04
4.149441666332626482e+04
4.149445832999292907e+04
4.149449999665959331e+04
4.149454166332625755e+04
4.149458332999292179e+04
4.149462499665958603e+04
4.149466666332625027e+04
4.149470832999291451e+04
4.149474999665957876e+04
4.149479166332624300e+04
4.149483332999290724e+04
4.149487499665957148e+04
4.149491666332623572e+04
4.149495832999289996e+04
4.149499999665956420e+04
4.149504166332622844e+04
4.149508332999289269e+04
4.149512499665955693e+04
4.149516666332622117e+04
4.149520832999288541e+04
4.149524999665954965e+04
4.149529166332621389e+04
4.149533332999287813e+04
4.149537499665954238e+04
4.149541666332620662e+04
4.149545832999287086e+04
4.149549999665953510e+04
4.149554166332619934e+04
4.149558332999286358e+04
4.149562499665952782e+04
4.149566666332619207e+04
4.149570832999285631e+04
4.149574999665952055e+04
4.149579166332618479e+04
4.149583332999284903e+04
4.149587499665951327e+04
4.149591666332617751e+04
4.149595832999284175e+04
4.149599999665950600e+04
4.149604166332617024e+04
4.149608332999283448e+04
4.149612499665949872e+04
4.149616666332616296e+04
4.149620832999282720e+04
4.149624999665949144e+04
4.149629166332615569e+04
4.149633332999281993e+04
4.149637499665948417e+04
4.149641666332614841e+04
4.149645832999281265e+04
4.149649999665947689e+04
4.149654166332614113e+04
4.149658332999280537e+04
4.149662499665946962e+04
4.149666666332613386e+04
4.149670832999279810e+04
4.149674999665946234e+04
4.149679166332612658e+04
4.149683332999279082e+04
4.149687499665945506e+04
4.149691666332611931e+04
4.149695832999278355e+04
4.149699999665944779e+04
4.149704166332611203e+04
4.149708332999277627e+04
4.149712499665944051e+04
4.149716666332610475e+04
4.149720832999276899e+04
4.149724999665943324e+04
4.149729166332609748e+04
4.149733332999276172e+04
4.149737499665942596e+04
4.149741666332609020e+04
4.149745832999275444e+04
4.149749999665941868e+04
4.149754166332608293e+04
4.149758332999274717e+04
4.149762499665941141e+04
4.149766666332607565e+04
4.149770832999273989e+04
4.149774999665940413e+04
4.149779166332606837e+04
4.149783332999273262e+04
4.149787499665939686e+04
4.149791666332606110e+04
4.149795832999272534e+04
4.149799999665938958e+04
4.149804166332605382e+04
4.149808332999271806e+04
4.149812499665938230e+04
4.149816666332604655e+04
4.149820832999271079e+04
4.149824999665937503e+04
4.149829166332603927e+04
4.149833332999270351e+04
4.149837499665936775e+04
4.149841666332603199e+04
4.149845832999269624e+04
4.149849999665936048e+04
4.149854166332602472e+04
4.149858332999268896e+04
4.149862499665935320e+04
4.149866666332601744e+04
4.149870832999268168e+04
4.149874999665934592e+04
4.149879166332601017e+04
4.149883332999267441e+04
4.149887499665933865e+04
4.149891666332600289e+04
4.149895832999266713e+04
4.149899999665933137e+04
4.149904166332599561e+04
4.149908332999265986e+04
4.149912499665932410e+04
4.149916666332598834e+04
4.149920832999265258e+04
4.149924999665931682e+04
4.149929166332598106e+04
4.149933332999264530e+04
4.149937499665930955e+04
4.149941666332597379e+04
4.149945832999263803e+04
4.149949999665930227e+04
4.149954166332596651e+04
4.149958332999263075e+04
4.149962499665929499e+04
4.149966666332595923e+04
4.149970832999262348e+04
4.149974999665928772e+04
4.149979166332595196e+04
4.149983332999261620e+04
4.149987499665928044e+04
4.149991666332594468e+04
4.149995832999260892e+04
4.149999999665927317e+04
4.150004166332593741e+04
4.150008332999260165e+04
4.150012499665926589e+04
4.150016666332593013e+04
4.150020832999259437e+04
4.150024999665925861e+04
4.150029166332592285e+04
4.150033332999258710e+04
4.150037499665925134e+04
4.150041666332591558e+04
4.150045832999257982e+04
4.150049999665924406e+04
4.150054166332590830e+04
4.150058332999257254e+04
4.150062499665923679e+04
4.150066666332590103e+04
4.150070832999256527e+04
4.150074999665922951e+04
4.150079166332589375e+04
4.150083332999255799e+04
4.150087499665922223e+04
4.150091666332588647e+04
4.150095832999255072e+04
4.150099999665921496e+04
4.150104166332587920e+04
4.150108332999254344e+04
4.150112499665920768e+04
4.150116666332587192e+04
4.150120832999253616e+04
4.150124999665920041e+04
4.150129166332586465e+04
4.150133332999252889e+04
4.150137499665919313e+04
4.150141666332585737e+04
4.150145832999252161e+04
4.150149999665918585e+04
4.150154166332585010e+04
4.150158332999251434e+04
4.150162499665917858e+04
4.150166666332584282e+04
4.150170832999250706e+04
4.150174999665917130e+04
4.150179166332583554e+04
4.150183332999249978e+04
4.150187499665916403e+04
4.150191666332582827e+04
4.150195832999249251e+04
4.150199999665915675e+04
4.150204166332582099e+04
4.150208332999248523e+04
4.150212499665914947e+04
4.150216666332581372e+04
4.150220832999247796e+04
4.150224999665914220e+04
4.150229166332580644e+04
4.150233332999247068e+04
4.150237499665913492e+04
4.150241666332579916e+04
4.150245832999246340e+04
4.150249999665912765e+04
4.150254166332579189e+04
4.150258332999245613e+04
4.150262499665912037e+04
4.150266666332578461e+04
4.150270832999244885e+04
4.150274999665911309e+04
4.150279166332577734e+04
4.150283332999244158e+04
4.150287499665910582e+04
4.150291666332577006e+04
4.150295832999243430e+04
4.150299999665909854e+04
4.150304166332576278e+04
4.150308332999242702e+04
4.150312499665909127e+04
4.150316666332575551e+04
4.150320832999241975e+04
4.150324999665908399e+04
4.150329166332574823e+04
4.150333332999241247e+04
4.150337499665907671e+04
4.150341666332574096e+04
4.150345832999240520e+04
4.150349999665906944e+04
4.150354166332573368e+04
4.150358332999239792e+04
4.150362499665906216e+04
4.150366666332572640e+04
4.150370832999239065e+04
4.150374999665905489e+04
4.150379166332571913e+04
4.150383332999238337e+04
4.150387499665904761e+04
4.150391666332571185e+04
4.150395832999237609e+04
4.150399999665904033e+04
4.150404166332570458e+04
4.150408332999236882e+04
4.150412499665903306e+04
4.150416666332569730e+04
4.150420832999236154e+04
4.150424999665902578e+04
4.150429166332569002e+04
4.150433332999235427e+04
4.150437499665901851e+04
4.150441666332568275e+04
4.150445832999234699e+04
4.150449999665901123e+04
4.150454166332567547e+04
4.150458332999233971e+04
4.150462499665900395e+04
4.150466666332566820e+04
4.150470832999233244e+04
4.150474999665899668e+04
4.150479166332566092e+04
4.150483332999232516e+04
4.150487499665898940e+04
4.150491666332565364e+04
4.150495832999231789e+04
4.150499999665898213e+04
4.150504166332564637e+04
4.150508332999231061e+04
4.150512499665897485e+04
4.150516666332563909e+04
4.150520832999230333e+04
4.150524999665896758e+04
4.150529166332563182e+04
4.150533332999229606e+04
4.150537499665896030e+04
4.150541666332562454e+04
4.150545832999228878e+04
4.150549999665895302e+04
4.150554166332561726e+04
4.150558332999228151e+04
4.150562499665894575e+04
4.150566666332560999e+04
4.150570832999227423e+04
4.150574999665893847e+04
4.150579166332560271e+04
4.150583332999226695e+04
4.150587499665893120e+04
4.150591666332559544e+04
4.150595832999225968e+04
4.150599999665892392e+04
4.150604166332558816e+04
4.150608332999225240e+04
4.150612499665891664e+04
4.150616666332558088e+04
4.150620832999224513e+04
4.150624999665890937e+04
4.150629166332557361e+04
4.150633332999223785e+04
4.150637499665890209e+04
4.150641666332556633e+04
4.150645832999223057e+04
4.150649999665889482e+04
4.150654166332555906e+04
4.150658332999222330e+04
4.150662499665888754e+04
4.150666666332555178e+04
4.150670832999221602e+04
4.150674999665888026e+04
4.150679166332554450e+04
4.150683332999220875e+04
4.150687499665887299e+04
4.150691666332553723e+04
4.150695832999220147e+04
4.150699999665886571e+04
4.150704166332552995e+04
4.150708332999219419e+04
4.150712499665885844e+04
4.150716666332552268e+04
4.150720832999218692e+04
4.150724999665885116e+04
4.150729166332551540e+04
4.150733332999217964e+04
4.150737499665884388e+04
4.150741666332550813e+04
4.150745832999217237e+04
4.150749999665883661e+04
4.150754166332550085e+04
4.150758332999216509e+04
4.150762499665882933e+04
4.150766666332549357e+04
4.150770832999215781e+04
4.150774999665882206e+04
4.150779166332548630e+04
4.150783332999215054e+04
4.150787499665881478e+04
4.150791666332547902e+04
4.150795832999214326e+04
4.150799999665880750e+04
4.150804166332547175e+04
4.150808332999213599e+04
4.150812499665880023e+04
4.150816666332546447e+04
4.150820832999212871e+04
4.150824999665879295e+04
4.150829166332545719e+04
4.150833332999212143e+04
4.150837499665878568e+04
4.150841666332544992e+04
4.150845832999211416e+04
4.150849999665877840e+04
4.150854166332544264e+04
4.150858332999210688e+04
4.150862499665877112e+04
4.150866666332543537e+04
4.150870832999209961e+04
4.150874999665876385e+04
4.150879166332542809e+04
4.150883332999209233e+04
4.150887499665875657e+04
4.150891666332542081e+04
4.150895832999208505e+04
4.150899999665874930e+04
4.150904166332541354e+04
4.150908332999207778e+04
4.150912499665874202e+04
4.150916666332540626e+04
4.150920832999207050e+04
4.150924999665873474e+04
4.150929166332539899e+04
4.150933332999206323e+04
4.150937499665872747e+04
4.150941666332539171e+04
4.150945832999205595e+04
4.150949999665872019e+04
4.150954166332538443e+04
4.150958332999204868e+04
4.150962499665871292e+04
4.150966666332537716e+04
4.150970832999204140e+04
4.150974999665870564e+04
4.150979166332536988e+04
4.150983332999203412e+04
4.150987499665869836e+04
4.150991666332536261e+04
4.150995832999202685e+04
4.150999999665869109e+04
4.151004166332535533e+04
4.151008332999201957e+04
4.151012499665868381e+04
4.151016666332534805e+04
4.151020832999201230e+04
4.151024999665867654e+04
4.151029166332534078e+04
4.151033332999200502e+04
4.151037499665866926e+04
4.151041666332533350e+04
4.151045832999199774e+04
4.151049999665866198e+04
4.151054166332532623e+04
4.151058332999199047e+04
4.151062499665865471e+04
4.151066666332531895e+04
4.151070832999198319e+04
4.151074999665864743e+04
4.151079166332531167e+04
4.151083332999197592e+04
4.151087499665864016e+04
4.151091666332530440e+04
4.151095832999196864e+04
4.151099999665863288e+04
4.151104166332529712e+04
4.151108332999196136e+04
4.151112499665862561e+04
4.151116666332528985e+04
4.151120832999195409e+04
4.151124999665861833e+04
4.151129166332528257e+04
4.151133332999194681e+04
4.151137499665861105e+04
4.151141666332527529e+04
4.151145832999193954e+04
4.151149999665860378e+04
4.151154166332526802e+04
4.151158332999193226e+04
4.151162499665859650e+04
4.151166666332526074e+04
4.151170832999192498e+04
4.151174999665858923e+04
4.151179166332525347e+04
4.151183332999191771e+04
4.151187499665858195e+04
4.151191666332524619e+04
4.151195832999191043e+04
4.151199999665857467e+04
4.151204166332523891e+04
4.151208332999190316e+04
4.151212499665856740e+04
4.151216666332523164e+04
4.151220832999189588e+04
4.151224999665856012e+04
4.151229166332522436e+04
4.151233332999188860e+04
4.151237499665855285e+04
4.151241666332521709e+04
4.151245832999188133e+04
4.151249999665854557e+04
4.151254166332520981e+04
4.151258332999187405e+04
4.151262499665853829e+04
4.151266666332520253e+04
4.151270832999186678e+04
4.151274999665853102e+04
4.151279166332519526e+04
4.151283332999185950e+04
4.151287499665852374e+04
4.151291666332518798e+04
4.151295832999185222e+04
4.151299999665851647e+04
4.151304166332518071e+04
4.151308332999184495e+04
4.151312499665850919e+04
4.151316666332517343e+04
4.151320832999183767e+04
4.151324999665850191e+04
4.151329166332516616e+04
4.151333332999183040e+04
4.151337499665849464e+04
4.151341666332515888e+04
4.151345832999182312e+04
4.151349999665848736e+04
4.151354166332515160e+04
4.151358332999181584e+04
4.151362499665848009e+04
4.151366666332514433e+04
4.151370832999180857e+04
4.151374999665847281e+04
4.151379166332513705e+04
4.151383332999180129e+04
4.151387499665846553e+04
4.151391666332512978e+04
4.151395832999179402e+04
4.151399999665845826e+04
4.151404166332512250e+04
4.151408332999178674e+04
4.151412499665845098e+04
4.151416666332511522e+04
4.151420832999177946e+04
4.151424999665844371e+04
4.151429166332510795e+04
4.151433332999177219e+04
4.151437499665843643e+04
4.151441666332510067e+04
4.151445832999176491e+04
4.151449999665842915e+04
4.151454166332509340e+04
4.151458332999175764e+04
4.151462499665842188e+04
4.151466666332508612e+04
4.151470832999175036e+04
4.151474999665841460e+04
4.151479166332507884e+04
4.151483332999174308e+04
4.151487499665840733e+04
4.151491666332507157e+04
4.151495832999173581e+04
4.151499999665840005e+04
4.151504166332506429e+04
4.151508332999172853e+04
4.151512499665839277e+04
4.151516666332505702e+04
4.151520832999172126e+04
4.151524999665838550e+04
4.151529166332504974e+04
4.151533332999171398e+04
4.151537499665837822e+04
4.151541666332504246e+04
4.151545832999170671e+04
4.151549999665837095e+04
4.151554166332503519e+04
4.151558332999169943e+04
4.151562499665836367e+04
4.151566666332502791e+04
4.151570832999169215e+04
4.151574999665835639e+04
4.151579166332502064e+04
4.151583332999168488e+04
4.151587499665834912e+04
4.151591666332501336e+04
4.151595832999167760e+04
4.151599999665834184e+04
4.151604166332500608e+04
4.151608332999167033e+04
4.151612499665833457e+04
4.151616666332499881e+04
4.151620832999166305e+04
4.151624999665832729e+04
4.151629166332499153e+04
4.151633332999165577e+04
4.151637499665832001e+04
4.151641666332498426e+04
4.151645832999164850e+04
4.151649999665831274e+04
4.151654166332497698e+04
4.151658332999164122e+04
4.151662499665830546e+04
4.151666666332496970e+04
4.151670832999163395e+04
4.151674999665829819e+04
4.151679166332496243e+04
4.151683332999162667e+04
4.151687499665829091e+04
4.151691666332495515e+04
4.151695832999161939e+04
4.151699999665828364e+04
4.151704166332494788e+04
4.151708332999161212e+04
4.151712499665827636e+04
4.151716666332494060e+04
4.151720832999160484e+04
4.151724999665826908e+04
4.151729166332493332e+04
4.151733332999159757e+04
4.151737499665826181e+04
4.151741666332492605e+04
4.151745832999159029e+04
4.151749999665825453e+04
4.151754166332491877e+04
4.151758332999158301e+04
4.151762499665824726e+04
4.151766666332491150e+04
4.151770832999157574e+04
4.151774999665823998e+04
4.151779166332490422e+04
4.151783332999156846e+04
4.151787499665823270e+04
4.151791666332489694e+04
4.151795832999156119e+04
4.151799999665822543e+04
4.151804166332488967e+04
4.151808332999155391e+04
4.151812499665821815e+04
4.151816666332488239e+04
4.151820832999154663e+04
4.151824999665821088e+04
4.151829166332487512e+04
4.151833332999153936e+04
4.151837499665820360e+04
4.151841666332486784e+04
4.151845832999153208e+04
4.151849999665819632e+04
4.151854166332486056e+04
4.151858332999152481e+04
4.151862499665818905e+04
4.151866666332485329e+04
4.151870832999151753e+04
4.151874999665818177e+04
4.151879166332484601e+04
4.151883332999151025e+04
4.151887499665817450e+04
4.151891666332483874e+04
4.151895832999150298e+04
4.151899999665816722e+04
4.151904166332483146e+04
4.151908332999149570e+04
4.151912499665815994e+04
4.151916666332482419e+04
4.151920832999148843e+04
4.151924999665815267e+04
4.151929166332481691e+04
4.151933332999148115e+04
4.151937499665814539e+04
4.151941666332480963e+04
4.151945832999147387e+04
4.151949999665813812e+04
4.151954166332480236e+04
4.151958332999146660e+04
4.151962499665813084e+04
4.151966666332479508e+04
4.151970832999145932e+04
4.151974999665812356e+04
4.151979166332478781e+04
4.151983332999145205e+04
4.151987499665811629e+04
4.151991666332478053e+04
4.151995832999144477e+04
4.151999999665810901e+04
4.152004166332477325e+04
4.152008332999143749e+04
4.152012499665810174e+04
4.152016666332476598e+04
4.152020832999143022e+04
4.152024999665809446e+04
4.152029166332475870e+04
4.152033332999142294e+04
4.152037499665808718e+04
4.152041666332475143e+04
4.152045832999141567e+04
4.152049999665807991e+04
4.152054166332474415e+04
4.152058332999140839e+04
4.152062499665807263e+04
4.152066666332473687e+04
4.152070832999140111e+04
4.152074999665806536e+04
4.152079166332472960e+04
4.152083332999139384e+04
4.152087499665805808e+04
4.152091666332472232e+04
4.152095832999138656e+04
4.152099999665805080e+04
4.152104166332471505e+04
4.152108332999137929e+04
4.152112499665804353e+04
4.152116666332470777e+04
4.152120832999137201e+04
4.152124999665803625e+04
4.152129166332470049e+04
4.152133332999136474e+04
4.152137499665802898e+04
4.152141666332469322e+04
4.152145832999135746e+04
4.152149999665802170e+04
4.152154166332468594e+04
4.152158332999135018e+04
