41459	195.038086	24.466675
41459.04167	195.095291	24.470093
41459.08333	195.066864	24.465698
41459.125	195.103531	24.463715
41459.16667	195.222687	24.465698
41459.20833	195.184998	24.452972
41459.25	195.019791	24.458832
41459.29167	194.980423	24.459839
41459.33333	194.830566	24.460266
41459.375	194.795639	24.477417
41459.41667	194.763992	24.46814
41459.45833	194.822998	24.441223
41459.5	195.008926	24.45639
41459.54167	195.188019	24.440735
41459.58333	195.328552	24.444641
41459.625	195.456085	24.434387
41459.66667	195.275787	24.461792
41459.70833	195.244141	24.457397
41459.75	195.145905	24.4422
41459.79167	194.957901	24.457855
41459.83333	194.778885	24.452026
41459.875	194.691116	24.437836
41459.91667	194.5383	24.444183
41459.95833	194.59549	24.441742
41460	194.597504	24.429993
41460.04167	194.663483	24.448578
41460.08333	194.642426	24.436798
41460.125	194.68045	24.452026
41460.16667	194.644302	24.436798
41460.20833	194.609375	24.444641
41460.25	194.586578	24.434387
41460.29167	194.527374	24.427521
41460.33333	194.366714	24.438293
41460.375	194.373032	24.42215
41460.41667	194.314026	24.446594
41460.45833	194.429016	24.42804
41460.5	194.533539	24.424591
41460.54167	194.809586	24.422638
41460.58333	194.882935	24.413361
41460.625	194.913712	24.433411
41460.66667	194.782028	24.442688
41460.70833	194.706528	24.432892
41460.75	194.546082	24.414825
41460.79167	194.318375	24.434875
41460.83333	194.235168	24.420227
41460.875	194.156326	24.417267
41460.91667	194.07901	24.418701
41460.95833	194.091141	24.430969
41461	194.045959	24.413361
41461.04167	194.067139	24.435852
41461.08333	194.124405	24.41626
41461.125	194.100204	24.426544
41461.16667	194.104965	24.407501
41461.20833	194.03952	24.433411
41461.25	194.011154	24.414825
41461.29167	193.982391	24.39917
41461.33333	193.959122	24.394287
41461.375	193.849167	24.403564
41461.41667	193.829315	24.421173
41461.45833	193.851852	24.424591
41461.5	194.000229	24.410889
41461.54167	194.229004	24.425598
41461.58333	194.350296	24.410889
41461.625	194.332123	24.417267
41461.66667	194.350296	24.411896
41461.70833	194.259369	24.420715
41461.75	194.09906	24.411407
41461.79167	193.935394	24.394775
41461.83333	193.771515	24.413361
41461.875	193.680527	24.409424
41461.91667	193.618439	24.403564
41461.95833	193.661087	24.405518
41462	193.596512	24.38739
41462.04167	193.591827	24.367859
41462.08333	193.656128	24.401123
41462.125	193.704071	24.396729
41462.16667	193.665573	24.392822
41462.20833	193.580429	24.377167
41462.25	193.511368	24.395721
41462.29167	193.427628	24.383026
41462.33333	193.345078	24.389404
41462.375	193.359436	24.394287
41462.41667	193.374924	24.374268
41462.45833	193.361649	24.370331
41462.5	193.538513	24.395264
41462.54167	193.719482	24.386444
41462.58333	193.851852	24.363953
41462.625	193.903748	24.38205
41462.66667	193.882019	24.37619
41462.70833	193.77829	24.388916
41462.75	193.594849	24.39917
41462.79167	193.334488	24.383026
41462.83333	193.247192	24.391327
41462.875	193.132996	24.373749
41462.91667	193.13475	24.384979
41462.95833	193.165451	24.370331
41463	193.233109	24.386444
41463.04167	193.290237	24.395721
41463.08333	193.339981	24.368347
41463.125	193.245239	24.376678
41463.16667	193.178268	24.365417
41463.20833	193.325439	24.367371
41463.25	193.198975	24.366425
41463.29167	193.164978	24.380096
41463.33333	193.059982	24.373749
41463.375	192.955582	24.377167
41463.41667	192.913147	24.379608
41463.45833	193.001511	24.36496
41463.5	193.277695	24.366882
41463.54167	193.376663	24.360046
41463.58333	193.487427	24.367859
41463.625	193.491714	24.350769
41463.66667	193.531418	24.353668
41463.70833	193.28447	24.363495
41463.75	193.216141	24.362976
41463.79167	192.987503	24.35614
41463.83333	192.94252	24.373749
41463.875	192.84523	24.364441
41463.91667	192.886063	24.353668
41463.95833	192.875732	24.360565
41464	192.928497	24.352234
41464.04167	192.938828	24.354645
41464.08333	193.107056	24.347351
41464.125	192.980331	24.367859
41464.16667	192.940979	24.349792
41464.20833	192.871033	24.363495
41464.25	192.931244	24.349792
41464.29167	192.763229	24.35614
41464.33333	192.708908	24.35025
41464.375	192.683029	24.329742
41464.41667	192.692078	24.334625
41464.45833	192.758255	24.327301
41464.5	192.955582	24.343414
41464.54167	193.087341	24.340973
41464.58333	193.216141	24.334137
41464.625	193.251205	24.349274
41464.66667	193.218216	24.335571
41464.70833	193.127029	24.350769
41464.75	192.867813	24.322876
41464.79167	192.789566	24.341492
41464.83333	192.611816	24.347351
41464.875	192.684647	24.342468
41464.91667	192.646957	24.346344
41464.95833	192.693893	24.348785
41465	192.684647	24.33316
41465.04167	192.696579	24.333649
41465.08333	192.684647	24.339996
41465.125	192.679077	24.333649
41465.16667	192.664993	24.329742
41465.20833	192.666336	24.335571
41465.25	192.55014	24.3302
41465.29167	192.505951	24.297943
41465.33333	192.468399	24.33609
41465.375	192.398132	24.317474
41465.41667	192.413559	24.312103
41465.45833	192.464981	24.316528
41465.5	192.622681	24.31604
41465.54167	192.846832	24.310181
41465.58333	192.929901	24.335114
41465.625	192.980331	24.31308
41465.66667	192.931244	24.320923
41465.70833	192.823975	24.292572
41465.75	192.705826	24.299408
41465.79167	192.516815	24.319946
41465.83333	192.300507	24.292572
41465.875	192.286163	24.323395
41465.91667	192.269806	24.301849
41465.95833	192.259079	24.315063
41466	192.30896	24.315552
41466.04167	192.283142	24.302338
41466.08333	192.21489	24.302338
41466.125	192.166336	24.302338
41466.16667	192.150116	24.297455
41466.20833	192.134491	24.294006
41466.25	192.097824	24.310181
41466.29167	192.080322	24.300415
41466.33333	192.046997	24.291595
41466.375	192.019501	24.27301
41466.41667	192.046463	24.311157
41466.45833	192.08139	24.280853
41466.5	192.182907	24.30481
41466.54167	192.402084	24.299927
41466.58333	192.553894	24.287689
41466.625	192.627975	24.266174
41466.66667	192.596466	24.274475
41466.70833	192.545105	24.314575
41466.75	192.3797	24.305786
41466.79167	192.291931	24.283264
41466.83333	192.131805	24.291107
41466.875	192.058533	24.295532
41466.91667	191.99704	24.290649
41466.95833	191.989258	24.288635
41467	191.929718	24.294006
41467.04167	191.929718	24.295532
41467.08333	191.980011	24.307709
41467.125	191.964996	24.288635
41467.16667	191.972504	24.287689
41467.20833	191.996841	24.274475
41467.25	191.937698	24.264221
41467.29167	191.872467	24.286713
41467.33333	191.796631	24.272522
41467.375	191.754059	24.277435
41467.41667	191.897949	24.273987
41467.45833	191.85556	24.282318
41467.5	192.049805	24.256866
41467.54167	192.157089	24.276459
41467.58333	192.291931	24.282318
41467.625	192.396454	24.257385
41467.66667	192.370438	24.247101
41467.70833	192.319214	24.253479
41467.75	192.202423	24.274475
41467.79167	192.010315	24.264679
41467.83333	191.876953	24.254944
41467.875	191.789322	24.276947
41467.91667	191.757278	24.262238
41467.95833	191.784561	24.261292
41468	191.749893	24.272522
41468.04167	191.732925	24.275482
41468.08333	191.742523	24.262238
41468.125	191.728775	24.277893
41468.16667	191.731461	24.231476
41468.20833	191.748016	24.252502
41468.25	191.710464	24.230957
41468.29167	191.658508	24.249542
41468.33333	191.610428	24.243683
41468.375	191.595413	24.264679
41468.41667	191.60936	24.244659
41468.45833	191.5755	24.239288
41468.5	191.671051	24.260315
41468.54167	191.798172	24.242737
41468.58333	191.955536	24.234406
41468.625	192.051147	24.251038
41468.66667	192.003006	24.237823
41468.70833	191.93576	24.257874
41468.75	191.751236	24.23584
41468.79167	191.567917	24.237823
41468.83333	191.490814	24.232452
41468.875	191.425842	24.236847
41468.91667	191.433212	24.246643
41468.95833	191.401505	24.232452
41469	191.415115	24.255402
41469.04167	191.463791	24.225128
41469.08333	191.433212	24.2388
41469.125	191.452866	24.225586
41469.16667	191.454346	24.231964
41469.20833	191.363754	24.242218
41469.25	191.339142	24.232452
41469.29167	191.283295	24.223663
41469.33333	191.207596	24.203094
41469.375	191.207657	24.218262
41469.41667	191.169647	24.225128
41469.45833	191.196671	24.233917
41469.5	191.317886	24.238312
41469.54167	191.477066	24.202118
41469.58333	191.581528	24.203613
41469.625	191.614594	24.233917
41469.66667	191.61351	24.223663
41469.70833	191.601318	24.21582
41469.75	191.496582	24.252991
41469.79167	191.308975	24.214844
41469.83333	191.154633	24.205566
41469.875	191.159317	24.203094
41469.91667	191.149796	24.194824
41469.95833	191.13472	24.22171
41470	191.085098	24.214386
41470.04167	191.16951	24.206055
41470.08333	191.163483	24.205078
41470.125	191.073898	24.213898
41470.16667	191.151749	24.210938
41470.20833	190.975739	24.213409
41470.25	190.907822	24.19043
41470.29167	190.807709	24.216797
41470.33333	190.788071	24.208008
41470.375	190.844116	24.203094
41470.41667	190.704391	24.210449
41470.45833	190.762054	24.207489
41470.5	190.803024	24.206543
41470.54167	191.028366	24.191864
41470.58333	191.14537	24.196747
41470.625	191.220734	24.210938
41470.66667	191.161942	24.211426
41470.70833	191.121109	24.202118
41470.75	190.97728	24.166962
41470.79167	190.836334	24.175751
41470.83333	190.698822	24.179199
41470.875	190.642227	24.209961
41470.91667	190.604752	24.192871
41470.95833	190.590866	24.182098
41471	190.692657	24.205078
41471.04167	190.692657	24.185547
41471.08333	190.695801	24.204102
41471.125	190.739517	24.190887
41471.16667	190.709213	24.18161
41471.20833	190.623184	24.186981
41471.25	190.53334	24.188446
41471.29167	190.510742	24.182587
41471.33333	190.472794	24.198242
41471.375	190.518524	24.179688
41471.41667	190.454758	24.193817
41471.45833	190.516708	24.200195
41471.5	190.645523	24.18161
41471.54167	190.896957	24.191376
41471.58333	191.051163	24.186005
41471.625	191.142151	24.194824
41471.66667	191.066254	24.163025
41471.70833	190.987946	24.185547
41471.75	190.881927	24.1875
41471.79167	190.748367	24.181122
41471.83333	190.621048	24.15036
41471.875	190.612259	24.160583
41471.91667	190.569885	24.172791
41471.95833	190.575714	24.173279
41472	190.603073	24.156219
41472.04167	190.916458	24.157166
41472.08333	190.71666	24.16449
41472.125	190.73201	24.185059
41472.16667	190.65799	24.146423
41472.20833	190.615616	24.165497
41472.25	190.521469	24.164978
41472.29167	190.516708	24.147888
41472.33333	190.442963	24.171844
41472.375	190.42157	24.182587
41472.41667	190.467163	24.172333
41472.45833	190.574249	24.153748
41472.5	190.760849	24.145935
41472.54167	190.934906	24.146423
41472.58333	191.073898	24.152771
41472.625	191.207596	24.173279
41472.66667	191.174408	24.162048
41472.70833	190.872742	24.138092
41472.75	190.946442	24.155212
41472.79167	190.760849	24.11319
41472.83333	190.590866	24.151794
41472.875	190.550308	24.142029
41472.91667	190.468369	24.143005
41472.95833	190.50766	24.125916
41473	190.580551	24.142517
41473.04167	190.601669	24.174286
41473.08333	190.692657	24.136658
41473.125	190.660873	24.132263
41473.16667	190.553116	24.115662
41473.20833	190.485062	24.149353
41473.25	190.347214	24.162048
41473.29167	190.293839	24.13858
41473.33333	190.257828	24.133728
41473.375	190.183807	24.152771
41473.41667	190.206543	24.124451
41473.45833	190.276199	24.153748
41473.5	190.431961	24.122467
41473.54167	190.595505	24.122467
41473.58333	190.762054	24.128326
41473.625	190.730606	24.10733
41473.66667	190.658997	24.092194
41473.70833	190.635117	24.128326
41473.75	190.44577	24.080444
41473.79167	190.211105	24.112701
41473.83333	190.103424	24.145447
41473.875	190.035492	24.12735
41473.91667	190.019073	24.110779
41473.95833	189.976288	24.133728
41474	189.945923	24.129333
41474.04167	189.958389	24.092682
41474.08333	190.056747	24.11615
41474.125	189.992859	24.129333
41474.16667	189.990036	24.099976
41474.20833	189.955109	24.123932
41474.25	189.829391	24.091705
41474.29167	189.727737	24.127838
41474.33333	189.723312	24.135681
41474.375	189.664505	24.125427
41474.41667	189.791428	24.123932
41474.45833	189.741409	24.102448
41474.5	189.820602	24.112213
41474.54167	190.01123	24.105896
41474.58333	190.099258	24.097076
41474.625	190.094299	24.119537
41474.66667	190.027847	24.117096
41474.70833	189.952362	24.10437
41474.75	189.783997	24.094116
41474.79167	189.696228	24.117584
41474.83333	189.558563	24.093628
41474.875	189.531143	24.133728
41474.91667	189.440369	24.119537
41474.95833	189.409851	24.087311
41475	189.465912	24.120056
41475.04167	189.42366	24.108307
41475.08333	189.39209	24.092682
41475.125	189.482269	24.119537
41475.16667	189.480057	24.108765
41475.20833	189.388931	24.117096
41475.25	189.402344	24.079468
41475.29167	189.269318	24.103882
41475.33333	189.187576	24.083374
41475.375	189.23291	24.100494
41475.41667	189.199387	24.097076
41475.45833	189.298141	24.106354
41475.5	189.413208	24.093628
41475.54167	189.725189	24.095581
41475.58333	189.828049	24.100494
41475.625	189.860825	24.091705
41475.66667	189.900925	24.085327
41475.70833	189.896301	24.094604
41475.75	189.774734	24.098511
41475.79167	189.547775	24.101959
41475.83333	189.342072	24.066284
41475.875	189.216415	24.111725
41475.91667	189.095261	24.109253
41475.95833	189.16478	24.086334
41476	189.107452	24.074097
41476.04167	189.169418	24.095581
41476.08333	189.167664	24.056519
41476.125	189.186111	24.07608
41476.16667	189.189392	24.071655
41476.20833	189.16478	24.078003
41476.25	189.151718	24.080444
41476.29167	189.012039	24.088745
41476.33333	188.971283	24.064301
41476.375	189.009232	24.080444
41476.41667	189.017746	24.079468
41476.45833	189.069504	24.088745
41476.5	189.198242	24.071167
41476.54167	189.400803	24.071655
41476.58333	189.464493	24.07312
41476.625	189.466309	24.088257
41476.66667	189.473557	24.072144
41476.70833	189.422195	24.073608
41476.75	189.355469	24.066772
41476.79167	189.13797	24.084839
41476.83333	188.937958	24.080444
41476.875	188.880356	24.076569
41476.91667	188.845428	24.057495
41476.95833	188.841003	24.033569
41477	188.794067	24.063843
41477.04167	188.854477	24.025757
41477.08333	188.841003	24.067749
41477.125	188.813705	24.054565
41477.16667	188.819885	24.055054
41477.20833	188.783142	24.078003
41477.25	188.737946	24.060425
41477.29167	188.670029	24.052612
41477.33333	188.602173	24.062378
41477.375	188.63797	24.056519
41477.41667	188.659363	24.054565
41477.45833	188.644547	24.012543
41477.5	188.742767	24.049683
41477.54167	188.857895	24.060913
41477.58333	188.965042	24.044312
41477.625	189.11644	24.046753
41477.66667	188.986359	24.047241
41477.70833	188.959351	24.034515
41477.75	188.857895	24.052612
41477.79167	188.688263	24.064819
41477.83333	188.573273	24.043793
41477.875	188.404846	24.061401
41477.91667	188.391357	24.03894
41477.95833	188.319016	24.032074
41478	188.340134	24.058929
41478.04167	188.314194	24.043304
41478.08333	188.393509	24.047699
41478.125	188.347778	24.052612
41478.16667	188.417313	24.027679
41478.20833	188.336792	24.042328
41478.25	188.279327	24.015472
41478.29167	188.155548	24.015015
41478.33333	188.108612	24.042328
41478.375	188.149445	24.033569
41478.41667	188.132355	24.023285
41478.45833	188.164536	24.031586
41478.5	188.379303	24.011566
41478.54167	188.579575	24.019897
41478.58333	188.6595	24.033051
41478.625	188.760544	24.013031
41478.66667	188.768326	24.020844
41478.70833	188.731781	24.046265
41478.75	188.559326	24.014008
41478.79167	188.407791	24.047699
41478.83333	188.238556	24.027679
41478.875	188.129608	24.012054
41478.91667	188.066177	24.036957
41478.95833	188.014679	24.030121
41479	188.038742	23.987122
41479.04167	188.091644	24.042328
41479.08333	188.1418	24.011566
41479.125	188.125183	24.015472
41479.16667	188.149445	24.017914
41479.20833	188.13765	24.014496
41479.25	188.097687	24.010101
41479.29167	188.011185	24.007629
41479.33333	187.984573	24.007172
41479.375	188.00415	24.022308
41479.41667	187.971237	24.03894
41479.45833	188.100769	24.008636
41479.5	188.29924	23.986633
41479.54167	188.40062	24.009644
41479.58333	188.694092	23.988647
41479.625	188.809219	24.010101
41479.66667	188.785156	23.998352
41479.70833	188.529694	24.008118
41479.75	188.439972	24.029144
41479.79167	188.281204	24.019379
41479.83333	188.111237	24.034027
41479.875	187.976791	23.989105
41479.91667	187.914444	24.007629
41479.95833	187.866699	24.008636
41480	187.904388	23.94809
41480.04167	187.872604	23.982269
41480.08333	187.922287	23.995941
41480.125	188.034393	23.995453
41480.16667	188.038879	23.987122
41480.20833	188.040359	24.02475
41480.25	187.928787	23.989594
41480.29167	187.900024	24.000336
41480.33333	187.82251	23.966156
41480.375	187.839081	23.994965
41480.41667	187.898407	23.977875
41480.45833	187.930191	23.990082
41480.5	188.00798	23.997375
41480.54167	188.205566	23.982788
41480.58333	188.309967	23.995941
41480.625	188.456604	24.01059
41480.66667	188.391693	23.979828
41480.70833	188.332962	23.97934
41480.75	188.247482	24.007629
41480.79167	188.070938	23.994965
41480.83333	187.941864	23.997375
41480.875	187.87709	23.984222
41480.91667	187.8423	23.981262
41480.95833	187.836258	23.946594
41481	187.837067	23.991516
41481.04167	187.754318	23.980316
41481.08333	187.858658	23.995453
41481.125	187.884537	23.980316
41481.16667	187.910614	24.00473
41481.20833	187.893982	23.97348
41481.25	187.846848	23.99057
41481.29167	187.751511	23.963226
41481.33333	187.787308	23.989105
41481.375	187.716843	23.94809
41481.41667	187.752975	23.972015
41481.45833	187.760696	23.980774
41481.5	187.949707	23.990082
41481.54167	188.011459	23.960266
41481.58333	188.208389	23.977875
41481.625	188.259949	24.003265
41481.66667	188.274765	23.971008
41481.70833	188.219315	23.977386
41481.75	188.04184	23.95639
41481.79167	187.890366	23.958832
41481.83333	187.748489	23.980316
41481.875	187.730118	23.974457
41481.91667	187.759155	23.948547
41481.95833	187.723877	23.936859
41482	187.795227	23.934875
41482.04167	187.717987	23.952484
41482.08333	187.781754	23.94809
41482.125	187.761902	23.956848
41482.16667	187.712357	23.974945
41482.20833	187.760696	23.97348
41482.25	187.715439	23.943665
41482.29167	187.689224	23.938293
41482.33333	187.677277	23.957336
41482.375	187.659119	23.978851
41482.41667	187.699738	23.978363
41482.45833	187.697327	23.92218
41482.5	187.869644	23.949524
41482.54167	187.919662	23.91095
41482.58333	188.064758	23.948547
41482.625	188.13765	23.958344
41482.66667	188.064758	23.986633
41482.70833	187.984772	23.960266
41482.75	187.923752	23.953461
41482.79167	187.751511	23.969574
41482.83333	187.624512	23.958832
41482.875	187.566925	23.937805
41482.91667	187.542572	23.965149
41482.95833	187.478271	23.90799
41483	187.52153	23.943176
41483.04167	187.483841	23.952484
41483.08333	187.48317	23.957336
41483.125	187.514145	23.903595
41483.16667	187.462662	23.9505
41483.20833	187.469833	23.922668
41483.25	187.40184	23.935852
41483.29167	187.320236	23.978851
41483.33333	187.296982	23.905579
41483.375	187.267334	23.936859
41483.41667	187.268539	23.949524
41483.45833	187.252655	23.945648
41483.5	187.426254	23.952942
41483.54167	187.607544	23.894379
41483.58333	187.674332	23.947571
41483.625	187.717987	23.937805
41483.66667	187.630814	23.937347
41483.70833	187.604675	23.937347
41483.75	187.458023	23.922668
41483.79167	187.258621	23.9505
41483.83333	187.180847	23.920227
41483.875	187.141953	23.879211
41483.91667	187.101196	23.944153
41483.95833	187.111252	23.92804
41484	187.123718	23.951965
41484.04167	187.088852	23.931976
41484.08333	187.034805	23.921692
41484.125	187.040237	23.901672
41484.16667	187.014755	23.906555
41484.20833	186.962326	23.930511
41484.25	186.978958	23.920746
41484.29167	186.87114	23.91095
41484.33333	186.900238	23.914856
41484.375	186.91774	23.926117
41484.41667	186.889786	23.916321
41484.45833	187.003632	23.937805
41484.5	187.080948	23.912415
41484.54167	187.170715	23.889008
41484.58333	187.219131	23.895813
41484.625	187.258621	23.915375
41484.66667	187.27948	23.892365
41484.70833	187.148056	23.891418
41484.75	187.024078	23.892365
41484.79167	186.926529	23.943665
41484.83333	186.757629	23.935852
41484.875	186.740936	23.932434
41484.91667	186.697479	23.898743
41484.95833	186.743271	23.863586
41485	186.69487	23.912415
41485.04167	186.712234	23.874329
41485.08333	186.785858	23.920746
41485.125	186.777344	23.874817
41485.16667	186.76091	23.889008
41485.20833	186.73671	23.912415
41485.25	186.650208	23.898743
41485.29167	186.610718	23.858704
41485.33333	186.65477	23.902161
41485.375	186.660202	23.885071
41485.41667	186.609039	23.875763
41485.45833	186.716797	23.884094
41485.5	186.728928	23.875763
41485.54167	186.895279	23.886993
41485.58333	187.045334	23.927063
41485.625	187.105484	23.909485
41485.66667	187.058807	23.900208
41485.70833	186.952744	23.907532
41485.75	186.78653	23.910004
41485.79167	186.609039	23.844513
41485.83333	186.500687	23.895325
41485.875	186.48674	23.918274
41485.91667	186.435577	23.886505
41485.95833	186.430832	23.878235
41486	186.430832	23.888489
41486.04167	186.485138	23.900696
41486.08333	186.57901	23.863586
41486.125	186.482178	23.871857
41486.16667	186.444443	23.888031
41486.20833	186.383957	23.896301
41486.25	186.356796	23.886993
41486.29167	186.344391	23.851868
41486.33333	186.248184	23.87384
41486.375	186.344391	23.865509
41486.41667	186.293106	23.855286
41486.45833	186.400513	23.908966
41486.5	186.473068	23.883636
41486.54167	186.700439	23.907532
41486.58333	186.804428	23.879211
41486.625	186.850159	23.919739
41486.66667	186.846863	23.892365
41486.70833	186.796982	23.839661
41486.75	186.672943	23.89975
41486.79167	186.541595	23.89386
41486.83333	186.350967	23.869934
41486.875	186.28566	23.880188
41486.91667	186.267822	23.87384
41486.95833	186.308121	23.887512
41487	186.279968	23.886505
41487.04167	186.309937	23.882629
41487.08333	186.352112	23.858704
41487.125	186.409836	23.873322
41487.16667	186.350967	23.89975
41487.20833	186.265945	23.885071
41487.25	186.166855	23.86261
41487.29167	186.129028	23.868958
41487.33333	186.098129	23.884583
41487.375	186.078476	23.893402
41487.41667	186.184341	23.87384
41487.45833	186.152634	23.863586
41487.5	186.259781	23.883636
41487.54167	186.426392	23.839142
41487.58333	186.495865	23.864075
41487.625	186.603745	23.83432
41487.66667	186.589325	23.854797
41487.70833	186.401932	23.846497
41487.75	186.31604	23.830872
41487.79167	186.12085	23.867981
41487.83333	186.04924	23.875305
41487.875	185.966644	23.854279
41487.91667	185.91716	23.833801
41487.95833	185.91803	23.883118
41488	185.948273	23.863586
41488.04167	185.882416	23.883118
41488.08333	185.941895	23.816193
41488.125	185.901932	23.843536
41488.16667	185.875717	23.84845
41488.20833	185.817459	23.841125
41488.25	185.725128	23.855286
41488.29167	185.69194	23.862122
41488.33333	185.673828	23.849884
41488.375	185.621201	23.853333
41488.41667	185.598862	23.868958
41488.45833	185.61824	23.819153
41488.5	185.901337	23.860626
41488.54167	185.971527	23.818634
41488.58333	186.167389	23.832794
41488.625	186.193268	23.846985
41488.66667	186.203598	23.843536
41488.70833	186.188782	23.859192
41488.75	185.983932	23.837219
41488.79167	185.833206	23.838654
41488.83333	185.570435	23.837219
41488.875	185.563873	23.812836
41488.91667	185.501251	23.837219
41488.95833	185.509491	23.86261
41489	185.46196	23.820618
41489.04167	185.46196	23.840637
41489.08333	185.409119	23.832794
41489.125	185.454773	23.834808
41489.16667	185.46196	23.843048
41489.20833	185.395035	23.809387
41489.25	185.370895	23.81131
41489.29167	185.370895	23.809875
41489.33333	185.3013	23.845978
41489.375	185.259064	23.864563
41489.41667	185.416489	23.845032
41489.45833	185.475433	23.805481
41489.5	185.533295	23.82843
41489.54167	185.668198	23.832306
41489.58333	185.834213	23.86261
41489.625	185.852386	23.852356
41489.66667	185.905762	23.783508
41489.70833	185.831528	23.800568
41489.75	185.743362	23.78009
41489.79167	185.602631	23.792297
41489.83333	185.384781	23.806458
41489.875	185.236328	23.80304
41489.91667	185.245316	23.799591
41489.95833	185.222855	23.79422
41490	185.275757	23.833282
41490.04167	185.245316	23.798645
41490.08333	185.294189	23.818176
41490.125	185.345627	23.79718
41490.16667	185.283127	23.817688
41490.20833	185.228485	23.841125
41490.25	185.272812	23.835754
41490.29167	185.203201	23.805939
41490.33333	185.121811	23.819641
41490.375	185.069916	23.817688
41490.41667	185.118393	23.745422
41490.45833	185.251343	23.799133
41490.5	185.356415	23.808899
41490.54167	185.410049	23.76886
41490.58333	185.601212	23.803528
41490.625	185.727875	23.753235
41490.66667	185.727875	23.790375
41490.70833	185.700241	23.810364
41490.75	185.544968	23.816193
41490.79167	185.486023	23.79718
41490.83333	185.314041	23.82843
41490.875	185.162247	23.827454
41490.91667	185.136688	23.79422
41490.95833	185.14856	23.814758
41491	185.110886	23.788391
41491.04167	185.103439	23.799133
41491.08333	185.157684	23.792297
41491.125	185.204742	23.781555
41491.16667	185.160767	23.810822
41491.20833	185.145538	23.795715
41491.25	185.035309	23.839661
41491.29167	184.985489	23.778595
41491.33333	184.959351	23.73761
41491.375	184.88707	23.809387
41491.41667	184.838654	23.787415
41491.45833	185.011047	23.791809
41491.5	185.096725	23.761993
41491.54167	185.373245	23.751801
41491.58333	185.519287	23.764465
41491.625	185.565079	23.78009
41491.66667	185.585251	23.818634
41491.70833	185.519287	23.744446
41491.75	185.437683	23.764008
41491.79167	185.259064	23.73761
41491.83333	185.07547	23.756622
41491.875	185.011047	23.746887
41491.91667	184.982208	23.800079
41491.95833	184.956665	23.777161
41492	184.973221	23.796204
41492.04167	185.009171	23.732727
41492.08333	185.047318	23.743958
41492.125	185.083527	23.78009
41492.16667	185.069916	23.754211
41492.20833	185.006622	23.806976
41492.25	184.902145	23.763031
41492.29167	184.834305	23.779114
41492.33333	184.773682	23.760559
41492.375	184.750824	23.749329
41492.41667	184.728226	23.797668
41492.45833	184.808746	23.768402
41492.5	184.9216	23.73761
41492.54167	185.124283	23.789825
41492.58333	185.26503	23.79422
41492.625	185.360443	23.783966
41492.66667	185.325577	23.79718
41492.70833	185.246384	23.741516
41492.75	185.157684	23.769836
41492.79167	185.018478	23.756622
41492.83333	184.815857	23.739563
41492.875	184.752563	23.725891
41492.91667	184.725143	23.78302
41492.95833	184.759262	23.732239
41493	184.744919	23.708344
41493.04167	184.747604	23.787903
41493.08333	184.80687	23.752777
41493.125	184.764496	23.782043
41493.16667	184.844421	23.724915
41493.20833	184.730774	23.786926
41493.25	184.641525	23.776184
41493.29167	184.668625	23.727356
41493.33333	184.467194	23.70639
41493.375	184.540009	23.741058
41493.41667	184.554169	23.719086
41493.45833	184.634628	23.78595
41493.5	184.794342	23.734161
41493.54167	184.926086	23.721497
41493.58333	184.937759	23.718597
41493.625	185.10022	23.764008
41493.66667	185.119736	23.755188
41493.70833	184.995483	23.717102
41493.75	184.859375	23.738586
41493.79167	184.739624	23.739075
41493.83333	184.574005	23.769379
41493.875	184.54364	23.739075
41493.91667	184.50032	23.760071
41493.95833	184.440247	23.723938
41494	184.447556	23.732239
41494.04167	184.465988	23.739563
41494.08333	184.44635	23.762512
41494.125	184.540009	23.702484
41494.16667	184.482422	23.73468
41494.20833	184.441986	23.743469
41494.25	184.358978	23.728821
41494.29167	184.361603	23.751282
41494.33333	184.277176	23.767395
41494.375	184.23172	23.727356
41494.41667	184.325195	23.719086
41494.45833	184.330276	23.714203
41494.5	184.455597	23.701508
41494.54167	184.611618	23.759094
41494.58333	184.765167	23.704895
41494.625	184.853073	23.722473
41494.66667	184.896057	23.74054
41494.70833	184.796951	23.714203
41494.75	184.653671	23.702972
41494.79167	184.49617	23.732727
41494.83333	184.366089	23.693176
41494.875	184.275299	23.725433
41494.91667	184.262497	23.704407
41494.95833	184.234665	23.67514
41495	184.276718	23.742981
41495.04167	184.192368	23.692719
41495.08333	184.222595	23.725433
41495.125	184.260086	23.719086
41495.16667	184.260086	23.690765
41495.20833	184.187531	23.676117
41495.25	184.222595	23.693176
41495.29167	184.165009	23.746429
41495.33333	184.093735	23.720062
41495.375	184.048813	23.712219
41495.41667	184.087692	23.744446
41495.45833	184.05954	23.710785
41495.5	184.222595	23.694672
41495.54167	184.311447	23.688812
41495.58333	184.540009	23.691742
41495.625	184.580643	23.693665
41495.66667	184.6082	23.743469
41495.70833	184.584137	23.749817
41495.75	184.438568	23.671204
41495.79167	184.308487	23.69516
41495.83333	184.185989	23.700531
41495.875	184.111633	23.661469
41495.91667	184.03775	23.679535
41495.95833	184.093735	23.723938
41496	184.078842	23.672729
41496.04167	184.074158	23.70105
41496.08333	184.030304	23.69809
41496.125	184.06839	23.680023
41496.16667	184.06041	23.68927
41496.20833	184.030304	23.695679
41496.25	183.95929	23.656616
41496.29167	183.936432	23.724457
41496.33333	183.88353	23.681976
41496.375	183.869781	23.70639
41496.41667	183.841354	23.705383
41496.45833	183.895599	23.707855
41496.5	184.007431	23.679535
41496.54167	184.131683	23.719574
41496.58333	184.252975	23.652191
41496.625	184.278519	23.667328
41496.66667	184.326797	23.668793
41496.70833	184.267532	23.677063
41496.75	184.183044	23.694672
41496.79167	184.086151	23.665863
41496.83333	183.873138	23.708832
41496.875	183.812256	23.700531
41496.91667	183.991074	23.661469
41496.95833	183.799911	23.640961
41497	183.812256	23.709778
41497.04167	183.771759	23.665405
41497.08333	183.784897	23.674652
41497.125	183.832031	23.714203
41497.16667	183.858047	23.708344
41497.20833	183.792877	23.687347
41497.25	183.768738	23.682434
41497.29167	183.70993	23.669769
41497.33333	183.650604	23.66687
41497.375	183.595551	23.694672
41497.41667	183.680573	23.699524
41497.45833	183.717117	23.670746
41497.5	183.812256	23.647797
41497.54167	183.929321	23.714691
41497.58333	184.101242	23.648285
41497.625	184.096817	23.698547
41497.66667	184.108414	23.659027
41497.70833	184.061554	23.648804
41497.75	183.942261	23.631714
41497.79167	183.903107	23.632233
41497.83333	183.771088	23.637054
41497.875	183.761963	23.642944
41497.91667	183.633698	23.639526
41497.95833	183.631149	23.693665
41498	183.568863	23.681
41498.04167	183.582672	23.67807
41498.08333	183.62767	23.683929
41498.125	183.62767	23.686371
41498.16667	183.6978	23.69809
41498.20833	183.573227	23.681
41498.25	183.537216	23.676575
41498.29167	183.535477	23.641937
41498.33333	183.491821	23.668793
41498.375	183.476944	23.660004
41498.41667	183.440323	23.64975
41498.45833	183.444626	23.669769
41498.5	183.574692	23.63269
41498.54167	183.715698	23.672241
41498.58333	183.756332	23.67514
41498.625	183.837997	23.61853
41498.66667	183.758148	23.663422
41498.70833	183.673065	23.635132
41498.75	183.595016	23.64975
41498.79167	183.479416	23.680023
41498.83333	183.374359	23.631195
41498.875	183.264664	23.688812
41498.91667	183.252731	23.638062
41498.95833	183.235825	23.63269
41499	183.205521	23.622925
41499.04167	183.260574	23.651733
41499.08333	183.245346	23.651245
41499.125	183.257217	23.699524
41499.16667	183.219528	23.689789
41499.20833	183.195267	23.66391
41499.25	183.133514	23.638519
41499.29167	183.089127	23.604401
41499.33333	183.085159	23.658051
41499.375	183.08168	23.642456
41499.41667	183.034882	23.630219
41499.45833	183.122574	23.611694
41499.5	183.257217	23.669281
41499.54167	183.407349	23.633667
41499.58333	183.410217	23.695679
41499.625	183.597626	23.641937
41499.66667	183.583954	23.65564
41499.70833	183.591064	23.626343
41499.75	183.479828	23.633179
41499.79167	183.353897	23.596069
41499.83333	183.152618	23.645874
41499.875	183.102737	23.653168
41499.91667	183.021271	23.651733
41499.95833	183.018311	23.611694
41500	183.068542	23.640961
41500.04167	183.063583	23.598541
41500.08333	183.078857	23.660461
41500.125	183.126999	23.613647
41500.16667	183.148468	23.650269
41500.20833	183.118088	23.632233
41500.25	183.013824	23.578522
41500.29167	182.957779	23.644897
41500.33333	182.839966	23.605835
41500.375	182.846329	23.630219
41500.41667	182.855118	23.602417
41500.45833	182.858063	23.674164
41500.5	182.965347	23.611206
41500.54167	183.137741	23.648804
41500.58333	183.257217	23.636078
41500.625	183.220947	23.628784
41500.66667	183.23468	23.658051
41500.70833	183.111923	23.62146
41500.75	182.946915	23.569733
41500.79167	182.855392	23.637573
41500.83333	182.824738	23.620483
41500.875	182.753738	23.649261
41500.91667	182.675217	23.641937
41500.95833	182.700638	23.591705
41501	182.665909	23.653168
41501.04167	182.690109	23.597534
41501.08333	182.650818	23.642944
41501.125	182.680862	23.640503
41501.16667	182.635666	23.603424
41501.20833	182.643646	23.638062
41501.25	182.550644	23.641449
41501.29167	182.547958	23.631195
41501.33333	182.52269	23.579498
41501.375	182.64357	23.62973
41501.41667	182.507126	23.621948
41501.45833	182.508804	23.615631
41501.5	182.726242	23.627808
41501.54167	182.841446	23.599487
41501.58333	183.01088	23.580475
41501.625	183.053055	23.582886
41501.66667	183.092468	23.578003
41501.70833	183.078857	23.646332
41501.75	182.886429	23.576569
41501.79167	182.832184	23.598053
41501.83333	182.711365	23.606812
41501.875	182.741806	23.583862
41501.91667	182.554062	23.63269
41501.95833	182.679718	23.604858
41502	182.656647	23.62973
41502.04167	182.773315	23.631195
41502.08333	182.850357	23.618988
41502.125	182.80336	23.638062
41502.16667	182.794174	23.568787
41502.20833	182.851563	23.587311
41502.25	182.761047	23.643463
41502.29167	182.65062	23.582428
41502.33333	182.552658	23.617065
41502.375	182.446243	23.566315
41502.41667	182.507126	23.555084
41502.45833	182.650818	23.598541
41502.5	182.84433	23.577545
41502.54167	183.007797	23.583374
41502.58333	183.141083	23.619476
41502.625	183.17099	23.56781
41502.66667	183.125732	23.559967
41502.70833	182.974396	23.566315
41502.75	182.785583	23.557556
41502.79167	182.680862	23.559967
41502.83333	182.466232	23.546326
41502.875	182.407089	23.541412
41502.91667	182.419556	23.624847
41502.95833	182.384628	23.623413
41503	182.381744	23.548798
41503.04167	182.319656	23.521912
41503.08333	182.336487	23.604858
41503.125	182.289215	23.578003
41503.16667	182.261932	23.588257
41503.20833	182.189514	23.55658
41503.25	182.240738	23.603912
41503.29167	182.148483	23.603424
41503.33333	182.032349	23.59317
41503.375	182.035431	23.628296
41503.41667	182.005066	23.566315
41503.45833	182.108047	23.568787
41503.5	182.402863	23.593658
41503.54167	182.448196	23.582428
41503.58333	182.448196	23.619995
41503.625	182.493454	23.589233
41503.66667	182.414536	23.532196
41503.70833	182.328308	23.579498
41503.75	182.171539	23.613647
41503.79167	182.044357	23.563873
41503.83333	181.906494	23.606812
41503.875	181.946396	23.553619
41503.91667	181.921982	23.613159
41503.95833	181.968918	23.59024
41504	181.890274	23.546783
41504.04167	181.881348	23.561462
41504.08333	181.95665	23.526337
41504.125	181.971863	23.57608
41504.16667	181.93988	23.60144
41504.20833	181.893158	23.533142
41504.25	181.801163	23.607788
41504.29167	181.732773	23.55658
41504.33333	181.655655	23.609253
41504.375	181.727066	23.561462
41504.41667	181.734238	23.581451
41504.45833	181.773941	23.6073
41504.5	181.941498	23.558014
41504.54167	181.999084	23.573151
41504.58333	182.160812	23.562439
41504.625	182.26535	23.594604
41504.66667	182.26059	23.544861
41504.70833	182.213913	23.583374
41504.75	182.06279	23.581451
41504.79167	181.891617	23.54776
41504.83333	181.759857	23.585358
41504.875	181.651108	23.598541
41504.91667	181.598328	23.518982
41504.95833	181.679535	23.574158
41505	181.615158	23.59024
41505.04167	181.681274	23.522888
41505.08333	181.769379	23.557068
41505.125	181.719421	23.533142
41505.16667	181.639496	23.557068
41505.20833	181.625687	23.537567
41505.25	181.551331	23.586334
41505.29167	181.535034	23.572632
41505.33333	181.506271	23.572632
41505.375	181.513916	23.523376
41505.41667	181.397186	23.582886
41505.45833	181.58197	23.563385
41505.5	181.722641	23.59024
41505.54167	181.81604	23.530701
41505.58333	181.946259	23.55072
41505.625	182.06105	23.535553
41505.66667	182.003723	23.579498
41505.70833	181.893158	23.566315
41505.75	181.799683	23.508759
41505.79167	181.675781	23.544373
41505.83333	181.60437	23.539001
41505.875	181.471344	23.534607
41505.91667	181.421463	23.518524
41505.95833	181.432449	23.532196
41506	181.495483	23.546326
41506.04167	181.421463	23.544861
41506.08333	181.383972	23.535553
41506.125	181.485016	23.548279
41506.16667	181.474365	23.522888
41506.20833	181.404968	23.587311
41506.25	181.30687	23.530701
41506.29167	181.275085	23.530701
41506.33333	181.193359	23.532684
41506.375	181.17981	23.55072
41506.41667	181.035858	23.577545
41506.45833	181.317261	23.527283
41506.5	181.521164	23.524841
41506.54167	181.586197	23.560944
41506.58333	181.637833	23.593658
41506.625	181.694885	23.549255
41506.66667	181.693542	23.558014
41506.70833	181.639496	23.514618
41506.75	181.465714	23.491669
41506.79167	181.309891	23.507324
41506.83333	181.10257	23.569733
41506.875	181.008499	23.541412
41506.91667	181.037399	23.554138
41506.95833	181.069244	23.555084
41507	180.995285	23.551208
41507.04167	181.069244	23.498993
41507.08333	181.166199	23.508759
41507.125	181.220581	23.561462
41507.16667	181.158417	23.582428
41507.20833	181.200653	23.592194
41507.25	181.04631	23.536072
41507.29167	180.93924	23.502899
41507.33333	180.996628	23.565826
41507.375	180.925491	23.506805
41507.41667	180.927292	23.530701
41507.45833	181.194626	23.55658
41507.5	181.018082	23.573151
41507.54167	181.210052	23.501434
41507.58333	181.326508	23.50531
41507.625	181.389877	23.53656
41507.66667	181.362579	23.555084
41507.70833	181.320282	23.572174
41507.75	181.21582	23.526825
41507.79167	181.055496	23.506317
41507.83333	180.960617	23.557068
41507.875	180.800568	23.500946
41507.91667	180.804398	23.552155
41507.95833	180.765244	23.503876
41508	180.715683	23.529236
41508.04167	180.667007	23.503876
41508.08333	180.704758	23.55072
41508.125	180.768463	23.570221
41508.16667	180.782135	23.550232
41508.20833	180.771347	23.511688
41508.25	180.710922	23.503387
41508.29167	180.629669	23.513184
41508.33333	180.629196	23.49704
41508.375	180.577698	23.578522
41508.41667	180.6642	23.571655
41508.45833	180.686661	23.571655
41508.5	180.783478	23.485321
41508.54167	180.877014	23.49704
41508.58333	180.962158	23.484375
41508.625	181.013184	23.512665
41508.66667	180.975845	23.487274
41508.70833	181.069244	23.51413
41508.75	180.922867	23.469696
41508.79167	180.719849	23.491669
41508.83333	180.552216	23.526337
41508.875	180.469482	23.487793
41508.91667	180.488525	23.524353
41508.95833	180.428513	23.504364
41509	180.447754	23.524841
41509.04167	180.45105	23.538513
41509.08333	180.476517	23.569733
41509.125	180.418991	23.547272
41509.16667	180.475113	23.52536
41509.20833	180.394852	23.560455
41509.25	180.394852	23.520966
41509.29167	180.392242	23.498016
41509.33333	180.341888	23.495605
41509.375	180.277313	23.50531
41509.41667	180.30722	23.541931
41509.45833	180.348251	23.528259
41509.5	180.429794	23.530701
41509.54167	180.594727	23.551208
41509.58333	180.774689	23.499451
41509.625	180.866882	23.521912
41509.66667	180.780594	23.49704
41509.70833	180.780594	23.499939
41509.75	180.656555	23.535553
41509.79167	180.50589	23.489258
41509.83333	180.418991	23.506805
41509.875	180.269531	23.521912
41509.91667	180.224487	23.486298
41509.95833	180.225754	23.493134
41510	180.214966	23.530182
41510.04167	180.23909	23.470734
41510.08333	180.268204	23.50531
41510.125	180.239838	23.477051
41510.16667	180.237427	23.528748
41510.20833	180.233124	23.521454
41510.25	180.097687	23.489258
41510.29167	180.144363	23.479492
41510.33333	180.06517	23.495605
41510.375	180.035065	23.500458
41510.41667	180.068588	23.480438
41510.45833	180.08046	23.472656
41510.5	180.305679	23.496094
41510.54167	180.397003	23.535553
41510.58333	180.615723	23.540466
41510.625	180.698456	23.495117
41510.66667	180.662994	23.472656
41510.70833	180.643066	23.459503
41510.75	180.543564	23.490723
41510.79167	180.402893	23.492645
41510.83333	180.290726	23.511688
41510.875	180.213348	23.479492
41510.91667	180.100174	23.538055
41510.95833	180.003418	23.532196
41511	180.083542	23.474121
41511.04167	180.037216	23.504364
41511.08333	180.053635	23.467285
41511.125	180.072815	23.491669
41511.16667	180.095413	23.526825
41511.20833	180.025009	23.480438
41511.25	179.944473	23.525848
41511.29167	179.937439	23.500458
41511.33333	179.935959	23.461426
41511.375	179.89003	23.506317
41511.41667	179.906738	23.463867
41511.45833	179.950455	23.465363
41511.5	180.06102	23.450195
41511.54167	180.265381	23.504852
41511.58333	180.36937	23.502899
41511.625	180.363739	23.476563
41511.66667	180.46579	23.507324
41511.70833	180.404373	23.449707
41511.75	180.324387	23.466797
41511.79167	180.177216	23.450195
41511.83333	180.033722	23.507324
41511.875	179.966873	23.471222
41511.91667	179.922089	23.460938
41511.95833	179.873871	23.476563
41512	179.841766	23.474121
41512.04167	179.829422	23.489258
41512.08333	179.847733	23.535553
41512.125	179.929794	23.470245
41512.16667	179.878174	23.486298
41512.20833	179.838547	23.518982
41512.25	179.873413	23.525848
41512.29167	179.775177	23.454132
41512.33333	179.699875	23.448761
41512.375	179.683319	23.483368
41512.41667	179.661804	23.516541
41512.45833	179.713425	23.474609
41512.5	179.971634	23.511688
41512.54167	180.154343	23.466309
41512.58333	180.183441	23.48291
41512.625	180.292267	23.511169
41512.66667	180.258743	23.503387
41512.70833	180.195053	23.448273
41512.75	180.129135	23.516052
41512.79167	179.994232	23.486786
41512.83333	179.88414	23.500458
41512.875	179.83136	23.453156
41512.91667	179.645035	23.47168
41512.95833	179.730118	23.460938
41513	179.687744	23.451233
41513.04167	179.695587	23.500458
41513.08333	179.748154	23.498993
41513.125	179.781143	23.498505
41513.16667	179.71785	23.476105
41513.20833	179.668228	23.490234
41513.25	179.640472	23.489258
41513.29167	179.578461	23.503387
41513.33333	179.547073	23.45459
41513.375	179.477875	23.452667
41513.41667	179.500412	23.462402
41513.45833	179.52655	23.47995
41513.5	179.665009	23.460938
41513.54167	179.83136	23.455078
41513.58333	179.860397	23.441437
41513.625	180.001938	23.485809
41513.66667	179.991745	23.448761
41513.70833	179.908279	23.470245
41513.75	179.771896	23.449707
41513.79167	179.65007	23.466309
41513.83333	179.545532	23.485321
41513.875	179.512344	23.456055
41513.91667	179.459106	23.465363
41513.95833	179.479218	23.492645
41514	179.468826	23.447784
41514.04167	179.464935	23.450195
41514.08333	179.580795	23.441925
41514.125	179.602921	23.440491
41514.16667	179.558868	23.459015
41514.20833	179.465546	23.479004
41514.25	179.421021	23.498993
41514.29167	179.416733	23.537567
41514.33333	179.325409	23.482422
41514.375	179.354172	23.462891
41514.41667	179.261307	23.434143
41514.45833	179.49115	23.45459
41514.5	179.631958	23.476105
41514.54167	179.757477	23.48877
41514.58333	179.880981	23.513611
41514.625	179.93898	23.466309
41514.66667	179.949371	23.440002
41514.70833	179.868103	23.439026
41514.75	179.741928	23.488281
41514.79167	179.605545	23.467773
41514.83333	179.405396	23.47168
41514.875	179.344254	23.48291
41514.91667	179.282898	23.468262
41514.95833	179.354843	23.438507
41515	179.351028	23.430725
41515.04167	179.399231	23.490723
41515.08333	179.37764	23.469238
41515.125	179.412643	23.456055
41515.16667	179.423294	23.446808
41515.20833	179.365433	23.46582
41515.25	179.294693	23.491669
41515.29167	179.258759	23.518005
41515.33333	179.17421	23.479004
41515.375	179.163956	23.440491
41515.41667	179.160263	23.501953
41515.45833	179.29007	23.436554
41515.5	179.351028	23.463379
41515.54167	179.397751	23.451233
41515.58333	179.506577	23.500458
41515.625	179.63739	23.447296
41515.66667	179.506577	23.479492
41515.70833	179.426315	23.455078
41515.75	179.293564	23.477051
41515.79167	179.169312	23.454132
41515.83333	179.093811	23.439026
41515.875	179.066391	23.430206
41515.91667	179.091812	23.446808
41515.95833	179.039444	23.518005
41516	179.121918	23.452667
41516.04167	179.110519	23.440002
41516.08333	179.128555	23.498505
41516.125	179.152695	23.429718
41516.16667	179.075714	23.426788
41516.20833	179.013824	23.440002
41516.25	178.9384	23.442902
41516.29167	178.8629	23.440948
41516.33333	178.875977	23.476563
41516.375	178.84761	23.440948
41516.41667	178.877579	23.501953
41516.45833	178.921097	23.438019
41516.5	179.045334	23.414642
41516.54167	179.249176	23.489258
41516.58333	179.244614	23.421448
41516.625	179.275314	23.484375
41516.66667	179.27774	23.42926
41516.70833	179.217926	23.434143
41516.75	179.083359	23.483887
41516.79167	178.962265	23.435089
41516.83333	178.820328	23.453156
41516.875	178.788467	23.441437
41516.91667	178.760178	23.47995
41516.95833	178.766281	23.496552
41517	178.761246	23.515106
41517.04167	178.829102	23.465363
41517.08333	178.886765	23.436066
41517.125	178.849014	23.450714
41517.16667	178.873825	23.485321
41517.20833	178.738388	23.444366
41517.25	178.627625	23.421936
41517.29167	178.598114	23.436554
41517.33333	178.511353	23.425812
41517.375	178.475754	23.465363
41517.41667	178.557358	23.440491
41517.45833	178.555145	23.435089
41517.5	178.691849	23.455078
41517.54167	178.771912	23.427795
41517.58333	178.803284	23.449219
41517.625	178.830643	23.494598
41517.66667	178.84024	23.448273
41517.70833	178.750595	23.421936
41517.75	178.632782	23.461426
41517.79167	178.500626	23.42926
41517.83333	178.463745	23.424835
41517.875	178.367996	23.467285
41517.91667	178.379059	23.460449
41517.95833	178.386108	23.435089
41518	178.383286	23.448273
41518.04167	178.379059	23.478516
41518.08333	178.391205	23.423859
41518.125	178.374634	23.492157
41518.16667	178.341187	23.428772
41518.20833	178.295929	23.476563
41518.25	178.172821	23.420959
41518.29167	178.178452	23.425812
41518.33333	178.140839	23.421448
41518.375	178.082367	23.42926
41518.41667	178.185623	23.447784
41518.45833	178.197357	23.478027
41518.5	178.250534	23.434143
41518.54167	178.455902	23.425354
41518.58333	178.430557	23.422913
41518.625	178.505585	23.428284
41518.66667	178.484665	23.40097
41518.70833	178.405212	23.406342
41518.75	178.290756	23.438507
41518.79167	178.067551	23.45752
41518.83333	178.020615	23.425812
41518.875	178.027328	23.429718
41518.91667	178.031479	23.466309
41518.95833	177.928558	23.475586
41519	178.023026	23.41217
41519.04167	177.976303	23.419983
41519.08333	178.034225	23.444855
41519.125	177.997955	23.47168
41519.16667	177.959335	23.412659
41519.20833	177.910187	23.485321
41519.25	177.863586	23.425354
41519.29167	177.801361	23.414642
41519.33333	177.766022	23.412659
41519.375	177.827179	23.447784
41519.41667	177.808334	23.427277
41519.45833	177.880814	23.410217
41519.5	178.007538	23.421448
41519.54167	178.105835	23.415131
41519.58333	178.297058	23.452179
41519.625	178.324493	23.488281
41519.66667	178.278351	23.421448
41519.70833	178.157394	23.475067
41519.75	178.034897	23.40683
41519.79167	177.88913	23.459015
41519.83333	177.759048	23.482422
41519.875	177.671555	23.433167
41519.91667	177.604034	23.417053
41519.95833	177.654724	23.502411
41520	177.691132	23.464874
41520.04167	177.690399	23.414154
41520.08333	177.721176	23.458527
41520.125	177.773743	23.451721
41520.16667	177.768311	23.444855
41520.20833	177.6633	23.418976
41520.25	177.646683	23.398987
41520.29167	177.600342	23.435577
41520.33333	177.52948	23.422913
41520.375	177.478714	23.417542
41520.41667	177.647354	23.409729
41520.45833	177.576279	23.410706
41520.5	177.638092	23.450714
41520.54167	177.787613	23.458038
41520.58333	177.848099	23.427795
41520.625	177.942978	23.421448
41520.66667	177.981262	23.469696
41520.70833	177.949615	23.472168
41520.75	177.773743	23.403412
41520.79167	177.591156	23.48291
41520.83333	177.474289	23.402405
41520.875	177.485489	23.450714
41520.91667	177.450958	23.426788
41520.95833	177.44017	23.405334
41521	177.459473	23.458038
41521.04167	177.415955	23.441925
41521.08333	177.500443	23.40683
41521.125	177.433395	23.417053
41521.16667	177.427887	23.428772
41521.20833	177.382172	23.404358
41521.25	177.339996	23.389282
41521.29167	177.301971	23.391693
41521.33333	177.216354	23.396088
41521.375	177.332825	23.485809
41521.41667	177.37915	23.399963
41521.45833	177.31102	23.400482
41521.5	177.477707	23.422913
41521.54167	177.499374	23.423401
41521.58333	177.6436	23.384857
41521.625	177.745575	23.455078
41521.66667	174.747711	23.466797
41521.70833	174.68428	23.450195
41521.75	174.562042	23.484863
41521.79167	174.413803	23.463379
41521.83333	174.248795	23.483887
41521.875	174.188583	23.480438
41521.91667	174.14325	23.513611
41521.95833	174.105774	23.472656
41522	174.116501	23.489258
41522.04167	174.108521	23.499451
41522.08333	174.15834	23.48291
41522.125	174.203857	23.483887
41522.16667	174.236923	23.512146
41522.20833	174.082779	23.528259
41522.25	174.055817	23.470245
41522.29167	174.010086	23.475067
41522.33333	173.969193	23.503387
41522.375	174.037445	23.502411
41522.41667	173.956985	23.49704
41522.45833	174.059769	23.503387
41522.5	174.099533	23.473633
41522.54167	174.387848	23.49411
41522.58333	174.301956	23.439484
41522.625	174.380402	23.462891
41522.66667	174.391129	23.490234
41522.70833	174.265625	23.481934
41522.75	174.152176	23.498993
41522.79167	174.00882	23.465363
41522.83333	173.908844	23.455078
41522.875	173.846619	23.478516
41522.91667	173.836426	23.460938
41522.95833	173.805862	23.483368
41523	173.768784	23.481445
41523.04167	173.834763	23.49704
41523.08333	173.785141	23.474609
41523.125	173.807526	23.48877
41523.16667	173.821548	23.489258
41523.20833	173.789703	23.440002
41523.25	173.679062	23.467285
41523.29167	173.621872	23.510223
41523.33333	173.645935	23.493652
41523.375	173.614426	23.48877
41523.41667	173.694214	23.486298
41523.45833	173.716949	23.463379
41523.5	173.765228	23.443359
41523.54167	173.908844	23.51413
41523.58333	173.999969	23.49411
41523.625	174.040329	23.466309
41523.66667	174.108521	23.493134
41523.70833	174.044617	23.487274
41523.75	173.96611	23.450714
41523.79167	173.837769	23.477539
41523.83333	173.710846	23.472656
41523.875	173.60672	23.47995
41523.91667	173.544495	23.458038
41523.95833	173.558167	23.483368
41524	173.491989	23.464355
41524.04167	173.499908	23.484863
41524.08333	173.510101	23.468719
41524.125	173.570175	23.448761
41524.16667	173.540344	23.435577
41524.20833	173.48999	23.478516
41524.25	173.45224	23.511169
41524.29167	173.364594	23.468719
41524.33333	173.331345	23.507324
41524.375	173.460083	23.492157
41524.41667	173.40242	23.486786
41524.45833	173.384384	23.459503
41524.5	173.49501	23.458038
41524.54167	173.66861	23.446808
41524.58333	173.738129	23.490723
41524.625	173.736465	23.459503
41524.66667	173.771194	23.473145
41524.70833	173.73378	23.442902
41524.75	173.590164	23.458527
41524.79167	173.492935	23.478027
41524.83333	173.302841	23.449707
41524.875	173.231644	23.466309
41524.91667	173.206024	23.474121
41524.95833	173.182968	23.460449
41525	173.20314	23.471222
41525.04167	173.191406	23.408295
41525.08333	173.181763	23.452667
41525.125	173.231644	23.460938
41525.16667	173.255707	23.437561
41525.20833	173.191345	23.512146
41525.25	173.159027	23.493134
41525.29167	173.106857	23.407318
41525.33333	173.065689	23.481445
41525.375	173.071854	23.433167
41525.41667	173.106323	23.504364
41525.45833	173.10022	23.467285
41525.5	173.107666	23.455566
41525.54167	173.286087	23.433167
41525.58333	173.325577	23.475586
41525.625	173.495956	23.479492
41525.66667	173.51741	23.459015
41525.70833	173.485825	23.441925
41525.75	173.382843	23.493134
41525.79167	173.284744	23.428284
41525.83333	173.121216	23.499939
41525.875	173.021439	23.467773
41525.91667	172.971756	23.479004
41525.95833	172.954453	23.482422
41526	172.958008	23.470734
41526.04167	172.936829	23.482422
41526.08333	173.048523	23.455078
41526.125	173.029617	23.459503
41526.16667	173.028275	23.449219
41526.20833	172.929382	23.455078
41526.25	172.914429	23.484375
41526.29167	172.830612	23.48291
41526.33333	172.806808	23.440491
41526.375	172.81131	23.451233
41526.41667	172.840073	23.460449
41526.45833	172.956863	23.475067
41526.5	173.030487	23.437042
41526.54167	173.176117	23.442902
41526.58333	173.254837	23.470245
41526.625	173.289307	23.450714
41526.66667	173.216949	23.457062
41526.70833	173.233322	23.457062
41526.75	173.105118	23.457062
41526.79167	173.042755	23.471222
41526.83333	172.855362	23.48291
41526.875	172.853882	23.463379
41526.91667	172.810028	23.422424
41526.95833	172.841873	23.450195
41527	172.832825	23.481445
41527.04167	172.821091	23.470245
41527.08333	172.850861	23.451721
41527.125	172.900482	23.45459
41527.16667	172.900482	23.459991
41527.20833	172.809692	23.445343
41527.25	172.799576	23.453156
41527.29167	172.734604	23.449219
41527.33333	172.670761	23.451233
41527.375	172.636108	23.472168
41527.41667	172.620544	23.471222
41527.45833	172.708847	23.423401
41527.5	172.847305	23.495117
41527.54167	173.017075	23.437561
41527.58333	172.949356	23.424347
41527.625	173.059128	23.459503
41527.66667	173.021439	23.452179
41527.70833	172.974976	23.456055
41527.75	172.823914	23.459503
41527.79167	172.717575	23.484375
41527.83333	172.637451	23.458527
41527.875	172.528763	23.401428
41527.91667	172.49556	23.471222
41527.95833	172.57428	23.436554
41528	172.55162	23.452179
41528.04167	172.504822	23.467285
41528.08333	172.476257	23.407806
41528.125	172.489594	23.47995
41528.16667	172.497116	23.461426
41528.20833	172.456406	23.406342
41528.25	172.384003	23.463379
41528.29167	172.335312	23.476105
41528.33333	172.356979	23.395142
41528.375	172.345779	23.464874
41528.41667	172.356979	23.433655
41528.45833	172.368713	23.444855
41528.5	172.468414	23.492645
41528.54167	172.573151	23.423401
41528.58333	172.728424	23.432648
41528.625	172.690353	23.487274
41528.66667	172.636108	23.477539
41528.70833	172.520172	23.443848
41528.75	172.391098	23.482422
41528.79167	172.27356	23.455078
41528.83333	172.277451	23.427277
41528.875	172.199936	23.419983
41528.91667	172.181305	23.451721
41528.95833	172.202225	23.463379
41529	172.148117	23.410706
41529.04167	172.26149	23.409729
41529.08333	172.251236	23.408295
41529.125	172.249298	23.460449
41529.16667	172.262772	23.453644
41529.20833	172.152344	23.463379
41529.25	172.080063	23.450195
41529.29167	171.998932	23.448273
41529.33333	172.0513	23.452179
41529.375	172.028763	23.420471
41529.41667	172.167557	23.481445
41529.45833	172.114456	23.449707
41529.5	172.17366	23.440948
41529.54167	172.221863	23.439026
41529.58333	172.300659	23.451721
41529.625	172.317352	23.414154
41529.66667	172.299179	23.443359
41529.70833	172.278198	23.450714
41529.75	172.244659	23.476105
41529.79167	172.097092	23.40683
41529.83333	172.085556	23.447784
41529.875	171.877426	23.45752
41529.91667	171.85463	23.411194
41529.95833	171.916931	23.460449
41530	171.880188	23.488281
41530.04167	171.942276	23.466797
41530.08333	171.884872	23.453156
41530.125	171.93161	23.4039
41530.16667	171.802002	23.433655
41530.20833	171.762314	23.452667
41530.25	171.688278	23.479492
41530.29167	171.697464	23.394135
41530.33333	171.729523	23.446808
41530.375	171.674606	23.453644
41530.41667	171.712418	23.441925
41530.45833	171.711746	23.452179
41530.5	171.828613	23.460938
41530.54167	171.957687	23.476105
41530.58333	172.060486	23.438507
41530.625	172.134094	23.485321
41530.66667	172.126785	23.427277
41530.70833	172.027695	23.446808
41530.75	171.915115	23.479492
41530.79167	171.825867	23.481445
41530.83333	171.717178	23.424347
41530.875	171.619553	23.440948
41530.91667	171.658722	23.459015
41530.95833	171.656631	23.480438
41531	171.64444	23.446289
41531.04167	171.69426	23.468262
41531.08333	171.687073	23.455078
41531.125	171.682388	23.46582
41531.16667	171.628738	23.404358
41531.20833	171.545197	23.390717
41531.25	171.541977	23.462891
41531.29167	171.505371	23.40683
41531.33333	171.512817	23.408783
41531.375	171.478622	23.428772
41531.41667	171.497803	23.449219
41531.45833	171.583954	23.462891
41531.5	171.67186	23.393646
41531.54167	171.803482	23.483887
41531.58333	171.894394	23.436066
41531.625	171.958023	23.382935
41531.66667	172.0289	23.430206
41531.70833	171.928787	23.45752
41531.75	171.874283	23.441437
41531.79167	171.614334	23.452179
41531.83333	171.415588	23.456573
41531.875	171.398361	23.458527
41531.91667	171.487671	23.384369
41531.95833	171.504105	23.401428
41532	171.405731	23.399475
41532.04167	171.346466	23.444855
41532.08333	171.485397	23.429718
41532.125	171.412445	23.378998
41532.16667	171.336075	23.406342
41532.20833	171.324875	23.383911
41532.25	171.290741	23.389771
41532.29167	171.22377	23.442413
41532.33333	171.203781	23.393646
41532.375	171.18045	23.467773
41532.41667	171.190979	23.477539
41532.45833	171.311798	23.415588
41532.5	171.414795	23.468262
41532.54167	171.519318	23.413147
41532.58333	171.632431	23.467773
41532.625	171.692047	23.399475
41532.66667	171.79422	23.418976
41532.70833	171.55452	23.435089
41532.75	171.388779	23.406342
41532.79167	171.114197	23.425812
41532.83333	171.145721	23.430725
41532.875	171.092209	23.436554
41532.91667	171.102005	23.392181
41532.95833	171.046417	23.398041
41533	171.104889	23.451233
41533.04167	171.110657	23.429718
41533.08333	171.100128	23.440002
41533.125	171.130905	23.481934
41533.16667	171.032532	23.472656
41533.20833	170.997604	23.477539
41533.25	170.884964	23.375092
41533.29167	170.839905	23.419495
41533.33333	170.899841	23.422424
41533.375	170.959793	23.410706
41533.41667	170.864578	23.440002
41533.45833	170.85083	23.444855
41533.5	170.917206	23.434143
41533.54167	171.072968	23.452179
41533.58333	171.121445	23.404358
41533.625	171.165558	23.431702
41533.66667	171.190979	23.422913
41533.70833	171.061035	23.453644
41533.75	170.955231	23.485321
41533.79167	170.814621	23.461914
41533.83333	170.75206	23.415588
41533.875	170.744965	23.405853
41533.91667	170.676239	23.397064
41533.95833	170.699631	23.438019
41534	170.70433	23.462891
41534.04167	170.712112	23.453156
41534.08333	170.777145	23.395142
41534.125	170.746368	23.40683
41534.16667	170.64003	23.407806
41534.20833	170.661423	23.433167
41534.25	170.61615	23.400482
41534.29167	170.590744	23.458038
41534.33333	170.505997	23.439484
41534.375	170.535233	23.423401
41534.41667	170.547836	23.442902
41534.45833	170.581024	23.460938
41534.5	170.755829	23.464874
41534.54167	170.947647	23.377075
41534.58333	171.021072	23.377075
41534.625	171.050308	23.417053
41534.66667	171.15625	23.422424
41534.70833	171.157455	23.417542
41534.75	170.998337	23.405334
41534.79167	170.920761	23.463867
41534.83333	170.699295	23.396576
41534.875	170.602341	23.414154
41534.91667	170.584839	23.463867
41534.95833	170.587051	23.385834
41535	170.575531	23.430725
41535.04167	170.558899	23.435089
41535.08333	170.574051	23.466309
41535.125	170.566681	23.380005
41535.16667	170.565399	23.443359
41535.20833	170.485001	23.470734
41535.25	170.437531	23.371704
41535.29167	170.389526	23.398499
41535.33333	170.337021	23.472168
41535.375	170.422379	23.457062
41535.41667	170.37619	23.422913
41535.45833	170.301498	23.429718
41535.5	170.448593	23.448761
41535.54167	170.557617	23.408295
41535.58333	170.605896	23.413147
41535.625	170.669525	23.387787
41535.66667	170.77507	23.411194
41535.70833	170.693527	23.427795
41535.75	170.63768	23.418488
41535.79167	170.468643	23.382446
41535.83333	170.297867	23.419495
41535.875	170.236984	23.387268
41535.91667	170.21312	23.411682
41535.95833	170.22197	23.434143
41536	170.226395	23.451721
41536.04167	170.257706	23.389282
41536.08333	170.19455	23.384857
41536.125	170.173889	23.425812
41536.16667	170.185898	23.41803
41536.20833	170.157135	23.438019
41536.25	170.063736	23.406342
41536.29167	170.013184	23.395599
41536.33333	169.968918	23.388763
41536.375	169.947266	23.380463
41536.41667	169.961884	23.404358
41536.45833	170.010498	23.402405
41536.5	170.093765	23.447296
41536.54167	170.258179	23.41803
41536.58333	170.365662	23.435089
41536.625	170.407501	23.432648
41536.66667	170.342865	23.41803
41536.70833	170.29425	23.398987
41536.75	170.15834	23.42926
41536.79167	170.048309	23.440948
41536.83333	169.910522	23.435577
41536.875	169.859436	23.483368
41536.91667	169.875458	23.40683
41536.95833	169.856415	23.416565
41537	169.868408	23.45752
41537.04167	169.825974	23.42926
41537.08333	169.852859	23.461914
41537.125	169.866669	23.476105
41537.16667	169.852386	23.395142
41537.20833	169.759262	23.411682
41537.25	169.715744	23.446289
41537.29167	169.755096	23.387268
41537.33333	169.684021	23.38147
41537.375	169.654922	23.378998
41537.41667	169.594116	23.407806
41537.45833	169.692413	23.378998
41537.5	169.765625	23.403412
41537.54167	169.869629	23.404358
41537.58333	170.013306	23.467285
41537.625	170.073318	23.389771
41537.66667	170.096115	23.380981
41537.70833	170.073517	23.437042
41537.75	169.963425	23.383423
41537.79167	169.879074	23.441437
41537.83333	169.736725	23.398041
41537.875	169.657013	23.424347
41537.91667	169.640182	23.383911
41537.95833	169.616714	23.39267
41538	169.605179	23.428284
41538.04167	169.662704	23.462402
41538.08333	169.626099	23.399475
41538.125	169.624283	23.394135
41538.16667	169.598541	23.383911
41538.20833	169.549393	23.424347
41538.25	169.502457	23.400482
41538.29167	169.46933	23.408295
41538.33333	169.402679	23.41803
41538.375	169.429504	23.418488
41538.41667	169.418915	23.398499
41538.45833	169.444733	23.395599
41538.5	169.576416	23.4039
41538.54167	169.688187	23.443848
41538.58333	169.751541	23.399963
41538.625	169.807938	23.411682
41538.66667	169.830399	23.433655
41538.70833	169.712524	23.432648
41538.75	169.657013	23.425812
41538.79167	169.55864	23.421936
41538.83333	169.488983	23.393127
41538.875	169.325241	23.433167
41538.91667	169.390549	23.395142
41538.95833	169.345016	23.426788
41539	169.345016	23.407318
41539.04167	169.292114	23.398041
41539.08333	169.362991	23.411194
41539.125	169.398193	23.403412
41539.16667	169.34938	23.411682
41539.20833	169.317871	23.430725
41539.25	169.300903	23.401947
41539.29167	169.233185	23.460449
41539.33333	169.209106	23.427795
41539.375	169.254501	23.399475
41539.41667	169.190872	23.395142
41539.45833	169.254379	23.406342
41539.5	169.27684	23.379486
41539.54167	169.41301	23.405853
41539.58333	169.532898	23.423859
41539.625	169.616714	23.407318
41539.66667	169.664322	23.469238
41539.70833	169.602158	23.397064
41539.75	169.502457	23.436066
41539.79167	169.347839	23.388763
41539.83333	169.265167	23.400482
41539.875	169.175659	23.455566
41539.91667	169.144272	23.442413
41539.95833	169.160965	23.451721
41540	169.180344	23.398987
41540.04167	169.217087	23.396088
41540.08333	169.13475	23.388306
41540.125	169.182968	23.402405
41540.16667	169.190872	23.470734
41540.20833	169.11377	23.421448
41540.25	169.045441	23.40097
41540.29167	169.000183	23.392181
41540.33333	168.998978	23.398041
41540.375	169.077957	23.459991
41540.41667	168.98999	23.426788
41540.45833	169.155075	23.427795
41540.5	169.175659	23.427277
41540.54167	169.225815	23.407318
41540.58333	169.334763	23.434143
41540.625	169.460083	23.404358
41540.66667	169.443726	23.423859
41540.70833	169.310425	23.449707
41540.75	169.192688	23.407318
41540.79167	169.095795	23.426788
41540.83333	169.050476	23.412659
41540.875	168.920731	23.428284
41540.91667	168.902222	23.399963
41540.95833	168.864685	23.405853
41541	168.870239	23.41803
41541.04167	168.910202	23.405334
41541.08333	168.981003	23.420471
41541.125	168.901093	23.434631
41541.16667	168.84906	23.413147
41541.20833	168.787506	23.440948
41541.25	168.758545	23.410217
41541.29167	168.77356	23.450195
41541.33333	168.692429	23.41217
41541.375	168.625305	23.399963
41541.41667	168.622635	23.404358
41541.45833	168.734604	23.425354
41541.5	168.744598	23.414642
41541.54167	168.885803	23.414154
41541.58333	169.03653	23.40097
41541.625	168.978729	23.404358
41541.66667	168.981003	23.41217
41541.70833	168.900681	23.410706
41541.75	168.831421	23.444366
41541.79167	168.640793	23.429718
41541.83333	168.631821	23.421448
41541.875	168.560669	23.453644
41541.91667	168.569519	23.416077
41541.95833	168.521515	23.434143
41542	168.492889	23.414642
41542.04167	168.541229	23.436066
41542.08333	168.490875	23.419983
41542.125	168.520035	23.423401
41542.16667	168.489594	23.415588
41542.20833	168.448975	23.422424
41542.25	168.395798	23.426331
41542.29167	168.365555	23.421936
41542.33333	168.344574	23.416565
41542.375	168.283829	23.409729
41542.41667	168.243332	23.434631
41542.45833	168.320374	23.41803
41542.5	168.403381	23.437561
41542.54167	168.495636	23.423859
41542.58333	168.574814	23.424347
41542.625	168.625305	23.435089
41542.66667	168.630402	23.456055
41542.70833	168.545715	23.423401
41542.75	168.453323	23.415131
41542.79167	168.315674	23.422424
41542.83333	168.158569	23.425812
41542.875	168.268799	23.431183
41542.91667	168.210144	23.438507
41542.95833	168.206924	23.420471
41543	168.181107	23.436066
41543.04167	168.247284	23.421936
41543.08333	168.146103	23.442413
41543.125	168.152145	23.48291
41543.16667	168.157303	23.47168
41543.20833	168.096283	23.425812
41543.25	168.048553	23.440491
41543.29167	168.004166	23.424835
41543.33333	168.025208	23.419495
41543.375	167.93309	23.450714
41543.41667	167.989212	23.426788
41543.45833	168.017899	23.434143
41543.5	168.110031	23.433167
41543.54167	168.190216	23.436554
41543.58333	168.188889	23.427795
41543.625	168.199341	23.437561
41543.66667	168.188889	23.427277
41543.70833	168.111572	23.415588
41543.75	168.093536	23.433655
41543.79167	167.937576	23.433655
41543.83333	167.934555	23.434143
41543.875	167.827209	23.423401
41543.91667	167.823456	23.430725
41543.95833	167.881653	23.432648
41544	167.847	23.439026
41544.04167	167.845459	23.436066
41544.08333	167.877365	23.437561
41544.125	167.862213	23.430725
41544.16667	167.883469	23.430725
41544.20833	167.777527	23.441925
41544.25	167.724899	23.437042
41544.29167	167.665894	23.43219
41544.33333	167.717255	23.426788
41544.375	167.659927	23.440948
41544.41667	167.634109	23.445343
41544.45833	167.702103	23.437042
41544.5	167.791214	23.43219
41544.54167	167.85759	23.430725
41544.58333	167.953064	23.428284
41544.625	167.936371	23.435577
41544.66667	167.860672	23.429718
41544.70833	167.823456	23.437042
41544.75	167.670517	23.474121
41544.79167	167.581345	23.446289
41544.83333	167.606827	23.437042
41544.875	167.58725	23.474121
41544.91667	167.598038	23.446808
41544.95833	167.579468	23.437042
41545	167.638397	23.442902
41545.04167	167.65416	23.434631
41545.08333	167.637131	23.450195
41545.125	167.668915	23.451233
41545.16667	167.61293	23.437042
41545.20833	167.469376	23.464355
41545.25	167.461731	23.451233
41545.29167	167.454422	23.434631
41545.33333	167.319641	23.45459
41545.375	167.357193	23.438507
41545.41667	167.287933	23.436066
41545.45833	167.360687	23.444366
41545.5	167.317902	23.442413
41545.54167	167.407211	23.438507
41545.58333	167.699081	23.452667
41545.625	167.682251	23.444855
41545.66667	167.688751	23.450195
41545.70833	167.534271	23.451721
41545.75	167.449387	23.438507
41545.79167	167.257629	23.454132
41545.83333	167.292618	23.435577
41545.875	167.289413	23.448761
41545.91667	167.316498	23.441925
41545.95833	167.457306	23.445862
41546	167.220016	23.440491
41546.04167	167.330505	23.440002
41546.08333	167.413376	23.451233
41546.125	167.569199	23.454132
41546.16667	167.494843	23.446808
41546.20833	167.614334	23.455566
41546.25	167.559753	23.450714
41546.29167	167.375626	23.448273
41546.33333	167.286316	23.465363
41546.375	167.18689	23.452667
41546.41667	167.213577	23.466309
41546.45833	167.244217	23.452667
41546.5	167.316498	23.448761
41546.54167	167.550629	23.487274
41546.58333	167.617416	23.449707
41546.625	167.679565	23.441437
41546.66667	167.647522	23.465363
41546.70833	167.569138	23.459503
41546.75	167.485794	23.458527
41546.79167	167.330505	23.475067
41546.83333	167.195801	23.45752
41546.875	167.170059	23.462891
41546.91667	167.195801	23.460938
41546.95833	167.136932	23.462891
41547	167.200226	23.465363
41547.04167	167.189499	23.466797
41547.08333	167.301743	23.459991
41547.125	167.317902	23.454132
41547.16667	167.277405	23.466797
41547.20833	167.179047	23.456055
41547.25	167.165833	23.484863
41547.29167	167.065796	23.458038
41547.33333	167.023483	23.456573
41547.375	167.058487	23.470245
41547.41667	167.092819	23.462402
41547.45833	167.135193	23.456055
41547.5	167.278748	23.455566
41547.54167	167.379852	23.463867
41547.58333	167.504166	23.462402
41547.625	167.519058	23.456055
41547.66667	167.622116	23.466309
41547.70833	167.500885	23.463867
41547.75	167.410233	23.45459
41547.79167	167.138336	23.469238
41547.83333	167.117157	23.462891
41547.875	167.027771	23.464874
41547.91667	167.032272	23.459015
41547.95833	166.958374	23.474121
41548	166.973663	23.462402
41548.04167	167.039841	23.479492
41548.08333	167.092682	23.471222
41548.125	167.050507	23.464874
41548.16667	167.012619	23.469238
41548.20833	166.916214	23.461426
41548.25	166.931152	23.459015
41548.29167	166.810074	23.468262
41548.33333	166.837296	23.467285
41548.375	166.787338	23.473145
41548.41667	166.807114	23.47168
41548.45833	166.752869	23.463867
41548.5	166.868729	23.479004
41548.54167	166.953888	23.480438
41548.58333	167.041855	23.486298
41548.625	167.018997	23.459503
41548.66667	166.983856	23.475586
41548.70833	166.921906	23.476105
41548.75	166.844803	23.468719
41548.79167	166.784592	23.476563
41548.83333	166.696823	23.475586
41548.875	166.674026	23.477539
41548.91667	166.572647	23.47995
41548.95833	166.59967	23.482422
41549	166.654114	23.486298
41549.04167	166.587997	23.472168
41549.08333	166.676971	23.486298
41549.125	166.657455	23.475586
41549.16667	166.560638	23.488281
41549.20833	166.544144	23.481934
41549.25	166.467041	23.478027
41549.29167	166.417084	23.47995
41549.33333	166.492523	23.478516
41549.375	166.454636	23.472168
41549.41667	166.442703	23.484863
41549.45833	166.514038	23.484863
41549.5	166.634796	23.484375
41549.54167	166.731155	23.490234
41549.58333	166.707214	23.476105
41549.625	166.767822	23.492157
41549.66667	166.837296	23.495117
41549.70833	166.69072	23.489746
41549.75	166.622665	23.482422
41549.79167	166.491318	23.494598
41549.83333	166.393021	23.495117
41549.875	166.349228	23.49118
41549.91667	166.294449	23.483887
41549.95833	166.279434	23.486298
41550	166.210098	23.493134
41550.04167	166.26709	23.486786
41550.08333	166.294312	23.484375
41550.125	166.264542	23.489258
41550.16667	166.218826	23.481445
41550.20833	166.205811	23.486786
41550.25	166.176315	23.494598
41550.29167	166.120789	23.504364
41550.33333	166.081039	23.485321
41550.375	166.276611	23.502411
41550.41667	166.268707	23.502899
41550.45833	166.284195	23.496552
41550.5	166.477631	23.49411
41550.54167	166.347687	23.496094
41550.58333	166.371765	23.494598
41550.625	166.495529	23.490723
41550.66667	166.509277	23.487793
41550.70833	166.460739	23.484375
41550.75	166.30217	23.497528
41550.79167	166.15593	23.49704
41550.83333	166.04509	23.493652
41550.875	166.048309	23.498993
41550.91667	166.019348	23.503387
41550.95833	165.976028	23.49704
41551	165.969666	23.504852
41551.04167	166.054016	23.508759
41551.08333	166.042084	23.498505
41551.125	166.069305	23.503387
41551.16667	166.019348	23.502411
41551.20833	165.989243	23.500946
41551.25	165.961624	23.509735
41551.29167	165.921387	23.501434
41551.33333	166.009155	23.499939
41551.375	166.041138	23.510223
41551.41667	165.939423	23.511688
41551.45833	165.945465	23.50827
41551.5	166.133865	23.502899
41551.54167	166.220367	23.499451
41551.58333	166.374985	23.502899
41551.625	166.459595	23.508759
41551.66667	166.379471	23.517029
41551.70833	166.364456	23.511688
41551.75	166.193604	23.50531
41551.79167	166.07251	23.507782
41551.83333	165.970871	23.502411
41551.875	165.901672	23.516541
41551.91667	165.820145	23.509735
41551.95833	165.863922	23.515106
41552	165.876129	23.509247
41552.04167	165.942108	23.509247
41552.08333	165.91394	23.509735
41552.125	165.980057	23.507324
41552.16667	165.922653	23.511169
41552.20833	165.855682	23.548798
41552.25	165.80043	23.511169
41552.29167	165.789841	23.520477
41552.33333	165.744171	23.542908
41552.375	165.741486	23.523895
41552.41667	165.75	23.520477
41552.45833	165.750473	23.515594
41552.5	165.85025	23.523895
41552.54167	165.99527	23.51413
41552.58333	166.065079	23.513184
41552.625	166.15593	23.518005
41552.66667	166.140106	23.515106
41552.70833	166.122269	23.512665
41552.75	166.054016	23.519501
41552.79167	165.869888	23.521912
41552.83333	165.791046	23.523895
41552.875	165.715408	23.526825
41552.91667	165.7323	23.530701
41552.95833	165.664246	23.526825
41553	165.724533	23.530701
41553.04167	165.683365	23.515594
41553.08333	165.714401	23.525848
41553.125	165.763885	23.528748
41553.16667	165.707962	23.523895
41553.20833	165.668747	23.521912
41553.25	165.632126	23.523895
41553.29167	165.578232	23.52536
41553.33333	165.577759	23.532196
41553.375	165.536926	23.533142
41553.41667	165.592911	23.526825
41553.45833	165.627914	23.532684
41553.5	165.723114	23.528259
41553.54167	165.809341	23.527283
41553.58333	165.880157	23.534607
41553.625	165.960068	23.534607
41553.66667	165.97081	23.526825
41553.70833	165.858963	23.524353
41553.75	165.707962	23.530182
41553.79167	165.568497	23.526337
41553.83333	165.533905	23.529724
41553.875	165.518951	23.534119
41553.91667	165.420654	23.523376
41553.95833	165.520294	23.539978
41554	165.444733	23.540466
41554.04167	165.484085	23.537567
41554.08333	165.509705	23.53949
41554.125	165.485703	23.539001
41554.16667	165.491058	23.53949
41554.20833	165.414764	23.532684
41554.25	165.376602	23.536072
41554.29167	165.332626	23.535553
41554.33333	165.334091	23.543396
41554.375	165.284348	23.539001
41554.41667	165.293732	23.541931
41554.45833	165.375336	23.536072
41554.5	165.482407	23.536072
41554.54167	165.486771	23.540466
41554.58333	165.530624	23.53656
41554.625	165.558182	23.546783
41554.66667	165.553421	23.545349
41554.70833	165.500519	23.542908
41554.75	165.387268	23.546783
41554.79167	165.279922	23.548798
41554.83333	165.251221	23.548279
41554.875	165.223938	23.545349
41554.91667	165.170959	23.549744
41554.95833	165.133209	23.546783
41555	165.119812	23.552155
41555.04167	165.17868	23.551697
41555.08333	165.172302	23.547272
41555.125	165.130203	23.553131
41555.16667	165.095535	23.565826
41555.20833	165.033173	23.552643
41555.25	165.007492	23.548798
41555.29167	164.997375	23.558502
41555.33333	164.980347	23.553131
41555.375	164.981812	23.564362
41555.41667	164.945267	23.548279
41555.45833	165.003342	23.564362
41555.5	165.075821	23.55658
41555.54167	165.104446	23.556061
41555.58333	165.157288	23.557556
41555.625	165.291992	23.55899
41555.66667	165.241974	23.550232
41555.70833	165.137772	23.553619
41555.75	165.034515	23.558502
41555.79167	164.926102	23.555603
41555.83333	164.910873	23.558502
41555.875	164.8685	23.553619
41555.91667	164.865143	23.566315
41555.95833	164.79924	23.558014
41556	164.81131	23.55899
41556.04167	164.824783	23.558014
41556.08333	164.791534	23.561462
41556.125	164.883652	23.569244
41556.16667	164.832489	23.55658
41556.20833	164.832489	23.568787
41556.25	164.771545	23.56485
41556.29167	164.773163	23.562927
41556.33333	164.808228	23.56485
41556.375	164.852005	23.56781
41556.41667	164.744385	23.564362
41556.45833	164.782211	23.569244
41556.5	164.774765	23.567291
41556.54167	164.854889	23.568787
41556.58333	164.989258	23.56781
41556.625	164.986572	23.565338
41556.66667	164.939377	23.562927
41556.70833	164.870514	23.568298
41556.75	164.782211	23.562439
41556.79167	164.656754	23.574158
41556.83333	164.601044	23.569733
41556.875	164.604324	23.572174
41556.91667	164.579651	23.570709
41556.95833	164.52829	23.573151
41557	164.526947	23.58194
41557.04167	164.517899	23.576569
41557.08333	164.516083	23.577057
41557.125	164.535263	23.582428
41557.16667	164.534317	23.577545
41557.20833	164.482834	23.576569
41557.25	164.447433	23.56781
41557.29167	164.414978	23.58194
41557.33333	164.410416	23.578003
41557.375	164.470566	23.57608
41557.41667	164.452927	23.577545
41557.45833	164.49765	23.574615
41557.5	164.437836	23.57608
41557.54167	164.456543	23.571198
41557.58333	164.549683	23.579041
41557.625	164.650452	23.582428
41557.66667	164.501129	23.580475
41557.70833	164.526413	23.586823
41557.75	164.410416	23.572174
41557.79167	164.378769	23.57608
41557.83333	164.34819	23.575592
41557.875	164.309845	23.583862
41557.91667	164.288589	23.58194
41557.95833	164.415985	23.590729
41558	164.272964	23.583862
41558.04167	164.34819	23.591705
41558.08333	164.364685	23.583374
41558.125	164.261429	23.584869
41558.16667	164.214905	23.59024
41558.20833	164.120361	23.590729
41558.25	164.164749	23.592682
41558.29167	164.128738	23.584869
41558.33333	164.078659	23.584381
41558.375	164.122635	23.601959
41558.41667	164.139542	23.590729
41558.45833	164.215775	23.593658
41558.5	164.2556	23.589233
41558.54167	164.263718	23.591217
41558.58333	164.192978	23.592194
41558.625	164.272491	23.595093
41558.66667	164.381119	23.585846
41558.70833	164.31842	23.59317
41558.75	164.18634	23.589752
41558.79167	164.061829	23.597046
41558.83333	163.931412	23.597046
41558.875	163.918808	23.59024
41558.91667	163.919952	23.59317
41558.95833	163.945496	23.605347
41559	163.999664	23.59903
41559.04167	164.017975	23.603912
41559.08333	163.964539	23.596069
41559.125	164.072754	23.596069
41559.16667	163.97728	23.598541
41559.20833	163.930466	23.609253
41559.25	163.84726	23.598541
41559.29167	163.822662	23.600464
41559.33333	163.830429	23.604858
41559.375	163.83197	23.604401
41559.41667	163.85022	23.602417
41559.45833	163.890915	23.602905
41559.5	163.980499	23.605347
41559.54167	163.999664	23.601959
41559.58333	164.126587	23.606323
41559.625	164.174194	23.606323
41559.66667	164.181915	23.602417
41559.70833	164.105743	23.602417
41559.75	164.024475	23.605835
41559.79167	163.84726	23.610718
41559.83333	163.757751	23.600983
41559.875	163.79155	23.606323
41559.91667	163.7202	23.59903
41559.95833	163.727921	23.623413
41560	163.783493	23.599976
41560.04167	163.757751	23.608246
41560.08333	163.767075	23.614655
41560.125	163.750504	23.604858
41560.16667	163.688492	23.607788
41560.20833	163.666031	23.614136
41560.25	163.62674	23.611694
41560.29167	163.585434	23.619995
41560.33333	163.515762	23.609253
41560.375	163.561234	23.611206
41560.41667	163.549561	23.615631
41560.45833	163.572021	23.615631
41560.5	163.632507	23.613159
41560.54167	163.689972	23.612183
41560.58333	163.643036	23.613647
41560.625	163.656708	23.616089
41560.66667	163.672058	23.611206
41560.70833	163.617355	23.61853
41560.75	163.566116	23.617065
41560.79167	163.505371	23.623901
41560.83333	163.403931	23.612183
41560.875	163.363495	23.616577
41560.91667	163.384216	23.62146
41560.95833	163.376633	23.618988
41561	163.3405	23.621948
41561.04167	163.419617	23.63269
41561.08333	163.325287	23.623413
41561.125	163.242203	23.624847
41561.16667	163.290482	23.623901
41561.20833	163.145721	23.621002
41561.25	163.143982	23.626862
41561.29167	163.266281	23.622925
41561.33333	163.133316	23.624847
41561.375	163.080551	23.627808
41561.41667	163.014969	23.623901
41561.45833	163.372009	23.632233
41561.5	163.337479	23.637054
41561.54167	163.472794	23.623413
41561.58333	163.444626	23.623901
41561.625	163.478348	23.637573
41561.66667	163.499207	23.623901
41561.70833	163.324005	23.632233
41561.75	163.322403	23.631714
41561.79167	163.110718	23.63269
41561.83333	163.072968	23.63559
41561.875	162.997208	23.636078
41561.91667	162.972992	23.632233
41561.95833	163.037766	23.634155
41562	163.006454	23.63269
41562.04167	163.089401	23.630707
41562.08333	163.150085	23.640503
41562.125	163.092758	23.634644
41562.16667	163.051712	23.647308
41562.20833	162.968903	23.630219
41562.25	162.935379	23.636597
41562.29167	162.932159	23.636597
41562.33333	162.963806	23.638062
41562.375	162.935379	23.642456
41562.41667	163.012955	23.643463
41562.45833	163.027374	23.640961
41562.5	163.044144	23.640015
41562.54167	163.201431	23.639526
41562.58333	163.240936	23.642456
41562.625	163.286118	23.636078
41562.66667	163.198486	23.644409
41562.70833	163.188034	23.642456
41562.75	163.143982	23.638519
41562.79167	163.074585	23.642456
41562.83333	163.024429	23.636597
41562.875	162.953293	23.647308
41562.91667	162.866928	23.648285
41562.95833	162.888184	23.645386
41563	162.930954	23.648804
41563.04167	162.885101	23.650269
41563.08333	162.938263	23.642944
41563.125	162.944977	23.655121
41563.16667	162.923187	23.655121
41563.20833	162.879395	23.645874
41563.25	162.84761	23.64682
41563.29167	162.806519	23.652191
41563.33333	162.797592	23.647308
41563.375	162.81134	23.64975
41563.41667	162.853653	23.649261
41563.45833	163.053528	23.654633
41563.5	163.127548	23.649261
41563.54167	163.328491	23.654175
41563.58333	163.327026	23.651733
41563.625	163.372009	23.657562
41563.66667	163.366241	23.649261
41563.70833	163.272446	23.659515
41563.75	163.183197	23.654175
41563.79167	163.059158	23.652679
41563.83333	162.900391	23.654633
41563.875	162.845871	23.657104
41563.91667	162.82341	23.656128
41563.95833	162.776276	23.654633
41564	162.809738	23.658539
41564.04167	162.850632	23.653656
41564.08333	162.892273	23.662933
41564.125	162.904816	23.660461
41564.16667	162.841522	23.665405
41564.20833	162.822678	23.66098
41564.25	162.744568	23.662476
41564.29167	162.731155	23.663422
41564.33333	162.737595	23.663422
41564.375	162.690582	23.661469
41564.41667	162.742416	23.662933
41564.45833	162.77037	23.664886
41564.5	162.843124	23.659515
41564.54167	162.926331	23.66391
41564.58333	162.95784	23.658539
41564.625	163.024429	23.669281
41564.66667	163.007202	23.670258
41564.70833	162.92009	23.664398
41564.75	162.790085	23.666351
41564.79167	162.690384	23.66687
41564.83333	162.728333	23.667847
41564.875	162.687637	23.669769
41564.91667	162.598251	23.669281
41564.95833	162.532944	23.67807
41565	162.534836	23.669281
41565.04167	162.520889	23.670258
41565.08333	162.583633	23.670746
41565.125	162.551727	23.671692
41565.16667	162.547226	23.676575
41565.20833	162.498825	23.673706
41565.25	162.433777	23.676117
41565.29167	162.438202	23.674652
41565.33333	162.478912	23.672729
41565.375	162.408707	23.676117
41565.41667	162.375778	23.671692
41565.45833	162.497284	23.67514
41565.5	162.583633	23.674652
41565.54167	162.614883	23.671692
41565.58333	162.65303	23.679077
41565.625	162.77446	23.678558
41565.66667	162.816376	23.677582
41565.70833	162.722565	23.688293
41565.75	162.650024	23.67514
41565.79167	162.481796	23.680023
41565.83333	162.375046	23.680511
41565.875	162.301834	23.685883
41565.91667	162.247849	23.681976
41565.95833	162.271927	23.681976
41566	162.244568	23.682953
41566.04167	162.257919	23.681
41566.08333	162.287018	23.687347
41566.125	162.291702	23.681
41566.16667	162.296127	23.683929
41566.20833	162.251678	23.680023
41566.25	162.240082	23.690247
41566.29167	162.233704	23.684448
41566.33333	162.271927	23.688293
41566.375	162.219162	23.686371
41566.41667	162.238464	23.681
41566.45833	162.264221	23.681976
41566.5	162.397171	23.69223
41566.54167	162.465439	23.690765
41566.58333	162.524231	23.688812
41566.625	162.504517	23.687805
41566.66667	162.562393	23.680511
41566.70833	162.509155	23.682953
41566.75	162.415405	23.688812
41566.79167	162.262604	23.687805
41566.83333	162.202255	23.692719
41566.875	162.200577	23.695679
41566.91667	162.18898	23.692719
41566.95833	162.159744	23.690765
41567	162.116241	23.698547
41567.04167	162.178116	23.689789
41567.08333	162.134064	23.692719
41567.125	162.152313	23.69223
41567.16667	162.084122	23.695679
41567.20833	162.120529	23.694183
41567.25	162.077682	23.693665
41567.29167	162.092102	23.689789
41567.33333	162.006805	23.708832
41567.375	162.093307	23.70932
41567.41667	162.049728	23.704895
41567.45833	162.138763	23.707855
41567.5	162.18898	23.698547
41567.54167	162.232361	23.700531
41567.58333	162.326172	23.70105
41567.625	162.373169	23.700043
41567.66667	162.35527	23.719086
41567.70833	162.291702	23.697601
41567.75	162.241623	23.70105
41567.79167	162.12944	23.700531
41567.83333	162.084183	23.708832
41567.875	162.035706	23.704407
41567.91667	162.001175	23.704407
41567.95833	162.020752	23.70639
41568	161.991852	23.708832
41568.04167	161.995071	23.714203
41568.08333	162.040207	23.703461
41568.125	162.062866	23.705872
41568.16667	161.996414	23.705872
41568.20833	161.951096	23.696106
41568.25	161.923798	23.707336
41568.29167	161.913345	23.705872
41568.33333	161.956924	23.719574
41568.375	161.937546	23.707336
41568.41667	161.948013	23.705872
41568.45833	161.990387	23.710266
41568.5	161.966385	23.70639
41568.54167	162.113022	23.72052
41568.58333	162.116241	23.711243
41568.625	162.161499	23.70639
41568.66667	162.10524	23.710266
41568.70833	162.140244	23.716125
41568.75	161.948013	23.711761
41568.79167	161.907181	23.710266
41568.83333	161.863724	23.719086
41568.875	161.839111	23.714691
41568.91667	161.793732	23.717651
41568.95833	161.805725	23.714203
41569	161.768311	23.718597
41569.04167	161.80452	23.718079
41569.08333	161.789307	23.716614
41569.125	161.734726	23.721008
41569.16667	161.753021	23.716614
41569.20833	161.733383	23.726379
41569.25	161.668335	23.721008
41569.29167	161.742493	23.716614
41569.33333	161.728821	23.718597
41569.375	161.686172	23.719086
41569.41667	161.648361	23.736176
41569.45833	161.644211	23.721985
41569.5	161.644211	23.729828
41569.54167	161.621475	23.721985
41569.58333	161.663986	23.723938
41569.625	161.710648	23.735687
41569.66667	161.699722	23.724915
41569.70833	161.768311	23.732727
41569.75	161.719696	23.726379
41569.79167	161.551941	23.730804
41569.83333	161.515274	23.721008
41569.875	161.50206	23.724457
41569.91667	161.435272	23.721497
41569.95833	161.452042	23.741516
41570	161.492798	23.722473
41570.04167	161.503265	23.728363
41570.08333	161.504669	23.727844
41570.125	161.417313	23.725891
41570.16667	161.442581	23.732239
41570.20833	161.403366	23.729309
41570.25	161.362396	23.729309
41570.29167	161.352127	23.733215
41570.33333	161.338394	23.730316
41570.375	161.289841	23.730316
41570.41667	161.315933	23.727844
41570.45833	161.320419	23.730316
41570.5	161.343155	23.733704
41570.54167	161.441513	23.73468
41570.58333	161.423279	23.736176
41570.625	161.404968	23.737122
41570.66667	161.415833	23.733704
41570.70833	161.303925	23.733215
41570.75	161.332428	23.735687
41570.79167	161.263031	23.74054
41570.83333	161.217834	23.73761
41570.875	161.350662	23.736176
41570.91667	161.225006	23.739075
41570.95833	161.171967	23.73761
41571	161.214218	23.738586
41571.04167	161.129669	23.741516
41571.08333	161.155472	23.739563
41571.125	161.216019	23.744965
41571.16667	161.138977	23.739563
41571.20833	161.072205	23.745422
41571.25	161.031235	23.756622
41571.29167	161.001389	23.736664
41571.33333	160.981552	23.745911
41571.375	161.008499	23.752777
41571.41667	160.975586	23.741058
41571.45833	161.063156	23.742035
41571.5	161.008499	23.743958
41571.54167	161.220444	23.758636
41571.58333	161.160034	23.741516
41571.625	161.228088	23.751282
41571.66667	161.222321	23.742493
41571.70833	161.099426	23.746887
41571.75	161.085678	23.750763
41571.79167	160.981613	23.751282
41571.83333	160.99382	23.743958
41571.875	160.899689	23.751282
41571.91667	160.895462	23.753235
41571.95833	160.908737	23.744965
41572	160.854355	23.744965
41572.04167	160.842422	23.746887
41572.08333	160.857574	23.7547
41572.125	160.818481	23.751801
41572.16667	160.821426	23.7547
41572.20833	160.822845	23.761047
41572.25	160.754852	23.753235
41572.29167	160.803055	23.762512
41572.33333	160.862061	23.757141
41572.375	160.830078	23.753723
41572.41667	160.777588	23.759094
41572.45833	160.899689	23.753723
41572.5	160.915039	23.753723
41572.54167	160.960297	23.755676
41572.58333	161.055847	23.757629
41572.625	161.1707	23.750763
41572.66667	161.090164	23.761047
41572.70833	161.040283	23.759094
41572.75	160.940781	23.763031
41572.79167	160.756058	23.758636
41572.83333	160.712418	23.759094
41572.875	160.65918	23.761047
41572.91667	160.624176	23.759583
41572.95833	160.641144	23.759583
41573	160.616531	23.766418
41573.04167	160.603653	23.763031
41573.08333	160.63208	23.764008
41573.125	160.665543	23.759583
41573.16667	160.615585	23.761047
41573.20833	160.631683	23.765442
41573.25	160.541428	23.761993
41573.29167	160.524536	23.764465
41573.33333	160.520111	23.764954
41573.375	160.647171	23.760071
41573.41667	160.600571	23.770325
41573.45833	160.704773	23.770325
41573.5	160.690689	23.764954
41573.54167	160.838058	23.764954
41573.58333	160.883118	23.76593
41573.625	160.875885	23.76886
41573.66667	160.840546	23.776184
41573.70833	160.901093	23.782532
41573.75	160.692764	23.767883
41573.79167	160.580521	23.76593
41573.83333	160.491486	23.767395
41573.875	160.484039	23.770813
41573.91667	160.468613	23.772736
41573.95833	160.485519	23.772278
41574	160.521454	23.774231
41574.04167	160.466934	23.775696
41574.08333	160.473373	23.774231
41574.125	160.494431	23.773224
41574.16667	160.4599	23.77179
41574.20833	160.465607	23.777649
41574.25	160.42041	23.775208
41574.29167	160.406525	23.778595
41574.33333	160.480957	23.782043
41574.375	160.445892	23.782043
41574.41667	160.485519	23.775696
41574.45833	160.541428	23.78009
41574.5	160.653748	23.778107
41574.54167	160.630875	23.782043
41574.58333	160.7108	23.777161
41574.625	160.695984	23.781555
41574.66667	160.72113	23.778107
41574.70833	160.658234	23.782532
41574.75	160.589371	23.781067
41574.79167	160.517166	23.783966
41574.83333	160.385742	23.781555
41574.875	160.38092	23.780579
41574.91667	160.377899	23.782532
41574.95833	160.329559	23.781067
41575	160.38414	23.785461
41575.04167	160.414581	23.787415
41575.08333	160.426575	23.782043
41575.125	160.437042	23.781555
41575.16667	160.347321	23.784485
41575.20833	160.391708	23.786926
41575.25	160.321838	23.785461
41575.29167	160.310043	23.786438
41575.33333	160.288391	23.800568
41575.375	160.290329	23.787415
41575.41667	160.315948	23.787415
41575.45833	160.347321	23.787903
41575.5	160.394867	23.787415
41575.54167	160.464127	23.78595
41575.58333	160.485519	23.788391
41575.625	160.491486	23.787415
41575.66667	160.532181	23.787415
41575.70833	160.473038	23.791809
41575.75	160.364227	23.791351
41575.79167	160.303604	23.798645
41575.83333	160.249298	23.790375
41575.875	160.243469	23.793274
41575.91667	160.234009	23.790375
41575.95833	160.234009	23.804504
41576	160.234009	23.79422
41576.04167	160.25412	23.793762
41576.08333	160.222076	23.79422
41576.125	160.235687	23.789825
41576.16667	160.211411	23.79718
41576.20833	160.122299	23.796204
41576.25	160.120834	23.793762
41576.29167	160.043655	23.797668
41576.33333	160.110107	23.794708
41576.375	160.135986	23.802063
41576.41667	160.229858	23.797668
41576.45833	160.143555	23.799591
41576.5	160.25412	23.79718
41576.54167	160.310043	23.796692
41576.58333	160.314331	23.801575
41576.625	160.332367	23.799133
41576.66667	160.312927	23.798157
41576.70833	160.249298	23.805481
41576.75	160.173599	23.801575
41576.79167	160.080063	23.805939
41576.83333	160.004425	23.80304
41576.875	159.951523	23.804016
41576.91667	159.976868	23.801086
41576.95833	159.942337	23.805481
41577	159.999542	23.808899
41577.04167	159.978622	23.804016
41577.08333	159.944016	23.804016
41577.125	160.034073	23.804016
41577.16667	159.896683	23.805481
41577.20833	159.840897	23.807434
41577.25	159.913239	23.808411
41577.29167	159.859467	23.815735
41577.33333	159.887756	23.819641
41577.375	159.854309	23.806458
41577.41667	159.831909	23.811798
41577.45833	159.852966	23.804993
41577.5	159.904526	23.807922
41577.54167	159.906128	23.815735
41577.58333	159.96936	23.809875
41577.625	159.9711	23.810364
41577.66667	160.004425	23.814758
41577.70833	159.925507	23.813782
41577.75	159.873947	23.81427
41577.79167	159.822525	23.813782
41577.83333	159.774521	23.809387
41577.875	159.811859	23.813782
41577.91667	159.768341	23.814758
41577.95833	159.731934	23.814758
41578	159.754669	23.816681
41578.04167	159.725769	23.815247
41578.08333	159.751785	23.815735
41578.125	159.674408	23.811798
41578.16667	159.712433	23.81427
41578.20833	159.693848	23.817688
41578.25	159.582214	23.819641
41578.29167	159.642563	23.815247
41578.33333	159.678833	23.817688
41578.375	159.690903	23.821564
41578.41667	159.625931	23.821106
41578.45833	159.606415	23.82843
41578.5	159.601532	23.821564
41578.54167	159.765198	23.817169
41578.58333	159.769623	23.821106
41578.625	159.915115	23.819641
41578.66667	159.815079	23.821106
41578.70833	159.796783	23.823059
41578.75	159.672806	23.821564
41578.79167	159.538162	23.825989
41578.83333	159.511139	23.823059
41578.875	159.451935	23.820129
41578.91667	159.455231	23.823059
41578.95833	159.438522	23.824036
41579	159.503098	23.827454
41579.04167	159.512619	23.8255
41579.08333	159.497192	23.830383
41579.125	159.44577	23.827454
41579.16667	159.464142	23.831848
41579.20833	159.40065	23.82843
41579.25	159.356796	23.830383
41579.29167	159.414459	23.824524
41579.33333	159.464142	23.827911
41579.375	159.367386	23.827454
41579.41667	159.519928	23.828949
41579.45833	159.556335	23.831848
41579.5	159.519867	23.83136
41579.54167	159.594284	23.830383
41579.58333	159.560822	23.83136
41579.625	159.659119	23.83136
41579.66667	159.688019	23.833282
41579.70833	159.70639	23.82843
41579.75	159.545807	23.83136
41579.79167	159.399033	23.837219
41579.83333	159.3293	23.832306
41579.875	159.293228	23.837219
41579.91667	159.259842	23.838654
41579.95833	159.264328	23.839661
41580	159.23288	23.836731
41580.04167	159.258362	23.838654
41580.08333	159.300735	23.837677
41580.125	159.275131	23.837677
41580.16667	159.257095	23.835754
41580.20833	159.228058	23.838165
41580.25	159.217529	23.833801
41580.29167	159.217529	23.836731
41580.33333	159.181198	23.843048
41580.375	159.179581	23.842102
41580.41667	159.210022	23.836243
41580.45833	159.237381	23.840637
41580.5	159.386627	23.843048
41580.54167	159.388443	23.840637
41580.58333	159.396225	23.840149
41580.625	159.474472	23.840637
41580.66667	159.476013	23.846985
41580.70833	159.506378	23.840637
41580.75	159.412582	23.842102
41580.79167	159.208282	23.84259
41580.83333	159.143173	23.84552
41580.875	159.113068	23.841125
41580.91667	159.103745	23.847961
41580.95833	159.161346	23.843048
41581	159.128494	23.846985
41581.04167	159.144913	23.844055
41581.08333	159.069214	23.846985
41581.125	159.130096	23.846497
41581.16667	159.120575	23.845978
41581.20833	159.085709	23.845978
41581.25	159.041656	23.846497
41581.29167	158.98024	23.84845
41581.33333	159.053665	23.850922
41581.375	159.0495	23.847473
41581.41667	159.039047	23.848907
41581.45833	159.199631	23.850403
41581.5	159.106766	23.84845
41581.54167	159.220551	23.851349
41581.58333	159.33226	23.850922
41581.625	159.374893	23.854797
41581.66667	159.166168	23.853333
41581.70833	159.144913	23.853333
41581.75	159.081284	23.850922
41581.79167	159.034683	23.853821
41581.83333	159.008667	23.851868
41581.875	158.937592	23.854279
41581.91667	158.893677	23.850922
41581.95833	159.074921	23.852844
