41459	806.985291	24.570694
41459.04167	807.204346	24.571671
41459.08333	807.027222	24.570206
41459.125	807.224731	24.570694
41459.16667	807.221191	24.568283
41459.20833	807.180603	24.568283
41459.25	807.106506	24.568741
41459.29167	806.948059	24.571671
41459.33333	806.68042	24.569229
41459.375	806.621521	24.571213
41459.41667	806.589233	24.570694
41459.45833	806.810974	24.569748
41459.5	806.876282	24.571671
41459.54167	807.097656	24.568283
41459.58333	807.385559	24.570206
41459.625	807.700195	24.569229
41459.66667	807.659546	24.571671
41459.70833	807.375854	24.573135
41459.75	807.359497	24.572159
41459.79167	806.94635	24.570694
41459.83333	806.828125	24.572678
41459.875	806.597595	24.571213
41459.91667	806.494873	24.572159
41459.95833	806.410095	24.572678
41460	806.421082	24.571671
41460.04167	806.490723	24.574142
41460.08333	806.600769	24.571213
41460.125	806.654541	24.572159
41460.16667	806.757751	24.570694
41460.20833	806.812439	24.571213
41460.25	806.722839	24.571671
41460.29167	806.567627	24.572678
41460.33333	806.279175	24.5746
41460.375	806.302124	24.572678
41460.41667	806.296692	24.573624
41460.45833	806.367371	24.576096
41460.5	806.538208	24.573135
41460.54167	806.691528	24.573135
41460.58333	807.022888	24.573135
41460.625	806.909668	24.573135
41460.66667	807.051514	24.573135
41460.70833	806.708374	24.574142
41460.75	806.520569	24.576096
41460.79167	806.197632	24.5746
41460.83333	806.20636	24.576096
41460.875	805.877014	24.570206
41460.91667	805.799194	24.5746
41460.95833	805.804993	24.575119
41461	805.98114	24.575119
41461.04167	805.797485	24.576096
41461.08333	805.950684	24.575119
41461.125	805.986084	24.575607
41461.16667	806.267395	24.576096
41461.20833	806.21051	24.578537
41461.25	805.932678	24.575607
41461.29167	805.994629	24.575607
41461.33333	805.714539	24.577103
41461.375	805.554016	24.575119
41461.41667	805.539429	24.576096
41461.45833	805.652405	24.579056
41461.5	805.883911	24.576614
41461.54167	806.19397	24.5746
41461.58333	806.225525	24.578537
41461.625	806.485168	24.576614
41461.66667	806.545776	24.578537
41461.70833	806.417297	24.577591
41461.75	806.249207	24.578079
41461.79167	805.994629	24.578537
41461.83333	805.567139	24.578079
41461.875	805.546021	24.577103
41461.91667	805.476257	24.576096
41461.95833	805.489014	24.579544
41462	805.476257	24.577591
41462.04167	805.459595	24.581985
41462.08333	805.610657	24.577591
41462.125	805.749146	24.579056
41462.16667	805.602173	24.578079
41462.20833	805.679565	24.577591
41462.25	805.57959	24.579056
41462.29167	805.35968	24.578537
41462.33333	805.304321	24.577591
41462.375	805.223145	24.579056
41462.41667	805.20874	24.579544
41462.45833	805.298523	24.577591
41462.5	805.428772	24.58345
41462.54167	805.66803	24.580521
41462.58333	805.956848	24.579544
41462.625	806.014832	24.581009
41462.66667	806.048035	24.580521
41462.70833	805.987	24.581009
41462.75	805.638794	24.580521
41462.79167	805.487244	24.581467
41462.83333	805.080933	24.581985
41462.875	805.03009	24.580521
41462.91667	804.77124	24.581467
41462.95833	804.941162	24.578537
41463	805.044983	24.581467
41463.04167	804.96228	24.582474
41463.08333	805.185608	24.58345
41463.125	805.138794	24.580521
41463.16667	805.161743	24.581467
41463.20833	805.424255	24.581467
41463.25	805.362122	24.579056
41463.29167	805.120483	24.582962
41463.33333	804.998108	24.581985
41463.375	804.918823	24.581985
41463.41667	804.874878	24.579544
41463.45833	804.837585	24.581985
41463.5	805.03009	24.58345
41463.54167	805.323425	24.582962
41463.58333	805.590332	24.58345
41463.625	805.636597	24.581985
41463.66667	805.65332	24.584457
41463.70833	805.496704	24.582962
41463.75	805.38208	24.583939
41463.79167	805.120483	24.58345
41463.83333	804.829163	24.581009
41463.875	804.801941	24.584457
41463.91667	804.586121	24.583939
41463.95833	804.731201	24.582962
41464	804.54718	24.584457
41464.04167	804.851013	24.583939
41464.08333	805.052551	24.584915
41464.125	805.061157	24.584457
41464.16667	805.077759	24.584915
41464.20833	804.974487	24.583939
41464.25	804.996582	24.582474
41464.29167	804.863464	24.584457
41464.33333	804.75293	24.584457
41464.375	804.699463	24.58345
41464.41667	804.713013	24.585922
41464.45833	804.812256	24.582962
41464.5	804.967529	24.585434
41464.54167	805.112793	24.585922
41464.58333	805.367371	24.585922
41464.625	805.411682	24.584457
41464.66667	805.424255	24.585922
41464.70833	805.341919	24.585434
41464.75	805.098328	24.587845
41464.79167	805.013306	24.586899
41464.83333	804.608459	24.584915
41464.875	804.598999	24.584457
41464.91667	804.713013	24.587387
41464.95833	804.72168	24.587845
41465	804.642151	24.585434
41465.04167	804.701355	24.587387
41465.08333	804.720215	24.585434
41465.125	804.815796	24.587845
41465.16667	804.882324	24.587387
41465.20833	804.810852	24.588364
41465.25	804.845703	24.586899
41465.29167	804.6828	24.587387
41465.33333	804.439392	24.587845
41465.375	804.473083	24.587387
41465.41667	804.385071	24.588852
41465.45833	804.331482	24.588852
41465.5	804.572632	24.584915
41465.54167	804.92865	24.589828
41465.58333	804.895874	24.589828
41465.625	805.135132	24.58931
41465.66667	805.17218	24.585922
41465.70833	805.09436	24.587387
41465.75	804.992981	24.588364
41465.79167	804.760742	24.588364
41465.83333	804.596741	24.586899
41465.875	804.386597	24.590805
41465.91667	804.144104	24.587845
41465.95833	804.231384	24.590317
41466	804.10321	24.590317
41466.04167	804.280762	24.586899
41466.08333	804.090149	24.589828
41466.125	804.257019	24.587387
41466.16667	804.234863	24.588364
41466.20833	804.26123	24.590805
41466.25	804.090149	24.587845
41466.29167	804.185242	24.590805
41466.33333	804.231384	24.589828
41466.375	804.150208	24.592789
41466.41667	804.181274	24.590805
41466.45833	804.109558	24.588852
41466.5	804.283203	24.588364
41466.54167	804.443481	24.591324
41466.58333	804.529602	24.590805
41466.625	804.810852	24.590317
41466.66667	804.847473	24.591324
41466.70833	804.755493	24.591324
41466.75	804.552917	24.591324
41466.79167	804.548523	24.593246
41466.83333	804.355408	24.590805
41466.875	804.249451	24.589828
41466.91667	804.085266	24.590805
41466.95833	804.061523	24.591324
41467	804.007874	24.591782
41467.04167	804.014099	24.591782
41467.08333	804.046631	24.590805
41467.125	803.97876	24.589828
41467.16667	804.039734	24.58931
41467.20833	804.11554	24.594254
41467.25	803.946533	24.591782
41467.29167	804.014099	24.591782
41467.33333	804.009766	24.5923
41467.375	803.778809	24.593246
41467.41667	803.981445	24.5923
41467.45833	803.985962	24.593246
41467.5	804.150208	24.594254
41467.54167	804.303223	24.593765
41467.58333	804.481873	24.593765
41467.625	804.616821	24.593765
41467.66667	804.632813	24.59523
41467.70833	804.615112	24.593246
41467.75	804.511597	24.59523
41467.79167	804.295654	24.5923
41467.83333	804.186462	24.594254
41467.875	804.002686	24.593765
41467.91667	803.891846	24.594711
41467.95833	803.894104	24.593765
41468	803.880981	24.594254
41468.04167	803.816284	24.593246
41468.08333	803.794373	24.594711
41468.125	803.825073	24.598648
41468.16667	803.894104	24.596695
41468.20833	803.866211	24.59523
41468.25	803.895447	24.594254
41468.29167	803.894104	24.593246
41468.33333	803.860229	24.594254
41468.375	803.803955	24.594254
41468.41667	803.655762	24.593765
41468.45833	803.720337	24.592789
41468.5	803.792297	24.594254
41468.54167	803.914124	24.596695
41468.58333	804.146484	24.593246
41468.625	804.217712	24.594711
41468.66667	804.217712	24.596176
41468.70833	804.157166	24.597183
41468.75	804.060059	24.597183
41468.79167	803.830933	24.597672
41468.83333	803.709839	24.598648
41468.875	803.641113	24.596695
41468.91667	803.616638	24.594711
41468.95833	803.532837	24.594254
41469	803.556152	24.596695
41469.04167	803.539856	24.595718
41469.08333	803.528625	24.596695
41469.125	803.589783	24.596176
41469.16667	803.552856	24.597672
41469.20833	803.47522	24.59816
41469.25	803.560425	24.595718
41469.29167	803.444092	24.594711
41469.33333	803.419861	24.594711
41469.375	803.333252	24.595718
41469.41667	803.294739	24.596176
41469.45833	803.325256	24.599136
41469.5	803.460205	24.597672
41469.54167	803.602966	24.597672
41469.58333	803.696045	24.599136
41469.625	803.735046	24.597672
41469.66667	803.755066	24.595718
41469.70833	803.751648	24.599625
41469.75	803.652161	24.598648
41469.79167	803.502686	24.598648
41469.83333	803.345886	24.597672
41469.875	803.323975	24.599625
41469.91667	803.157166	24.600143
41469.95833	803.152649	24.599136
41470	803.26709	24.59816
41470.04167	803.249756	24.602097
41470.08333	803.220215	24.599625
41470.125	803.138977	24.600143
41470.16667	803.194641	24.600632
41470.20833	803.028992	24.598648
41470.25	803.004639	24.600143
41470.29167	802.859253	24.600143
41470.33333	802.908936	24.597183
41470.375	802.820557	24.601089
41470.41667	802.781677	24.601089
41470.45833	802.815125	24.600632
41470.5	802.862793	24.599136
41470.54167	803.109497	24.598648
41470.58333	803.248779	24.599625
41470.625	803.268738	24.602097
41470.66667	803.257874	24.600143
41470.70833	803.185547	24.603561
41470.75	803.085815	24.601608
41470.79167	802.942505	24.602097
41470.83333	802.787354	24.601608
41470.875	802.72644	24.602097
41470.91667	802.721313	24.599625
41470.95833	802.689453	24.601089
41471	802.833374	24.601089
41471.04167	802.798035	24.601089
41471.08333	802.767334	24.600632
41471.125	802.807678	24.603561
41471.16667	802.773926	24.601608
41471.20833	802.678284	24.604538
41471.25	802.656189	24.601608
41471.29167	802.569275	24.601089
41471.33333	802.534363	24.599136
41471.375	802.540283	24.601608
41471.41667	802.547058	24.600632
41471.45833	802.594971	24.602554
41471.5	802.735352	24.604019
41471.54167	802.995544	24.600632
41471.58333	803.196655	24.601608
41471.625	803.325256	24.602097
41471.66667	803.257874	24.604538
41471.70833	803.185547	24.603561
41471.75	803.032532	24.602097
41471.79167	802.881287	24.605026
41471.83333	802.713562	24.601089
41471.875	802.704102	24.604019
41471.91667	802.798035	24.603073
41471.95833	802.807678	24.602097
41472	802.857361	24.602554
41472.04167	803.038391	24.606491
41472.08333	802.938416	24.604019
41472.125	802.956482	24.604019
41472.16667	802.870239	24.604538
41472.20833	802.787354	24.604538
41472.25	802.717346	24.604538
41472.29167	802.613708	24.605026
41472.33333	802.606384	24.605026
41472.375	802.556763	24.604019
41472.41667	802.554504	24.603561
41472.45833	802.739258	24.604538
41472.5	802.973633	24.604019
41472.54167	803.220215	24.603073
41472.58333	803.365906	24.60701
41472.625	803.48291	24.604538
41472.66667	803.425293	24.604019
41472.70833	803.335205	24.604019
41472.75	803.137878	24.607498
41472.79167	802.973633	24.606033
41472.83333	802.787354	24.604019
41472.875	802.64325	24.603561
41472.91667	802.626526	24.608963
41472.95833	802.776245	24.605515
41473	802.864929	24.605026
41473.04167	802.938416	24.606491
41473.08333	803.042297	24.605026
41473.125	803.006409	24.604019
41473.16667	802.875732	24.606491
41473.20833	802.711548	24.606033
41473.25	802.63031	24.605026
41473.29167	802.422119	24.604538
41473.33333	802.35553	24.607956
41473.375	802.285828	24.608963
41473.41667	802.351746	24.606033
41473.45833	802.5177	24.606033
41473.5	802.667542	24.607956
41473.54167	802.787354	24.60701
41473.58333	803.147034	24.608505
41473.625	803.091675	24.607498
41473.66667	802.966797	24.609421
41473.70833	802.870239	24.607956
41473.75	802.63031	24.60701
41473.79167	802.368408	24.60997
41473.83333	802.097107	24.610428
41473.875	802.080933	24.60997
41473.91667	802.088074	24.608505
41473.95833	802.093506	24.60997
41474	802.07135	24.610428
41474.04167	802.143188	24.607956
41474.08333	802.230591	24.609421
41474.125	802.279846	24.607956
41474.16667	802.182129	24.608963
41474.20833	802.099121	24.608505
41474.25	801.981506	24.60701
41474.29167	801.807617	24.607956
41474.33333	801.759521	24.608963
41474.375	801.593811	24.60997
41474.41667	801.801819	24.608505
41474.45833	801.748962	24.607498
41474.5	801.923828	24.609421
41474.54167	802.128418	24.607956
41474.58333	802.282288	24.611435
41474.625	802.345093	24.609421
41474.66667	802.202209	24.611435
41474.70833	802.076782	24.610886
41474.75	801.944275	24.614365
41474.79167	801.717957	24.61235
41474.83333	801.483643	24.611435
41474.875	801.365173	24.611435
41474.91667	801.309448	24.609421
41474.95833	801.302979	24.613358
41475	801.345032	24.610886
41475.04167	801.43689	24.610428
41475.08333	801.549683	24.60997
41475.125	801.615845	24.613846
41475.16667	801.664185	24.610886
41475.20833	801.524414	24.610886
41475.25	801.513306	24.610886
41475.29167	801.241699	24.613358
41475.33333	801.144714	24.614365
41475.375	801.180786	24.611893
41475.41667	801.05188	24.6129
41475.45833	801.184448	24.60997
41475.5	801.429932	24.61235
41475.54167	801.811523	24.611893
41475.58333	802.008789	24.611435
41475.625	802.105103	24.611893
41475.66667	802.189636	24.615341
41475.70833	802.149231	24.61235
41475.75	802.012756	24.614853
41475.79167	801.682068	24.611435
41475.83333	801.370605	24.61235
41475.875	801.144714	24.615341
41475.91667	800.966736	24.6129
41475.95833	801.009216	24.613846
41476	801.071838	24.613358
41476.04167	801.180786	24.611893
41476.08333	801.300659	24.614853
41476.125	801.340942	24.613358
41476.16667	801.383362	24.617294
41476.20833	801.359558	24.616318
41476.25	801.328552	24.611893
41476.29167	801.168396	24.615829
41476.33333	801.034851	24.616806
41476.375	800.942749	24.614365
41476.41667	800.885803	24.615341
41476.45833	801.036865	24.613846
41476.5	801.168396	24.613846
41476.54167	801.43689	24.615341
41476.58333	801.619751	24.614853
41476.625	801.743713	24.616318
41476.66667	801.759521	24.613846
41476.70833	801.641968	24.6129
41476.75	801.645203	24.614853
41476.79167	801.291321	24.613358
41476.83333	800.996704	24.616806
41476.875	800.760315	24.614365
41476.91667	800.681519	24.616806
41476.95833	800.6073	24.617294
41477	800.690063	24.617783
41477.04167	800.771729	24.616318
41477.08333	800.859741	24.616318
41477.125	800.915161	24.616318
41477.16667	800.989014	24.616318
41477.20833	800.989014	24.618271
41477.25	800.894836	24.615341
41477.29167	800.889648	24.616318
41477.33333	800.6073	24.617783
41477.375	800.51709	24.614853
41477.41667	800.448425	24.617294
41477.45833	800.505432	24.618271
41477.5	800.592834	24.617783
41477.54167	800.839417	24.616318
41477.58333	801.066772	24.616806
41477.625	801.171509	24.614365
41477.66667	801.282715	24.619247
41477.70833	801.203369	24.617783
41477.75	801.066772	24.615829
41477.79167	800.836182	24.613358
41477.83333	800.554016	24.618759
41477.875	800.307861	24.617783
41477.91667	800.103577	24.620255
41477.95833	800.066956	24.617294
41478	800.094604	24.617783
41478.04167	800.1203	24.618759
41478.08333	800.348999	24.618759
41478.125	800.361877	24.618271
41478.16667	800.448425	24.617783
41478.20833	800.400208	24.618271
41478.25	800.402161	24.617294
41478.29167	800.208496	24.617783
41478.33333	800.124084	24.618271
41478.375	800.028381	24.618759
41478.41667	799.954346	24.619247
41478.45833	799.989807	24.618271
41478.5	800.1521	24.619736
41478.54167	800.452209	24.621719
41478.58333	800.708557	24.621719
41478.625	800.87854	24.616318
41478.66667	800.924133	24.619736
41478.70833	800.836182	24.619736
41478.75	800.78363	24.618271
41478.79167	800.544434	24.619247
41478.83333	800.36908	24.618759
41478.875	800.085327	24.621719
41478.91667	799.963379	24.621719
41478.95833	799.812256	24.621719
41479	799.835876	24.620255
41479.04167	799.884827	24.619736
41479.08333	800.028381	24.622208
41479.125	800.15332	24.623215
41479.16667	800.234924	24.620255
41479.20833	800.273071	24.622208
41479.25	800.348999	24.620743
41479.29167	800.144531	24.618271
41479.33333	800.113403	24.617783
41479.375	800.044861	24.620255
41479.41667	800.022339	24.621719
41479.45833	800.037415	24.621719
41479.5	800.186584	24.619736
41479.54167	800.382019	24.620743
41479.58333	800.69165	24.620743
41479.625	800.915161	24.621201
41479.66667	800.961853	24.623215
41479.70833	800.871216	24.619736
41479.75	800.753174	24.622208
41479.79167	800.533447	24.619736
41479.83333	800.286438	24.621201
41479.875	800.097717	24.619736
41479.91667	800.002563	24.620743
41479.95833	799.847717	24.621201
41480	799.819885	24.620255
41480.04167	799.81781	24.623672
41480.08333	799.892151	24.623215
41480.125	799.989807	24.622665
41480.16667	800.15686	24.62468
41480.20833	800.17572	24.621719
41480.25	800.240051	24.622208
41480.29167	800.15686	24.622208
41480.33333	800.074829	24.621201
41480.375	799.922607	24.622665
41480.41667	799.935791	24.625137
41480.45833	799.969299	24.626144
41480.5	800.070129	24.622665
41480.54167	800.15686	24.62413
41480.58333	800.372681	24.623215
41480.625	800.505432	24.621719
41480.66667	800.625671	24.623672
41480.70833	800.688416	24.622665
41480.75	800.555847	24.621719
41480.79167	800.352295	24.62413
41480.83333	800.21637	24.626144
41480.875	800.041199	24.622665
41480.91667	799.950806	24.62468
41480.95833	799.892151	24.62413
41481	799.790894	24.623672
41481.04167	799.757263	24.622208
41481.08333	799.864258	24.621719
41481.125	799.928345	24.625137
41481.16667	800.052063	24.62468
41481.20833	800.06543	24.623672
41481.25	800.07605	24.62413
41481.29167	800.039063	24.62468
41481.33333	800.042664	24.621719
41481.375	799.906067	24.625595
41481.41667	799.969299	24.622208
41481.45833	799.889893	24.625595
41481.5	800.020691	24.625137
41481.54167	800.168091	24.626144
41481.58333	800.313782	24.622665
41481.625	800.446533	24.625595
41481.66667	800.512512	24.625595
41481.70833	800.467224	24.62413
41481.75	800.328369	24.622208
41481.79167	800.21637	24.622208
41481.83333	800.020691	24.623215
41481.875	799.976624	24.623215
41481.91667	799.915527	24.62468
41481.95833	799.927124	24.626144
41482	799.950806	24.627609
41482.04167	799.852478	24.626602
41482.08333	799.876831	24.625595
41482.125	799.884827	24.626602
41482.16667	799.932007	24.626144
41482.20833	800.004333	24.62706
41482.25	799.997925	24.62413
41482.29167	799.973083	24.62468
41482.33333	799.950806	24.625137
41482.375	799.910095	24.626144
41482.41667	799.882141	24.625595
41482.45833	799.950806	24.625137
41482.5	800.105286	24.62413
41482.54167	800.122314	24.628555
41482.58333	800.254944	24.627609
41482.625	800.221558	24.625137
41482.66667	800.327026	24.625595
41482.70833	800.293518	24.625595
41482.75	800.149841	24.626602
41482.79167	800.094604	24.625137
41482.83333	799.878845	24.626144
41482.875	799.797424	24.62706
41482.91667	799.801025	24.62706
41482.95833	799.711426	24.627609
41483	799.685242	24.62468
41483.04167	799.646057	24.628067
41483.08333	799.607117	24.628067
41483.125	799.607117	24.626602
41483.16667	799.631409	24.625595
41483.20833	799.620239	24.62706
41483.25	799.524292	24.627609
41483.29167	799.471252	24.628555
41483.33333	799.463623	24.626602
41483.375	799.486023	24.62706
41483.41667	799.371277	24.628555
41483.45833	799.46167	24.626144
41483.5	799.62616	24.628067
41483.54167	799.790894	24.625595
41483.58333	799.871277	24.627609
41483.625	799.869385	24.629532
41483.66667	799.880615	24.627609
41483.70833	799.755371	24.626602
41483.75	799.65741	24.626602
41483.79167	799.476563	24.625137
41483.83333	799.318176	24.62706
41483.875	799.321472	24.629074
41483.91667	799.281067	24.628067
41483.95833	799.259338	24.627609
41484	799.2901	24.628067
41484.04167	799.183777	24.628555
41484.08333	799.198242	24.631516
41484.125	799.124329	24.628067
41484.16667	799.163269	24.629532
41484.20833	799.065552	24.629532
41484.25	799.050476	24.630539
41484.29167	799.01001	24.628555
41484.33333	798.980591	24.630051
41484.375	799.052734	24.632004
41484.41667	799.055847	24.626602
41484.45833	799.028564	24.631027
41484.5	799.201477	24.630539
41484.54167	799.34375	24.628067
41484.58333	799.436401	24.629074
41484.625	799.434143	24.630051
41484.66667	799.443726	24.630051
41484.70833	799.271606	24.632004
41484.75	799.135559	24.629532
41484.79167	798.930847	24.629074
41484.83333	798.882629	24.630051
41484.875	798.842285	24.633469
41484.91667	798.796204	24.630051
41484.95833	798.821838	24.630539
41485	798.76825	24.632004
41485.04167	798.829041	24.632004
41485.08333	798.869446	24.630539
41485.125	798.899109	24.631516
41485.16667	798.909912	24.630051
41485.20833	798.840149	24.630539
41485.25	798.784485	24.629074
41485.29167	798.657898	24.630539
41485.33333	798.670166	24.632004
41485.375	798.622742	24.630051
41485.41667	798.593567	24.633469
41485.45833	798.701843	24.632492
41485.5	798.906555	24.633469
41485.54167	799.127869	24.62706
41485.58333	799.275391	24.631516
41485.625	799.275391	24.63298
41485.66667	799.240295	24.63298
41485.70833	799.127869	24.630539
41485.75	798.947205	24.632004
41485.79167	798.696899	24.632492
41485.83333	798.559753	24.633957
41485.875	798.516357	24.632492
41485.91667	798.539368	24.633469
41485.95833	798.56189	24.632492
41486	798.55658	24.630539
41486.04167	798.638855	24.631516
41486.08333	798.737183	24.632004
41486.125	798.703674	24.632492
41486.16667	798.546692	24.632492
41486.20833	798.462708	24.632492
41486.25	798.401123	24.632492
41486.29167	798.55072	24.633469
41486.33333	798.375427	24.634445
41486.375	798.349609	24.634933
41486.41667	798.296326	24.634933
41486.45833	798.509766	24.633957
41486.5	798.663696	24.63298
41486.54167	798.899109	24.63298
41486.58333	799.032471	24.634445
41486.625	799.073547	24.63298
41486.66667	799.045166	24.634445
41486.70833	798.995667	24.63298
41486.75	798.794189	24.633957
41486.79167	798.621277	24.634445
41486.83333	798.410767	24.633469
41486.875	798.318359	24.633957
41486.91667	798.361084	24.634445
41486.95833	798.357422	24.636429
41487	798.471741	24.631516
41487.04167	798.451355	24.632492
41487.08333	798.557983	24.632492
41487.125	798.56958	24.635452
41487.16667	798.603027	24.634445
41487.20833	798.432739	24.634445
41487.25	798.305542	24.635452
41487.29167	798.14679	24.635452
41487.33333	798.111633	24.631516
41487.375	798.095276	24.634445
41487.41667	798.246826	24.634933
41487.45833	798.141357	24.634933
41487.5	798.318359	24.633957
41487.54167	798.521118	24.632492
41487.58333	798.674622	24.632004
41487.625	798.95105	24.634933
41487.66667	798.716492	24.63591
41487.70833	798.567322	24.634933
41487.75	798.419678	24.63591
41487.79167	798.163513	24.636917
41487.83333	798.065613	24.634445
41487.875	797.910645	24.635452
41487.91667	797.892273	24.634933
41487.95833	797.902771	24.632004
41488	797.925476	24.638382
41488.04167	797.977539	24.637924
41488.08333	798.028442	24.636429
41488.125	798.244141	24.635452
41488.16667	798.031067	24.634933
41488.20833	797.908813	24.63591
41488.25	797.768799	24.636917
41488.29167	797.658325	24.636917
41488.33333	797.641296	24.636917
41488.375	797.501099	24.637375
41488.41667	797.484985	24.63591
41488.45833	797.590088	24.634933
41488.5	797.829895	24.639847
41488.54167	797.966125	24.635452
41488.58333	798.308594	24.637375
41488.625	798.362244	24.637924
41488.66667	798.434692	24.638382
41488.70833	798.236816	24.636429
41488.75	798.127991	24.637375
41488.79167	797.828186	24.637924
41488.83333	797.560791	24.63884
41488.875	797.407166	24.636429
41488.91667	797.365112	24.637924
41488.95833	797.399597	24.63591
41489	797.398438	24.638382
41489.04167	797.449463	24.639389
41489.08333	797.49939	24.636917
41489.125	797.680176	24.636917
41489.16667	797.512146	24.638382
41489.20833	797.418274	24.637375
41489.25	797.455566	24.637375
41489.29167	797.293457	24.637924
41489.33333	797.249023	24.63884
41489.375	797.144043	24.63591
41489.41667	797.214111	24.637375
41489.45833	797.361328	24.639389
41489.5	797.508667	24.639847
41489.54167	797.68219	24.637375
41489.58333	797.894104	24.637924
41489.625	798.069641	24.63591
41489.66667	798.041992	24.639847
41489.70833	797.984863	24.641312
41489.75	797.80127	24.63884
41489.79167	797.623047	24.638382
41489.83333	797.346436	24.638382
41489.875	797.191162	24.63884
41489.91667	797.096008	24.639389
41489.95833	797.250427	24.641312
41490	797.163879	24.639847
41490.04167	797.232117	24.639847
41490.08333	797.376099	24.637924
41490.125	797.611572	24.639389
41490.16667	797.455566	24.638382
41490.20833	797.420776	24.641312
41490.25	797.355469	24.639847
41490.29167	797.20575	24.638382
41490.33333	797.06842	24.638382
41490.375	796.975708	24.639847
41490.41667	796.944214	24.640335
41490.45833	797.162109	24.640854
41490.5	797.453674	24.641312
41490.54167	797.488708	24.639389
41490.58333	797.855286	24.63884
41490.625	797.897339	24.6418
41490.66667	797.94043	24.640854
41490.70833	798.098572	24.639847
41490.75	797.809265	24.640335
41490.79167	797.569458	24.640854
41490.83333	797.365112	24.641312
41490.875	797.144043	24.63884
41490.91667	797.098022	24.639389
41490.95833	797.027405	24.63884
41491	797.049805	24.640854
41491.04167	797.126831	24.641312
41491.08333	797.23407	24.642776
41491.125	797.434509	24.640335
41491.16667	797.383606	24.63884
41491.20833	797.29834	24.641312
41491.25	797.185913	24.643295
41491.29167	797.071716	24.6418
41491.33333	796.935425	24.640335
41491.375	796.791321	24.642776
41491.41667	796.7547	24.639389
41491.45833	796.898376	24.640335
41491.5	797.079224	24.643784
41491.54167	797.504517	24.642319
41491.58333	797.687622	24.644241
41491.625	797.748352	24.6418
41491.66667	798.058044	24.643295
41491.70833	797.733765	24.640335
41491.75	797.630371	24.642319
41491.79167	797.412903	24.639389
41491.83333	797.326294	24.639847
41491.875	796.933716	24.643784
41491.91667	796.894531	24.6418
41491.95833	796.933716	24.641312
41492	796.966614	24.642776
41492.04167	796.997803	24.641312
41492.08333	797.144897	24.642319
41492.125	797.252197	24.639847
41492.16667	797.287415	24.641312
41492.20833	797.270569	24.641312
41492.25	797.016235	24.642776
41492.29167	796.925842	24.643295
41492.33333	796.813354	24.641312
41492.375	796.835205	24.645248
41492.41667	796.66272	24.642776
41492.45833	796.901428	24.640335
41492.5	796.892944	24.6418
41492.54167	797.193176	24.644241
41492.58333	797.392517	24.642776
41492.625	797.692688	24.642776
41492.66667	797.606323	24.642776
41492.70833	797.526794	24.642776
41492.75	797.388916	24.643784
41492.79167	797.174622	24.64476
41492.83333	796.899841	24.64476
41492.875	796.765198	24.642319
41492.91667	796.665771	24.641312
41492.95833	796.65332	24.639847
41493	796.647949	24.643784
41493.04167	796.715637	24.643784
41493.08333	796.853821	24.644241
41493.125	796.839233	24.642776
41493.16667	797.016235	24.6418
41493.20833	796.90918	24.642319
41493.25	796.839233	24.640335
41493.29167	796.735352	24.644241
41493.33333	796.713623	24.643295
41493.375	796.652527	24.645248
41493.41667	796.615601	24.64476
41493.45833	796.513306	24.642776
41493.5	796.699402	24.642776
41493.54167	797.102783	24.643784
41493.58333	797.126831	24.646255
41493.625	797.458557	24.643784
41493.66667	797.337097	24.6418
41493.70833	797.23938	24.643295
41493.75	797.163879	24.644241
41493.79167	796.935425	24.646255
41493.83333	796.713623	24.642776
41493.875	796.634033	24.644241
41493.91667	796.433838	24.64476
41493.95833	796.312134	24.645248
41494	796.322937	24.644241
41494.04167	796.28949	24.64476
41494.08333	796.417297	24.64476
41494.125	796.553406	24.646713
41494.16667	796.598206	24.64476
41494.20833	796.766968	24.642319
41494.25	796.531067	24.641312
41494.29167	796.429626	24.64476
41494.33333	796.341309	24.646255
41494.375	796.245483	24.6418
41494.41667	796.201172	24.643295
41494.45833	796.226501	24.648178
41494.5	796.344788	24.645248
41494.54167	796.679382	24.64476
41494.58333	796.829773	24.64476
41494.625	797.043945	24.64476
41494.66667	797.207642	24.643295
41494.70833	797.193115	24.644241
41494.75	796.906799	24.645248
41494.79167	796.678711	24.644241
41494.83333	796.674377	24.645248
41494.875	796.488525	24.64476
41494.91667	796.213745	24.644241
41494.95833	796.153503	24.645248
41495	796.134277	24.643295
41495.04167	796.272583	24.646713
41495.08333	796.190125	24.64476
41495.125	796.309448	24.64476
41495.16667	796.377991	24.645248
41495.20833	796.315552	24.64772
41495.25	796.245483	24.646713
41495.29167	796.233582	24.646713
41495.33333	796.166199	24.646713
41495.375	796.230286	24.648178
41495.41667	796.029724	24.643784
41495.45833	796.012573	24.64772
41495.5	796.086914	24.643784
41495.54167	796.239624	24.645248
41495.58333	796.584656	24.648178
41495.625	796.686462	24.645248
41495.66667	796.83374	24.646255
41495.70833	796.95105	24.649185
41495.75	796.669373	24.645737
41495.79167	796.464722	24.646255
41495.83333	796.405762	24.647202
41495.875	796.147461	24.644241
41495.91667	796.029724	24.646255
41495.95833	796.027832	24.644241
41496	795.972534	24.648666
41496.04167	795.915588	24.649185
41496.08333	795.981567	24.645737
41496.125	796.204102	24.65065
41496.16667	796.287048	24.645737
41496.20833	796.108643	24.648666
41496.25	796.032654	24.645248
41496.29167	796.014893	24.64772
41496.33333	795.959839	24.649185
41496.375	795.917358	24.645737
41496.41667	795.859985	24.646255
41496.45833	795.845215	24.65065
41496.5	795.972534	24.64772
41496.54167	796.272583	24.649185
41496.58333	796.25885	24.64772
41496.625	796.548828	24.648178
41496.66667	796.464722	24.648178
41496.70833	796.453674	24.646713
41496.75	796.357849	24.647202
41496.79167	796.30603	24.649643
41496.83333	796.049866	24.648666
41496.875	795.815857	24.646255
41496.91667	795.920776	24.64772
41496.95833	795.903259	24.646713
41497	795.712036	24.646713
41497.04167	795.699524	24.646255
41497.08333	795.741821	24.646713
41497.125	795.98114	24.648666
41497.16667	795.866821	24.64772
41497.20833	795.905762	24.64772
41497.25	795.837585	24.649185
41497.29167	795.960754	24.648666
41497.33333	795.761963	24.647202
41497.375	795.619812	24.651627
41497.41667	795.682739	24.651138
41497.45833	795.716492	24.647202
41497.5	795.787537	24.646713
41497.54167	796.071411	24.649643
41497.58333	796.105103	24.647202
41497.625	796.12915	24.648178
41497.66667	796.196289	24.646713
41497.70833	796.399536	24.646255
41497.75	796.150696	24.647202
41497.79167	796.016541	24.646255
41497.83333	796.026672	24.650131
41497.875	795.991943	24.648178
41497.91667	795.768127	24.648666
41497.95833	795.577637	24.646713
41498	795.566833	24.65065
41498.04167	795.531372	24.650131
41498.08333	795.564819	24.649643
41498.125	795.644043	24.648666
41498.16667	795.712036	24.648666
41498.20833	795.832092	24.64772
41498.25	795.803345	24.647202
41498.29167	795.584961	24.649185
41498.33333	795.542664	24.648178
41498.375	795.704224	24.648666
41498.41667	795.485779	24.651627
41498.45833	795.528137	24.65065
41498.5	795.612549	24.650131
41498.54167	795.727112	24.651138
41498.58333	795.841614	24.649643
41498.625	795.891479	24.648178
41498.66667	795.841614	24.651138
41498.70833	795.966003	24.65065
41498.75	795.649597	24.648666
41498.79167	795.54834	24.649185
41498.83333	795.396667	24.647202
41498.875	795.306885	24.651627
41498.91667	795.256836	24.649185
41498.95833	795.187073	24.651138
41499	795.13678	24.651138
41499.04167	795.170044	24.648178
41499.08333	795.109192	24.648666
41499.125	795.124084	24.653091
41499.16667	795.138611	24.648178
41499.20833	795.09436	24.651627
41499.25	795.007751	24.649185
41499.29167	794.978516	24.650131
41499.33333	794.959961	24.651627
41499.375	795.07959	24.650131
41499.41667	794.965454	24.649643
41499.45833	794.991089	24.65065
41499.5	795.135254	24.649643
41499.54167	795.32074	24.652115
41499.58333	795.625	24.651627
41499.625	795.588928	24.651627
41499.66667	795.597778	24.65065
41499.70833	795.575745	24.651627
41499.75	795.492737	24.652115
41499.79167	795.410095	24.650131
41499.83333	795.25177	24.652115
41499.875	795.287903	24.651138
41499.91667	795.072815	24.65065
41499.95833	795.274048	24.651138
41500	795.063293	24.652634
41500.04167	795.121643	24.65065
41500.08333	795.076233	24.651138
41500.125	795.039124	24.651627
41500.16667	795.290955	24.65065
41500.20833	795.064453	24.652115
41500.25	795.04657	24.650131
41500.29167	794.856018	24.651627
41500.33333	794.774963	24.654099
41500.375	794.774963	24.651138
41500.41667	794.983154	24.65065
41500.45833	794.827148	24.651138
41500.5	795.014954	24.652115
41500.54167	795.114746	24.651627
41500.58333	795.256836	24.651627
41500.625	795.355225	24.65065
41500.66667	795.194275	24.652115
41500.70833	795.090881	24.651138
41500.75	794.96167	24.651627
41500.79167	794.801086	24.652115
41500.83333	794.706848	24.65361
41500.875	794.816833	24.654556
41500.91667	794.546692	24.651138
41500.95833	794.590515	24.652115
41501	794.613281	24.654556
41501.04167	794.773193	24.652115
41501.08333	794.754211	24.651627
41501.125	794.642639	24.65361
41501.16667	794.78772	24.654099
41501.20833	794.485352	24.65361
41501.25	794.366272	24.653091
41501.29167	794.547302	24.651627
41501.33333	794.425049	24.654556
41501.375	794.411987	24.654099
41501.41667	794.329102	24.653091
41501.45833	794.439819	24.65361
41501.5	794.652039	24.651627
41501.54167	794.876709	24.651138
41501.58333	795.018982	24.651138
41501.625	795.092896	24.651138
41501.66667	795.15918	24.652115
41501.70833	795.055908	24.655075
41501.75	794.931885	24.651138
41501.79167	794.979126	24.652634
41501.83333	794.675659	24.651627
41501.875	794.735291	24.650131
41501.91667	794.657227	24.651138
41501.95833	794.811523	24.655075
41502	794.784546	24.653091
41502.04167	794.86261	24.655075
41502.08333	795.11377	24.652634
41502.125	795.117554	24.654556
41502.16667	794.945374	24.65065
41502.20833	794.943726	24.65361
41502.25	794.845764	24.653091
41502.29167	794.730957	24.65361
41502.33333	794.576111	24.654556
41502.375	794.454651	24.654099
41502.41667	794.498718	24.656021
41502.45833	794.681213	24.652634
41502.5	794.946594	24.654556
41502.54167	795.370361	24.654099
41502.58333	795.374878	24.653091
41502.625	795.260559	24.652634
41502.66667	795.364075	24.651138
41502.70833	795.116516	24.65361
41502.75	794.923523	24.652634
41502.79167	794.842773	24.654556
41502.83333	794.432495	24.653091
41502.875	794.451111	24.655563
41502.91667	794.490601	24.655075
41502.95833	794.490601	24.652634
41503	794.501404	24.653091
41503.04167	794.35144	24.65654
41503.08333	794.389893	24.654556
41503.125	794.550781	24.652115
41503.16667	794.475525	24.656021
41503.20833	794.230957	24.65361
41503.25	794.148315	24.65654
41503.29167	794.123352	24.654556
41503.33333	793.786255	24.654099
41503.375	793.736633	24.654556
41503.41667	793.816467	24.652115
41503.45833	794.21521	24.655075
41503.5	794.199463	24.653091
41503.54167	794.340271	24.652634
41503.58333	794.670959	24.653091
41503.625	794.693115	24.654099
41503.66667	794.454651	24.654556
41503.70833	794.492188	24.652634
41503.75	794.128052	24.656021
41503.79167	794.050903	24.654556
41503.83333	793.639404	24.654099
41503.875	793.621155	24.654099
41503.91667	793.680237	24.658005
41503.95833	793.887146	24.655075
41504	793.975525	24.65654
41504.04167	793.805054	24.655563
41504.08333	793.969299	24.657486
41504.125	794.186401	24.653091
41504.16667	794.007751	24.65654
41504.20833	793.91803	24.655075
41504.25	793.885132	24.656021
41504.29167	793.68634	24.657028
41504.33333	793.550781	24.654556
41504.375	793.693787	24.656021
41504.41667	793.534729	24.654099
41504.45833	793.798767	24.653091
41504.5	793.849121	24.65654
41504.54167	794.098816	24.655563
41504.58333	794.272095	24.655075
41504.625	794.399292	24.65361
41504.66667	794.452515	24.655075
41504.70833	794.313965	24.655075
41504.75	794.302246	24.655563
41504.79167	794.033508	24.654556
41504.83333	793.62793	24.658493
41504.875	793.595764	24.655075
41504.91667	793.515076	24.65361
41504.95833	793.515076	24.654099
41505	793.700623	24.654099
41505.04167	793.778076	24.657486
41505.08333	793.706055	24.655563
41505.125	793.950195	24.654556
41505.16667	793.782837	24.65654
41505.20833	793.696594	24.657486
41505.25	793.554626	24.654099
41505.29167	793.564636	24.656021
41505.33333	793.380798	24.656021
41505.375	793.468689	24.657486
41505.41667	793.280212	24.654556
41505.45833	793.342712	24.65654
41505.5	793.642883	24.655075
41505.54167	793.936401	24.655075
41505.58333	794.196899	24.657028
41505.625	794.268311	24.656021
41505.66667	794.417969	24.65361
41505.70833	794.315613	24.657028
41505.75	793.984619	24.654556
41505.79167	793.761169	24.65654
41505.83333	793.569092	24.657028
41505.875	793.407715	24.657028
41505.91667	793.341064	24.657028
41505.95833	793.17981	24.657028
41506	793.303528	24.657028
41506.04167	793.524048	24.655075
41506.08333	793.44165	24.6595
41506.125	793.710205	24.657028
41506.16667	793.556274	24.654099
41506.20833	793.667114	24.657486
41506.25	793.340576	24.655563
41506.29167	793.196594	24.657028
41506.33333	793.119324	24.657486
41506.375	793.026672	24.655563
41506.41667	792.827271	24.658005
41506.45833	793.204712	24.658951
41506.5	793.309326	24.65654
41506.54167	793.550781	24.656021
41506.58333	793.923889	24.657028
41506.625	793.870239	24.657028
41506.66667	793.895874	24.65654
41506.70833	794.001343	24.655563
41506.75	793.778076	24.658005
41506.79167	793.345947	24.65654
41506.83333	793.081909	24.657028
41506.875	792.848267	24.657028
41506.91667	792.711121	24.658493
41506.95833	792.862244	24.65654
41507	792.867126	24.658493
41507.04167	792.964783	24.658493
41507.08333	793.085876	24.655075
41507.125	793.335449	24.657028
41507.16667	793.305847	24.658005
41507.20833	793.448059	24.657028
41507.25	793.324646	24.658493
41507.29167	792.927368	24.654099
41507.33333	792.988831	24.658005
41507.375	792.9375	24.657486
41507.41667	792.78363	24.656021
41507.45833	792.959167	24.658951
41507.5	792.886902	24.658493
41507.54167	793.120789	24.655075
41507.58333	793.51062	24.657028
41507.625	793.5755	24.657486
41507.66667	793.506592	24.65654
41507.70833	793.719299	24.657028
41507.75	793.416199	24.658493
41507.79167	793.331726	24.656021
41507.83333	792.936829	24.65654
41507.875	792.915283	24.657486
41507.91667	792.634277	24.656021
41507.95833	792.460205	24.663376
41508	792.503479	24.657028
41508.04167	792.678467	24.657028
41508.08333	792.547852	24.65654
41508.125	792.83905	24.658951
41508.16667	792.810974	24.658493
41508.20833	792.820496	24.658493
41508.25	792.796448	24.658493
41508.29167	792.627197	24.657486
41508.33333	792.512268	24.658005
41508.375	792.462463	24.657028
41508.41667	792.481018	24.657028
41508.45833	792.340698	24.656021
41508.5	792.527649	24.6595
41508.54167	792.876221	24.658951
41508.58333	793.07196	24.655563
41508.625	793.081909	24.660965
41508.66667	793.096558	24.657028
41508.70833	793.168823	24.661423
41508.75	793.073486	24.657486
41508.79167	792.977051	24.6595
41508.83333	792.752625	24.657028
41508.875	792.58075	24.658493
41508.91667	792.44812	24.658493
41508.95833	792.385681	24.656021
41509	792.173279	24.6595
41509.04167	792.178223	24.6595
41509.08333	792.261902	24.655563
41509.125	792.514771	24.657486
41509.16667	792.516663	24.658493
41509.20833	792.348633	24.658005
41509.25	792.376099	24.657028
41509.29167	792.516663	24.6595
41509.33333	792.383423	24.6595
41509.375	792.121582	24.6595
41509.41667	792.304321	24.658493
41509.45833	792.266052	24.658005
41509.5	792.389343	24.658493
41509.54167	792.537231	24.658005
41509.58333	792.671143	24.658493
41509.625	792.925903	24.661423
41509.66667	792.868591	24.658005
41509.70833	792.8573	24.657028
41509.75	792.778381	24.659958
41509.79167	792.608765	24.659958
41509.83333	792.639832	24.658493
41509.875	792.424744	24.65654
41509.91667	792.122925	24.658005
41509.95833	792.021912	24.658951
41510	791.947876	24.657028
41510.04167	791.975952	24.65654
41510.08333	792.215942	24.658005
41510.125	792.35022	24.657028
41510.16667	792.18396	24.657486
41510.20833	792.204346	24.658951
41510.25	792.289856	24.658951
41510.29167	792.226685	24.658005
41510.33333	791.996338	24.6595
41510.375	791.881531	24.658951
41510.41667	791.951599	24.658493
41510.45833	791.929138	24.660965
41510.5	792.267273	24.658493
41510.54167	792.454102	24.658005
41510.58333	792.550781	24.656021
41510.625	792.877991	24.6595
41510.66667	792.939514	24.658005
41510.70833	792.75769	24.658493
41510.75	792.713623	24.660965
41510.79167	792.598694	24.660446
41510.83333	792.418457	24.658005
41510.875	792.232605	24.65654
41510.91667	792.136292	24.659958
41510.95833	792.13269	24.662888
41511	792.103149	24.6595
41511.04167	792.071594	24.657028
41511.08333	792.101379	24.658005
41511.125	792.15155	24.659958
41511.16667	792.232239	24.658493
41511.20833	792.191772	24.657486
41511.25	792.005432	24.661911
41511.29167	791.942383	24.658493
41511.33333	791.878113	24.660446
41511.375	791.822998	24.659958
41511.41667	791.818237	24.658005
41511.45833	792.018555	24.658951
41511.5	792.141663	24.658951
41511.54167	792.335938	24.659958
41511.58333	792.320801	24.654556
41511.625	792.644104	24.656021
41511.66667	792.701294	24.657486
41511.70833	792.656677	24.658951
41511.75	792.493958	24.658493
41511.79167	792.224487	24.6595
41511.83333	792.295288	24.660965
41511.875	792.149414	24.659958
41511.91667	792.141663	24.659958
41511.95833	791.802551	24.658951
41512	792.031433	24.658493
41512.04167	791.989258	24.658005
41512.08333	791.824219	24.660446
41512.125	791.90564	24.6595
41512.16667	792.081116	24.661423
41512.20833	792.044495	24.660446
41512.25	792.018555	24.658493
41512.29167	791.826233	24.658951
41512.33333	791.865601	24.659958
41512.375	791.861389	24.659958
41512.41667	791.733887	24.658951
41512.45833	791.859741	24.657486
41512.5	792.106934	24.6595
41512.54167	792.148987	24.661423
41512.58333	792.212036	24.6595
41512.625	792.485535	24.658951
41512.66667	792.344482	24.658951
41512.70833	792.47644	24.658951
41512.75	792.182678	24.663376
41512.79167	792.173279	24.660446
41512.83333	792.217957	24.6595
41512.875	791.844299	24.660446
41512.91667	791.983276	24.659958
41512.95833	791.791077	24.6595
41513	791.911438	24.6595
41513.04167	791.916565	24.658493
41513.08333	791.926208	24.658005
41513.125	791.870667	24.661423
41513.16667	791.937561	24.658951
41513.20833	791.767273	24.658493
41513.25	791.844849	24.657486
41513.29167	791.566406	24.6595
41513.33333	791.531616	24.6595
41513.375	791.66449	24.660446
41513.41667	791.555298	24.657486
41513.45833	791.772583	24.660446
41513.5	791.900391	24.6595
41513.54167	791.873779	24.660446
41513.58333	791.908997	24.6595
41513.625	792.067627	24.658493
41513.66667	792.252869	24.658951
41513.70833	792.031433	24.659958
41513.75	791.932922	24.658951
41513.79167	791.92218	24.661911
41513.83333	791.772583	24.661911
41513.875	791.70874	24.658951
41513.91667	791.544373	24.659958
41513.95833	791.743958	24.660965
41514	791.571838	24.661423
41514.04167	791.703064	24.661423
41514.08333	791.705017	24.6595
41514.125	791.819641	24.659958
41514.16667	791.722778	24.661423
41514.20833	791.645386	24.660965
41514.25	791.5271	24.658951
41514.29167	791.367188	24.660446
41514.33333	791.341248	24.66243
41514.375	791.31366	24.658005
41514.41667	791.481506	24.659958
41514.45833	791.699463	24.660446
41514.5	791.700562	24.660965
41514.54167	791.987549	24.6595
41514.58333	791.984863	24.659958
41514.625	792.153442	24.658005
41514.66667	792.263794	24.659958
41514.70833	792.215942	24.6595
41514.75	791.967896	24.658493
41514.79167	791.916565	24.658005
41514.83333	791.49646	24.660965
41514.875	791.577576	24.659958
41514.91667	791.385498	24.660446
41514.95833	791.426147	24.658951
41515	791.422546	24.658493
41515.04167	791.675049	24.659958
41515.08333	791.488281	24.660446
41515.125	791.6698	24.6595
41515.16667	791.765747	24.661423
41515.20833	791.716064	24.662888
41515.25	791.382019	24.661423
41515.29167	791.413452	24.6595
41515.33333	791.335632	24.661911
41515.375	791.333862	24.659958
41515.41667	791.232727	24.660965
41515.45833	791.315613	24.659958
41515.5	791.482849	24.658951
41515.54167	791.758606	24.659958
41515.58333	791.625488	24.657486
41515.625	791.957153	24.660965
41515.66667	791.760376	24.659958
41515.70833	791.732361	24.661911
41515.75	791.433655	24.661911
41515.79167	791.354065	24.660446
41515.83333	791.235901	24.660446
41515.875	791.166626	24.660965
41515.91667	791.088623	24.661423
41515.95833	791.265564	24.6595
41516	791.311829	24.661423
41516.04167	791.370972	24.659958
41516.08333	791.232727	24.658951
41516.125	791.249451	24.660446
41516.16667	791.361694	24.6595
41516.20833	791.07196	24.660965
41516.25	790.974548	24.661423
41516.29167	790.876282	24.659958
41516.33333	790.835327	24.659958
41516.375	790.928467	24.660446
41516.41667	790.863953	24.659958
41516.45833	791.159302	24.660965
41516.5	791.396484	24.659958
41516.54167	791.46698	24.661423
41516.58333	791.566406	24.660446
41516.625	791.514648	24.659958
41516.66667	791.63446	24.664352
41516.70833	791.374573	24.66243
41516.75	791.201172	24.660965
41516.79167	791.120361	24.660446
41516.83333	790.806091	24.658951
41516.875	790.71814	24.6595
41516.91667	790.749207	24.661911
41516.95833	790.928467	24.661911
41517	790.97467	24.660446
41517.04167	790.99884	24.658951
41517.08333	791.070313	24.662888
41517.125	791.239624	24.658951
41517.16667	791.068787	24.660446
41517.20833	790.861633	24.660965
41517.25	790.796936	24.658951
41517.29167	790.559387	24.658493
41517.33333	790.441345	24.661911
41517.375	790.363892	24.658951
41517.41667	790.459839	24.660446
41517.45833	790.697876	24.6595
41517.5	790.935669	24.658493
41517.54167	790.884094	24.658951
41517.58333	791.151367	24.662888
41517.625	791.183167	24.661423
41517.66667	791.164612	24.658493
41517.70833	790.887451	24.658951
41517.75	790.66803	24.658951
41517.79167	790.435669	24.660446
41517.83333	790.421021	24.660965
41517.875	790.420776	24.6595
41517.91667	790.242188	24.661911
41517.95833	790.418945	24.658951
41518	790.527954	24.660446
41518.04167	790.37854	24.660446
41518.08333	790.619873	24.66243
41518.125	790.566772	24.661423
41518.16667	790.419128	24.660965
41518.20833	790.481934	24.660965
41518.25	790.192322	24.6595
41518.29167	790.199951	24.660446
41518.33333	789.943115	24.6595
41518.375	789.900635	24.659958
41518.41667	790.006165	24.661423
41518.45833	790.266296	24.663895
41518.5	790.216248	24.6595
41518.54167	790.65863	24.661911
41518.58333	790.55426	24.660965
41518.625	790.837769	24.658951
41518.66667	790.777039	24.660965
41518.70833	790.723511	24.660446
41518.75	790.426453	24.658005
41518.79167	790.253174	24.658005
41518.83333	789.893372	24.660446
41518.875	789.907959	24.660965
41518.91667	789.838257	24.659958
41518.95833	790.01178	24.661423
41519	790.007385	24.6595
41519.04167	790.10022	24.657486
41519.08333	790.253174	24.661911
41519.125	790.068665	24.658005
41519.16667	790.024231	24.660965
41519.20833	789.961731	24.658951
41519.25	789.987488	24.657486
41519.29167	789.832153	24.663376
41519.33333	789.592529	24.660965
41519.375	789.684875	24.659958
41519.41667	789.878662	24.657486
41519.45833	789.830505	24.658005
41519.5	789.974609	24.6595
41519.54167	790.258179	24.658005
41519.58333	790.448242	24.658493
41519.625	790.57428	24.660446
41519.66667	790.577576	24.660965
41519.70833	790.53302	24.658005
41519.75	790.328613	24.660446
41519.79167	790.08667	24.661911
41519.83333	789.679138	24.662888
41519.875	789.666748	24.662888
41519.91667	789.483887	24.66243
41519.95833	789.718201	24.660965
41520	789.615356	24.661423
41520.04167	789.790039	24.661423
41520.08333	789.755371	24.661423
41520.125	790.054016	24.661911
41520.16667	790.080261	24.660446
41520.20833	789.955933	24.662888
41520.25	789.839844	24.661911
41520.29167	789.6922	24.661911
41520.33333	789.563049	24.662888
41520.375	789.469238	24.660965
41520.41667	789.622375	24.661423
41520.45833	789.47522	24.659958
41520.5	789.784302	24.660446
41520.54167	790.025818	24.661911
41520.58333	790.203064	24.660965
41520.625	790.342957	24.66243
41520.66667	790.420776	24.6595
41520.70833	790.299194	24.659958
41520.75	790.112915	24.658493
41520.79167	789.902283	24.660446
41520.83333	789.478149	24.661911
41520.875	789.484863	24.658951
41520.91667	789.441528	24.663376
41520.95833	789.301208	24.66243
41521	789.356812	24.660446
41521.04167	789.432312	24.660965
41521.08333	789.557678	24.660965
41521.125	789.788269	24.659958
41521.16667	789.611023	24.660446
41521.20833	789.467224	24.658951
41521.25	789.362305	24.658493
41521.29167	789.358948	24.661423
41521.33333	789.190857	24.6595
41521.375	789.327087	24.660965
41521.41667	789.186523	24.660965
41521.45833	789.365479	24.660965
41521.5	789.622375	24.658951
41521.54167	789.718201	24.66243
41521.58333	789.765869	24.660446
41521.625	790.02179	24.657028
41521.66667	790.313782	24.748245
41521.70833	790.31958	24.666336
41521.75	790.164856	24.664352
41521.79167	789.950806	24.663376
41521.83333	789.615112	24.659958
41521.875	789.330688	24.661423
41521.91667	789.378845	24.658951
41521.95833	789.383911	24.6595
41522	789.424622	24.660446
41522.04167	789.502258	24.658005
41522.08333	789.708679	24.660965
41522.125	789.658997	24.659958
41522.16667	789.863586	24.661423
41522.20833	789.611023	24.658493
41522.25	789.627563	24.658005
41522.29167	789.427307	24.658951
41522.33333	789.450195	24.658005
41522.375	789.445007	24.658005
41522.41667	789.38269	24.661911
41522.45833	789.446716	24.661423
41522.5	789.553833	24.6595
41522.54167	789.900574	24.657486
41522.58333	789.972717	24.658493
41522.625	790.005615	24.658005
41522.66667	790.186646	24.658493
41522.70833	790.125671	24.657486
41522.75	789.968689	24.660446
41522.79167	789.708679	24.659958
41522.83333	789.337769	24.658951
41522.875	789.186523	24.657486
41522.91667	789.236023	24.658493
41522.95833	789.219849	24.658493
41523	789.210876	24.656021
41523.04167	789.315552	24.6595
41523.08333	789.371277	24.660446
41523.125	789.423035	24.659958
41523.16667	789.498657	24.6595
41523.20833	789.509644	24.65654
41523.25	789.415283	24.658951
41523.29167	789.170349	24.661423
41523.33333	789.205261	24.6595
41523.375	789.131348	24.660446
41523.41667	789.179932	24.658951
41523.45833	789.208862	24.660446
41523.5	789.332275	24.659958
41523.54167	789.544617	24.658005
41523.58333	789.747498	24.660446
41523.625	789.902283	24.658493
41523.66667	790.081482	24.659958
41523.70833	789.848938	24.6595
41523.75	789.900574	24.659958
41523.79167	789.752869	24.6595
41523.83333	789.538818	24.659958
41523.875	789.358948	24.658951
41523.91667	789.203369	24.658951
41523.95833	788.971313	24.657028
41524	789.081543	24.659958
41524.04167	788.932251	24.658951
41524.08333	789.197998	24.658005
41524.125	789.345398	24.660446
41524.16667	789.369507	24.658493
41524.20833	789.275391	24.659958
41524.25	789.218567	24.659958
41524.29167	789.000854	24.658493
41524.33333	789.077942	24.658005
41524.375	789.035461	24.65654
41524.41667	788.958069	24.658005
41524.45833	788.965454	24.657486
41524.5	789.149963	24.658493
41524.54167	789.345398	24.657486
41524.58333	789.516846	24.658493
41524.625	789.679199	24.658005
41524.66667	789.81604	24.658493
41524.70833	789.806519	24.661911
41524.75	789.646423	24.656021
41524.79167	789.450195	24.655075
41524.83333	789.324829	24.661423
41524.875	789.055847	24.659958
41524.91667	788.967651	24.659958
41524.95833	788.736938	24.660446
41525	788.689636	24.660446
41525.04167	788.783264	24.659958
41525.08333	789.006165	24.6595
41525.125	788.956299	24.659958
41525.16667	789.170166	24.6595
41525.20833	789.145752	24.660965
41525.25	789.096436	24.658493
41525.29167	788.86792	24.661423
41525.33333	788.903992	24.658951
41525.375	788.700073	24.658005
41525.41667	788.825012	24.658005
41525.45833	788.87738	24.657486
41525.5	788.884216	24.658493
41525.54167	789.050232	24.657028
41525.58333	789.085388	24.658951
41525.625	789.5	24.658951
41525.66667	789.428406	24.659958
41525.70833	789.596069	24.658005
41525.75	789.476135	24.657486
41525.79167	789.359863	24.658005
41525.83333	789.037292	24.658951
41525.875	788.987671	24.658493
41525.91667	788.648743	24.657486
41525.95833	788.600342	24.657486
41526	788.77356	24.659958
41526.04167	788.624512	24.657486
41526.08333	788.845947	24.658005
41526.125	789.018921	24.6595
41526.16667	788.853516	24.658005
41526.20833	788.958069	24.657486
41526.25	788.965454	24.659958
41526.29167	788.874817	24.6595
41526.33333	788.753174	24.657028
41526.375	788.777222	24.657486
41526.41667	788.790039	24.657486
41526.45833	788.781372	24.658493
41526.5	788.725769	24.658951
41526.54167	789.046875	24.657486
41526.58333	789.243835	24.658493
41526.625	789.350891	24.658005
41526.66667	789.388123	24.658005
41526.70833	789.347778	24.658951
41526.75	789.292419	24.658493
41526.79167	789.06366	24.65654
41526.83333	788.930725	24.657028
41526.875	788.797913	24.657486
41526.91667	788.854309	24.656021
41526.95833	788.698059	24.657028
41527	788.801331	24.659958
41527.04167	788.860229	24.658951
41527.08333	788.681335	24.6595
41527.125	788.878601	24.658493
41527.16667	788.974731	24.658493
41527.20833	788.891907	24.657486
41527.25	788.736938	24.659958
41527.29167	788.641052	24.658005
41527.33333	788.743652	24.657028
41527.375	788.649475	24.655075
41527.41667	788.476868	24.655075
41527.45833	788.554932	24.660446
41527.5	788.832764	24.658005
41527.54167	788.948608	24.657486
41527.58333	788.81604	24.658493
41527.625	788.911682	24.65654
41527.66667	789.120117	24.657486
41527.70833	789.072754	24.655563
41527.75	788.786377	24.657486
41527.79167	788.915283	24.658493
41527.83333	788.58197	24.657028
41527.875	788.608826	24.658005
41527.91667	788.482666	24.658951
41527.95833	788.455017	24.654556
41528	788.369629	24.6595
41528.04167	788.441467	24.657486
41528.08333	788.50824	24.658493
41528.125	788.290771	24.659958
41528.16667	788.481506	24.660446
41528.20833	788.467285	24.657486
41528.25	788.2901	24.658951
41528.29167	788.244629	24.658951
41528.33333	788.094849	24.6595
41528.375	788.206116	24.65654
41528.41667	788.202332	24.658493
41528.45833	788.202332	24.657028
41528.5	788.517334	24.658005
41528.54167	788.626038	24.657028
41528.58333	788.711304	24.657028
41528.625	788.615234	24.65654
41528.66667	788.649475	24.657028
41528.70833	788.591187	24.658493
41528.75	788.476563	24.657028
41528.79167	788.15271	24.657486
41528.83333	788.253174	24.657028
41528.875	788.238892	24.656021
41528.91667	788.249451	24.658005
41528.95833	788.390076	24.658493
41529	788.154968	24.657028
41529.04167	788.312256	24.657028
41529.08333	788.15271	24.659958
41529.125	788.345215	24.657028
41529.16667	788.280762	24.658951
41529.20833	788.24231	24.655075
41529.25	787.903015	24.65654
41529.29167	787.728638	24.657486
41529.33333	787.996521	24.6595
41529.375	787.978699	24.658005
41529.41667	788.10437	24.657486
41529.45833	788.04303	24.658005
41529.5	788.135254	24.65654
41529.54167	788.336365	24.65361
41529.58333	788.311035	24.657028
41529.625	788.398926	24.657486
41529.66667	788.369568	24.657486
41529.70833	788.348999	24.654099
41529.75	788.267639	24.657028
41529.79167	788.117249	24.656021
41529.83333	787.804199	24.657486
41529.875	787.9104	24.658951
41529.91667	787.830811	24.65654
41529.95833	787.804199	24.658951
41530	787.884094	24.657028
41530.04167	787.955078	24.6595
41530.08333	788.039124	24.656021
41530.125	787.800293	24.657028
41530.16667	787.853333	24.656021
41530.20833	787.791992	24.657028
41530.25	787.462402	24.656021
41530.29167	787.48468	24.655563
41530.33333	787.63385	24.657486
41530.375	787.461304	24.654556
41530.41667	787.588318	24.657486
41530.45833	787.805908	24.655563
41530.5	787.914001	24.658005
41530.54167	787.93689	24.6595
41530.58333	788.043396	24.660965
41530.625	788.314331	24.658493
41530.66667	788.314331	24.657028
41530.70833	788.171875	24.655563
41530.75	788.04303	24.658951
41530.79167	787.744446	24.655563
41530.83333	787.579163	24.657028
41530.875	787.656982	24.657486
41530.91667	787.656982	24.657028
41530.95833	787.720154	24.657486
41531	787.755127	24.658005
41531.04167	787.854919	24.658005
41531.08333	787.887878	24.657486
41531.125	787.726624	24.655075
41531.16667	787.825439	24.655563
41531.20833	787.562378	24.658951
41531.25	787.620483	24.656021
41531.29167	787.504395	24.657486
41531.33333	787.292603	24.657028
41531.375	787.486023	24.654556
41531.41667	787.53363	24.65654
41531.45833	787.70343	24.655563
41531.5	787.711487	24.657486
41531.54167	788.045288	24.657486
41531.58333	788.194946	24.658493
41531.625	788.269897	24.656021
41531.66667	788.29718	24.65654
41531.70833	788.196228	24.656021
41531.75	788.030151	24.654099
41531.79167	787.573242	24.655563
41531.83333	787.52655	24.658005
41531.875	787.193298	24.654556
41531.91667	787.504395	24.658493
41531.95833	787.576416	24.655563
41532	787.611633	24.652634
41532.04167	787.672302	24.656021
41532.08333	787.577148	24.656021
41532.125	787.725891	24.658493
41532.16667	787.664917	24.658005
41532.20833	787.322144	24.65654
41532.25	787.303528	24.657486
41532.29167	787.196106	24.657486
41532.33333	787.152222	24.656021
41532.375	787.043823	24.655563
41532.41667	787.214966	24.657028
41532.45833	787.414124	24.655563
41532.5	787.55603	24.657028
41532.54167	787.604004	24.657486
41532.58333	787.955078	24.655563
41532.625	787.887146	24.65654
41532.66667	788.000549	24.654099
41532.70833	787.846191	24.655075
41532.75	787.659973	24.65654
41532.79167	787.338257	24.655563
41532.83333	786.887207	24.657486
41532.875	787.030151	24.656021
41532.91667	787.07489	24.659958
41532.95833	787.008606	24.65654
41533	787.117249	24.658493
41533.04167	787.158264	24.656021
41533.08333	787.307007	24.654099
41533.125	787.301331	24.658493
41533.16667	787.21814	24.655563
41533.20833	786.901672	24.65654
41533.25	786.960083	24.65654
41533.29167	786.806946	24.65654
41533.33333	786.844116	24.655563
41533.375	786.886169	24.657028
41533.41667	786.666077	24.658005
41533.45833	786.686157	24.657028
41533.5	787.006531	24.657028
41533.54167	787.214966	24.657028
41533.58333	787.39978	24.655075
41533.625	787.362671	24.655075
41533.66667	787.467407	24.655563
41533.70833	787.377625	24.656021
41533.75	787.148376	24.655563
41533.79167	786.853333	24.655075
41533.83333	786.830933	24.655075
41533.875	786.621033	24.65361
41533.91667	786.422974	24.655075
41533.95833	786.41626	24.655075
41534	786.707214	24.65654
41534.04167	786.629089	24.655563
41534.08333	786.916382	24.658005
41534.125	786.938416	24.653091
41534.16667	786.984009	24.656021
41534.20833	786.761597	24.65361
41534.25	786.766724	24.657028
41534.29167	786.439026	24.658951
41534.33333	786.493835	24.654099
41534.375	786.476929	24.654099
41534.41667	786.318909	24.657028
41534.45833	786.607544	24.654099
41534.5	786.858826	24.654099
41534.54167	787.162903	24.65361
41534.58333	787.174805	24.655563
41534.625	787.504395	24.653091
41534.66667	787.437256	24.655075
41534.70833	787.425537	24.655563
41534.75	787.403564	24.654556
41534.79167	787.014526	24.655075
41534.83333	786.875305	24.653091
41534.875	786.701904	24.653091
41534.91667	786.466064	24.654099
41534.95833	786.514221	24.654556
41535	786.690735	24.655563
41535.04167	786.792053	24.655075
41535.08333	786.88324	24.656021
41535.125	786.744995	24.655563
41535.16667	786.941956	24.654099
41535.20833	786.730164	24.655075
41535.25	786.713135	24.655075
41535.29167	786.580688	24.655075
41535.33333	786.39325	24.652634
41535.375	786.326782	24.655563
41535.41667	786.214478	24.654099
41535.45833	786.257324	24.654556
41535.5	786.320496	24.657028
41535.54167	786.696777	24.654099
41535.58333	786.878845	24.654556
41535.625	787.107727	24.653091
41535.66667	787.1651	24.656021
41535.70833	787.010803	24.65361
41535.75	787.053772	24.65361
41535.79167	786.778625	24.65361
41535.83333	786.499023	24.65361
41535.875	786.312378	24.655075
41535.91667	786.168701	24.652634
41535.95833	786.133789	24.657486
41536	785.992493	24.655075
41536.04167	786.216553	24.656021
41536.08333	786.338257	24.654556
41536.125	786.486084	24.657028
41536.16667	786.325867	24.655075
41536.20833	786.267395	24.654099
41536.25	786.323364	24.65361
41536.29167	786.190735	24.653091
41536.33333	785.99353	24.656021
41536.375	785.835876	24.653091
41536.41667	785.844238	24.65361
41536.45833	785.945984	24.65361
41536.5	786.119019	24.654556
41536.54167	786.349365	24.654099
41536.58333	786.430115	24.652115
41536.625	786.606689	24.652634
41536.66667	786.634155	24.65361
41536.70833	786.558594	24.655075
41536.75	786.563843	24.654099
41536.79167	786.298035	24.649185
41536.83333	786.131592	24.657486
41536.875	785.710144	24.654556
41536.91667	785.687744	24.652634
41536.95833	785.812317	24.65361
41537	785.829651	24.654099
41537.04167	785.721313	24.655563
41537.08333	785.943848	24.653091
41537.125	785.844666	24.653091
41537.16667	786.071045	24.651627
41537.20833	785.863403	24.654556
41537.25	785.9422	24.651627
41537.29167	785.798645	24.656021
41537.33333	785.692688	24.652115
41537.375	785.456482	24.653091
41537.41667	785.558228	24.652634
41537.45833	785.692688	24.653091
41537.5	785.751953	24.651627
41537.54167	785.94928	24.654099
41537.58333	786.084839	24.652634
41537.625	786.274902	24.65361
41537.66667	786.502808	24.654556
41537.70833	786.472778	24.654099
41537.75	786.410583	24.652115
41537.79167	786.244507	24.651627
41537.83333	786.015625	24.651627
41537.875	785.739929	24.654556
41537.91667	785.768311	24.652634
41537.95833	785.704102	24.651627
41538	785.581116	24.655563
41538.04167	785.658508	24.65065
41538.08333	785.792358	24.65361
41538.125	785.853516	24.651627
41538.16667	785.879517	24.651627
41538.20833	785.884216	24.654099
41538.25	785.770203	24.65361
41538.29167	785.659607	24.654556
41538.33333	785.554382	24.655563
41538.375	785.484375	24.652115
41538.41667	785.45813	24.654556
41538.45833	785.351318	24.65361
41538.5	785.696594	24.651138
41538.54167	785.838318	24.653091
41538.58333	785.98584	24.651627
41538.625	786.106262	24.652634
41538.66667	786.22052	24.651627
41538.70833	786.044312	24.650131
41538.75	785.96106	24.652115
41538.79167	785.998962	24.652634
41538.83333	785.831238	24.653091
41538.875	785.49292	24.651138
41538.91667	785.442871	24.652115
41538.95833	785.387878	24.651138
41539	785.256348	24.652115
41539.04167	785.351318	24.649185
41539.08333	785.543762	24.649185
41539.125	785.49292	24.651627
41539.16667	785.622925	24.653091
41539.20833	785.604309	24.651627
41539.25	785.645264	24.651138
41539.29167	785.479431	24.650131
41539.33333	785.272461	24.65361
41539.375	785.347961	24.651138
41539.41667	785.136414	24.649185
41539.45833	785.213989	24.653091
41539.5	785.528503	24.651138
41539.54167	785.684265	24.648666
41539.58333	785.757324	24.653091
41539.625	785.802734	24.65065
41539.66667	786.026733	24.65065
41539.70833	786.063477	24.65361
41539.75	785.98584	24.649185
41539.79167	785.86084	24.648666
41539.83333	785.751953	24.650131
41539.875	785.535767	24.650131
41539.91667	785.464111	24.651627
41539.95833	785.243469	24.652115
41540	785.42511	24.651627
41540.04167	785.475647	24.651627
41540.08333	785.469482	24.650131
41540.125	785.59314	24.648666
41540.16667	785.606018	24.653091
41540.20833	785.354126	24.653091
41540.25	785.428589	24.648666
41540.29167	785.129333	24.64772
41540.33333	785.272461	24.650131
41540.375	785.170349	24.651627
41540.41667	785.244568	24.650131
41540.45833	785.204956	24.650131
41540.5	785.40741	24.65065
41540.54167	785.491516	24.651138
41540.58333	785.657837	24.652634
41540.625	785.697632	24.651138
41540.66667	785.862854	24.652634
41540.70833	785.79541	24.652115
41540.75	785.547974	24.649185
41540.79167	785.42688	24.65361
41540.83333	785.260498	24.649185
41540.875	785.129333	24.651627
41540.91667	784.977844	24.647202
41540.95833	785.049927	24.648666
41541	785.024475	24.648666
41541.04167	785.203735	24.647202
41541.08333	785.279663	24.649643
41541.125	785.189453	24.653091
41541.16667	785.017151	24.648666
41541.20833	784.928223	24.649643
41541.25	785.039612	24.65065
41541.29167	784.876221	24.65065
41541.33333	784.789612	24.649643
41541.375	784.931213	24.648666
41541.41667	784.862793	24.649643
41541.45833	784.771362	24.651627
41541.5	785.029236	24.650131
41541.54167	785.007874	24.650131
41541.58333	785.288818	24.648666
41541.625	785.388184	24.649185
41541.66667	785.344604	24.650131
41541.70833	785.156616	24.65065
41541.75	785.220947	24.65065
41541.79167	784.920715	24.649185
41541.83333	784.969666	24.651138
41541.875	784.857483	24.651138
41541.91667	784.686401	24.649185
41541.95833	784.660645	24.64772
41542	784.738281	24.648666
41542.04167	784.80188	24.648666
41542.08333	784.774109	24.649185
41542.125	784.813293	24.648666
41542.16667	784.794373	24.649185
41542.20833	784.565308	24.64772
41542.25	784.672302	24.646713
41542.29167	784.668579	24.64772
41542.33333	784.592834	24.645737
41542.375	784.369629	24.646255
41542.41667	784.358459	24.649185
41542.45833	784.63562	24.648666
41542.5	784.53186	24.64772
41542.54167	784.852112	24.649185
41542.58333	784.916443	24.64772
41542.625	784.818054	24.648666
41542.66667	784.93811	24.648666
41542.70833	784.871887	24.648178
41542.75	784.692322	24.650131
41542.79167	784.544739	24.647202
41542.83333	784.656128	24.64772
41542.875	784.516052	24.650131
41542.91667	784.519775	24.646713
41542.95833	784.358459	24.651138
41543	784.4953	24.647202
41543.04167	784.356445	24.646713
41543.08333	784.490051	24.645737
41543.125	784.482849	24.648666
41543.16667	784.266541	24.647202
41543.20833	784.151855	24.646255
41543.25	784.180176	24.649185
41543.29167	784.193115	24.646713
41543.33333	784.005676	24.649185
41543.375	783.96228	24.65065
41543.41667	784.149231	24.648178
41543.45833	784.148071	24.64772
41543.5	784.190735	24.649185
41543.54167	784.345337	24.648666
41543.58333	784.435669	24.648666
41543.625	784.365479	24.646255
41543.66667	784.320007	24.650131
41543.70833	784.365479	24.648178
41543.75	784.238647	24.64772
41543.79167	784.325439	24.64772
41543.83333	784.294861	24.64772
41543.875	784.174316	24.64772
41543.91667	784.100586	24.64772
41543.95833	784.022705	24.649185
41544	784.020691	24.65065
41544.04167	784.235352	24.64772
41544.08333	784.25708	24.64772
41544.125	784.120239	24.647202
41544.16667	784.296631	24.646713
41544.20833	783.96228	24.645248
41544.25	784.078735	24.647202
41544.29167	783.770325	24.647202
41544.33333	783.969177	24.645737
41544.375	783.880676	24.648178
41544.41667	783.808228	24.645248
41544.45833	783.873169	24.64772
41544.5	784.041077	24.648666
41544.54167	784.375488	24.649643
41544.58333	784.442078	24.646713
41544.625	784.238647	24.65065
41544.66667	784.246765	24.648178
41544.70833	784.072021	24.646255
41544.75	783.982544	24.645737
41544.79167	783.718567	24.648178
41544.83333	783.696777	24.645737
41544.875	783.89563	24.645737
41544.91667	783.796082	24.646713
41544.95833	783.936401	24.645248
41545	784.100586	24.646255
41545.04167	784.093201	24.64476
41545.08333	784.013428	24.645737
41545.125	783.978638	24.645248
41545.16667	784.067261	24.64772
41545.20833	783.833679	24.647202
41545.25	783.641296	24.64476
41545.29167	783.576599	24.646713
41545.33333	783.489868	24.644241
41545.375	783.460571	24.64476
41545.41667	783.50293	24.647202
41545.45833	783.608154	24.646713
41545.5	783.50116	24.645248
41545.54167	783.766541	24.646255
41545.58333	784.177917	24.645737
41545.625	784.174316	24.644241
41545.66667	784.135925	24.64772
41545.70833	783.812378	24.645248
41545.75	783.809265	24.64476
41545.79167	783.547729	24.646255
41545.83333	783.347412	24.646713
41545.875	783.327271	24.645737
41545.91667	783.613464	24.643784
41545.95833	783.719849	24.64476
41546	783.367981	24.646255
41546.04167	783.646545	24.645737
41546.08333	783.879761	24.644241
41546.125	783.96228	24.645737
41546.16667	783.99054	24.646255
41546.20833	784.252808	24.644241
41546.25	784.052917	24.646713
41546.29167	783.765076	24.645248
41546.33333	783.696472	24.643784
41546.375	783.30719	24.643784
41546.41667	783.492371	24.64476
41546.45833	783.617859	24.645248
41546.5	783.588013	24.644241
41546.54167	784.060364	24.64476
41546.58333	784.041077	24.643295
41546.625	784.077942	24.643295
41546.66667	784.06781	24.641312
41546.70833	783.97699	24.646255
41546.75	783.825073	24.645737
41546.79167	783.622681	24.645737
41546.83333	783.375244	24.6418
41546.875	783.351196	24.643295
41546.91667	783.529297	24.643784
41546.95833	783.548767	24.646255
41547	783.64856	24.645737
41547.04167	783.566833	24.644241
41547.08333	783.718567	24.644241
41547.125	783.817749	24.645248
41547.16667	783.92157	24.64476
41547.20833	783.731201	24.643784
41547.25	783.449646	24.646713
41547.29167	783.538208	24.645248
41547.33333	783.340393	24.646713
41547.375	783.230225	24.645248
41547.41667	783.216431	24.645248
41547.45833	783.408813	24.641312
41547.5	783.572571	24.642319
41547.54167	783.997498	24.642319
41547.58333	784.181946	24.645737
41547.625	784.083618	24.645737
41547.66667	784.24115	24.640854
41547.70833	783.979858	24.643784
41547.75	783.941895	24.643295
41547.79167	783.618652	24.642776
41547.83333	783.515991	24.640335
41547.875	783.340393	24.643784
41547.91667	783.399719	24.644241
41547.95833	783.251526	24.645248
41548	783.431152	24.643784
41548.04167	783.419983	24.642319
41548.08333	783.665161	24.644241
41548.125	783.698486	24.643295
41548.16667	783.684082	24.640335
41548.20833	783.316284	24.643784
41548.25	783.364807	24.642776
41548.29167	783.115356	24.642319
41548.33333	783.008362	24.640854
41548.375	782.967468	24.645248
41548.41667	783.063965	24.643295
41548.45833	783.182678	24.646713
41548.5	783.393738	24.642319
41548.54167	783.371948	24.641312
41548.58333	783.554077	24.644241
41548.625	783.715515	24.642776
41548.66667	783.735718	24.639847
41548.70833	783.511902	24.6418
41548.75	783.405212	24.6418
41548.79167	783.030273	24.6418
41548.83333	782.989929	24.642319
41548.875	782.7099	24.639847
41548.91667	782.62439	24.641312
41548.95833	782.87384	24.640335
41549	782.824219	24.643784
41549.04167	783.051086	24.642776
41549.08333	783.017334	24.6418
41549.125	783.204285	24.641312
41549.16667	783.13446	24.6418
41549.20833	782.827332	24.642319
41549.25	782.75061	24.643295
41549.29167	782.569336	24.642319
41549.33333	782.560364	24.643295
41549.375	782.590149	24.640335
41549.41667	782.635986	24.643784
41549.45833	782.652893	24.641312
41549.5	782.781555	24.642776
41549.54167	783.200806	24.639847
41549.58333	783.161316	24.640854
41549.625	783.506348	24.642776
41549.66667	783.531128	24.643784
41549.70833	783.407227	24.643295
41549.75	783.285278	24.640335
41549.79167	782.832825	24.643295
41549.83333	782.86499	24.6418
41549.875	782.532532	24.640335
41549.91667	782.583801	24.641312
41549.95833	782.363464	24.639847
41550	782.482666	24.640854
41550.04167	782.690857	24.63884
41550.08333	782.776611	24.640854
41550.125	782.87207	24.639389
41550.16667	782.654297	24.640335
41550.20833	782.550903	24.640854
41550.25	782.471375	24.639389
41550.29167	782.355652	24.637924
41550.33333	782.427429	24.639389
41550.375	782.277893	24.642319
41550.41667	782.322449	24.639847
41550.45833	782.431091	24.640854
41550.5	782.587769	24.639847
41550.54167	782.727722	24.639389
41550.58333	783.104248	24.640335
41550.625	783.0896	24.641312
41550.66667	783.2724	24.641312
41550.70833	782.98822	24.639389
41550.75	782.803772	24.639389
41550.79167	782.510437	24.639389
41550.83333	782.274292	24.640854
41550.875	782.349548	24.637924
41550.91667	782.112244	24.637924
41550.95833	782.102905	24.6418
41551	782.161194	24.639389
41551.04167	782.331116	24.6418
41551.08333	782.462524	24.637375
41551.125	782.545532	24.640335
41551.16667	782.537903	24.640854
41551.20833	782.429565	24.641312
41551.25	782.325867	24.637924
41551.29167	782.316895	24.641312
41551.33333	782.403381	24.63884
41551.375	782.149109	24.641312
41551.41667	782.295227	24.639389
41551.45833	782.156372	24.638382
41551.5	782.404419	24.640335
41551.54167	782.661865	24.638382
41551.58333	782.844482	24.636917
41551.625	783.065796	24.637375
41551.66667	783.09137	24.640335
41551.70833	783.052124	24.639847
41551.75	782.999695	24.640854
41551.79167	782.855347	24.638382
41551.83333	782.465576	24.640335
41551.875	782.252258	24.640335
41551.91667	782.291199	24.638382
41551.95833	782.172607	24.636917
41552	782.370605	24.63884
41552.04167	782.319702	24.640335
41552.08333	782.379089	24.636917
41552.125	782.521301	24.639389
41552.16667	782.672913	24.637924
41552.20833	782.512268	24.637375
41552.25	782.31488	24.63884
41552.29167	782.230225	24.639847
41552.33333	782.219604	24.640854
41552.375	782.232056	24.63884
41552.41667	782.008484	24.637375
41552.45833	782.095337	24.637924
41552.5	782.192505	24.637924
41552.54167	782.582397	24.636917
41552.58333	782.809509	24.63884
41552.625	782.816589	24.636917
41552.66667	782.886292	24.638382
41552.70833	782.911926	24.63591
41552.75	782.825562	24.636429
41552.79167	782.635803	24.635452
41552.83333	782.412842	24.639389
41552.875	782.204407	24.638382
41552.91667	782.10083	24.636917
41552.95833	782.049133	24.636429
41553	782.21344	24.639847
41553.04167	782.097107	24.638382
41553.08333	782.388489	24.636429
41553.125	782.492188	24.637375
41553.16667	782.340149	24.637924
41553.20833	782.246094	24.636429
41553.25	782.327759	24.636429
41553.29167	782.087952	24.63884
41553.33333	782.014221	24.637375
41553.375	781.940186	24.63884
41553.41667	781.941772	24.638382
41553.45833	782.04364	24.63591
41553.5	782.123169	24.63591
41553.54167	782.192505	24.636429
41553.58333	782.363464	24.635452
41553.625	782.587769	24.635452
41553.66667	782.63031	24.638382
41553.70833	782.726135	24.638382
41553.75	782.657654	24.636429
41553.79167	782.333313	24.637375
41553.83333	782.126343	24.63591
41553.875	782.04364	24.634933
41553.91667	781.885315	24.634445
41553.95833	782.03241	24.63884
41554	782.03241	24.636917
41554.04167	781.917969	24.635452
41554.08333	782.027649	24.634445
41554.125	782.141113	24.634933
41554.16667	782.248474	24.631027
41554.20833	782.039673	24.635452
41554.25	782.141235	24.633957
41554.29167	781.936768	24.634445
41554.33333	781.787109	24.63591
41554.375	781.839661	24.636429
41554.41667	781.706177	24.63591
41554.45833	781.803589	24.636429
41554.5	781.864746	24.637375
41554.54167	781.936768	24.63591
41554.58333	782.0896	24.635452
41554.625	782.13562	24.635452
41554.66667	782.2229	24.63591
41554.70833	782.224365	24.636429
41554.75	782.139404	24.635452
41554.79167	781.972046	24.637375
41554.83333	782.014282	24.633469
41554.875	781.700012	24.63298
41554.91667	781.829712	24.634933
41554.95833	781.573181	24.632492
41555	781.56134	24.631516
41555.04167	781.615845	24.635452
41555.08333	781.778503	24.634445
41555.125	781.634155	24.63591
41555.16667	781.781982	24.633957
41555.20833	781.534546	24.633469
41555.25	781.499451	24.633469
41555.29167	781.547424	24.634445
41555.33333	781.393982	24.632492
41555.375	781.403809	24.634445
41555.41667	781.515991	24.633957
41555.45833	781.443481	24.634445
41555.5	781.488892	24.634933
41555.54167	781.599365	24.631027
41555.58333	781.617493	24.633957
41555.625	781.76947	24.633957
41555.66667	781.948242	24.634933
41555.70833	781.842896	24.634445
41555.75	781.929688	24.634933
41555.79167	781.621704	24.633957
41555.83333	781.461365	24.634445
41555.875	781.408997	24.632004
41555.91667	781.263062	24.632004
41555.95833	781.269409	24.630539
41556	781.285767	24.633469
41556.04167	781.257813	24.632004
41556.08333	781.295349	24.631516
41556.125	781.368347	24.633469
41556.16667	781.291138	24.633469
41556.20833	781.358643	24.633957
41556.25	781.33728	24.634445
41556.29167	781.259827	24.631027
41556.33333	781.173035	24.632004
41556.375	781.344666	24.632004
41556.41667	781.421448	24.634933
41556.45833	781.287109	24.633469
41556.5	781.452148	24.631516
41556.54167	781.357971	24.633469
41556.58333	781.410889	24.632492
41556.625	781.540344	24.631027
41556.66667	781.700012	24.633957
41556.70833	781.545593	24.629074
41556.75	781.600464	24.632004
41556.79167	781.379211	24.633957
41556.83333	781.281616	24.633957
41556.875	781.3302	24.632004
41556.91667	781.119751	24.631027
41556.95833	781.143188	24.630051
41557	781.117737	24.63298
41557.04167	781.09729	24.631516
41557.08333	781.258118	24.633957
41557.125	781.125	24.633469
41557.16667	781.24707	24.631027
41557.20833	781.066772	24.63298
41557.25	780.97583	24.630051
41557.29167	780.97583	24.634445
41557.33333	781.012878	24.632492
41557.375	781.036438	24.633469
41557.41667	781.030396	24.632004
41557.45833	781.095825	24.630539
41557.5	781.011292	24.633957
41557.54167	781.066772	24.63298
41557.58333	781.119751	24.632004
41557.625	781.173035	24.632004
41557.66667	781.163818	24.631516
41557.70833	781.127319	24.632004
41557.75	781.040955	24.633469
41557.79167	781.00647	24.630051
41557.83333	780.942871	24.630051
41557.875	780.926208	24.632492
41557.91667	780.950439	24.63298
41557.95833	780.953186	24.631516
41558	780.813171	24.630539
41558.04167	780.876282	24.628067
41558.08333	780.93457	24.630539
41558.125	780.78595	24.631516
41558.16667	780.679871	24.630539
41558.20833	780.596252	24.63298
41558.25	780.510681	24.629532
41558.29167	780.593567	24.632492
41558.33333	780.540405	24.629532
41558.375	780.50177	24.630539
41558.41667	780.71582	24.631516
41558.45833	780.961548	24.631516
41558.5	780.957397	24.628067
41558.54167	780.881531	24.628555
41558.58333	781.036804	24.630539
41558.625	780.926208	24.630051
41558.66667	781.13446	24.629074
41558.70833	780.950439	24.629532
41558.75	780.997925	24.634445
41558.79167	780.649353	24.631516
41558.83333	780.575317	24.630539
41558.875	780.55896	24.628067
41558.91667	780.464661	24.629074
41558.95833	780.590271	24.630539
41559	780.705017	24.629532
41559.04167	780.731995	24.631027
41559.08333	780.896667	24.629532
41559.125	780.770752	24.631516
41559.16667	780.664551	24.629074
41559.20833	780.531006	24.628555
41559.25	780.544373	24.630051
41559.29167	780.381287	24.628555
41559.33333	780.512451	24.630051
41559.375	780.312073	24.630051
41559.41667	780.398499	24.629074
41559.45833	780.579285	24.629074
41559.5	780.660461	24.630051
41559.54167	780.815308	24.629532
41559.58333	780.876282	24.629532
41559.625	781.095154	24.632004
41559.66667	780.905762	24.630051
41559.70833	780.852356	24.629532
41559.75	780.685974	24.630051
41559.79167	780.498474	24.628067
41559.83333	780.384155	24.630539
41559.875	780.384155	24.62706
41559.91667	780.450195	24.628067
41559.95833	780.35437	24.62706
41560	780.457458	24.630051
41560.04167	780.505188	24.629532
41560.08333	780.524414	24.626602
41560.125	780.548218	24.631027
41560.16667	780.338013	24.626602
41560.20833	780.256104	24.628067
41560.25	780.13855	24.62706
41560.29167	780.047363	24.628067
41560.33333	780.051636	24.629532
41560.375	780.095886	24.629074
41560.41667	780.114197	24.632004
41560.45833	780.188049	24.628067
41560.5	780.281921	24.62706
41560.54167	780.431885	24.625595
41560.58333	780.369202	24.626602
41560.625	780.391296	24.628067
41560.66667	780.245789	24.629532
41560.70833	780.143677	24.626144
41560.75	780.014404	24.629074
41560.79167	779.851135	24.625137
41560.83333	779.749695	24.627609
41560.875	779.679321	24.623672
41560.91667	779.939392	24.62706
41560.95833	779.980042	24.626144
41561	779.845337	24.62706
41561.04167	779.950439	24.625595
41561.08333	779.913025	24.626144
41561.125	779.690369	24.62706
41561.16667	779.802979	24.628067
41561.20833	779.457458	24.627609
41561.25	779.548279	24.623215
41561.29167	779.522156	24.625595
41561.33333	779.529968	24.626144
41561.375	779.243774	24.627609
41561.41667	779.470276	24.626602
41561.45833	779.86499	24.623215
41561.5	779.876648	24.625595
41561.54167	780.057373	24.62706
41561.58333	780.248413	24.627609
41561.625	780.190369	24.626144
41561.66667	780.128235	24.62706
41561.70833	780.002441	24.627609
41561.75	779.808044	24.626144
41561.79167	779.599976	24.623215
41561.83333	779.437561	24.626144
41561.875	779.347046	24.626144
41561.91667	779.321045	24.626144
41561.95833	779.489197	24.625595
41562	779.539246	24.622665
41562.04167	779.695618	24.626144
41562.08333	779.809937	24.62706
41562.125	779.802979	24.625595
41562.16667	779.721436	24.623215
41562.20833	779.579468	24.626144
41562.25	779.404175	24.626602
41562.29167	779.311096	24.622665
41562.33333	779.443237	24.62468
41562.375	779.277283	24.622208
41562.41667	779.348755	24.62413
41562.45833	779.546448	24.62468
41562.5	779.766235	24.625137
41562.54167	779.853149	24.625595
41562.58333	780.118103	24.62468
41562.625	780.026306	24.621201
41562.66667	780.037476	24.625137
41562.70833	779.944458	24.623672
41562.75	779.745361	24.62468
41562.79167	779.693359	24.626144
41562.83333	779.518799	24.622208
41562.875	779.385864	24.623672
41562.91667	779.258606	24.625595
41562.95833	779.352844	24.625137
41563	779.437561	24.621719
41563.04167	779.517212	24.623215
41563.08333	779.679321	24.625595
41563.125	779.686646	24.623215
41563.16667	779.686646	24.623672
41563.20833	779.566711	24.62413
41563.25	779.414673	24.622208
41563.29167	779.2547	24.625137
41563.33333	779.181458	24.625595
41563.375	779.170166	24.625137
41563.41667	779.262756	24.625595
41563.45833	779.518799	24.622208
41563.5	779.771301	24.623215
41563.54167	780.057373	24.622665
41563.58333	780.27832	24.626144
41563.625	780.355896	24.62413
41563.66667	780.339783	24.623672
41563.70833	780.165588	24.623672
41563.75	779.985107	24.621719
41563.79167	779.782776	24.62413
41563.83333	779.621643	24.621201
41563.875	779.334167	24.623672
41563.91667	779.284546	24.622665
41563.95833	779.289978	24.623672
41564	779.406555	24.62413
41564.04167	779.536743	24.619736
41564.08333	779.633362	24.621719
41564.125	779.749695	24.621719
41564.16667	779.665833	24.62468
41564.20833	779.651733	24.623215
41564.25	779.428711	24.623672
41564.29167	779.256714	24.619736
41564.33333	779.22345	24.621201
41564.375	778.902893	24.620743
41564.41667	779.076416	24.618759
41564.45833	779.225098	24.622208
41564.5	779.40094	24.621719
41564.54167	779.614746	24.62413
41564.58333	779.761963	24.621719
41564.625	779.894592	24.620743
41564.66667	779.817749	24.622665
41564.70833	779.815186	24.620743
41564.75	779.645935	24.621719
41564.79167	779.548401	24.622208
41564.83333	779.225098	24.621719
41564.875	779.055664	24.623672
41564.91667	778.874878	24.619736
41564.95833	778.817566	24.621719
41565	778.913147	24.623215
41565.04167	779.020874	24.620743
41565.08333	779.131226	24.620743
41565.125	779.151611	24.619247
41565.16667	779.114685	24.621201
41565.20833	779.081421	24.621201
41565.25	778.915283	24.620255
41565.29167	778.848816	24.620743
41565.33333	778.766968	24.619247
41565.375	778.604126	24.619247
41565.41667	778.696289	24.620743
41565.45833	778.773804	24.622208
41565.5	778.992249	24.619247
41565.54167	779.116943	24.619736
41565.58333	779.326782	24.619247
41565.625	779.55957	24.621201
41565.66667	779.64978	24.620255
41565.70833	779.621643	24.621201
41565.75	779.472534	24.619247
41565.79167	779.135864	24.621201
41565.83333	778.96344	24.619247
41565.875	778.72467	24.621201
41565.91667	778.627502	24.619736
41565.95833	778.631653	24.621719
41566	778.64032	24.615341
41566.04167	778.767944	24.619247
41566.08333	778.864258	24.620743
41566.125	778.974792	24.617783
41566.16667	779.160645	24.618759
41566.20833	778.944885	24.619736
41566.25	778.823242	24.619736
41566.29167	778.831177	24.620743
41566.33333	778.834229	24.618271
41566.375	778.662598	24.619736
41566.41667	778.653992	24.618271
41566.45833	778.766968	24.618271
41566.5	778.854614	24.616806
41566.54167	779.030334	24.619247
41566.58333	779.226929	24.620255
41566.625	779.385864	24.619247
41566.66667	779.494995	24.619247
41566.70833	779.377014	24.619247
41566.75	779.261169	24.619247
41566.79167	779.06134	24.618759
41566.83333	778.911682	24.617294
41566.875	778.793884	24.619736
41566.91667	778.642944	24.617783
41566.95833	778.587097	24.618271
41567	778.598145	24.619247
41567.04167	778.682556	24.618759
41567.08333	778.725769	24.617783
41567.125	778.791748	24.618271
41567.16667	778.793884	24.620255
41567.20833	778.802734	24.618271
41567.25	778.764465	24.616806
41567.29167	778.629944	24.618759
41567.33333	778.57019	24.618271
41567.375	778.598145	24.618271
41567.41667	778.644165	24.619247
41567.45833	778.581726	24.615829
41567.5	778.697632	24.617294
41567.54167	778.837036	24.616806
41567.58333	779.00769	24.620743
41567.625	779.143005	24.616806
41567.66667	779.232483	24.617783
41567.70833	779.210999	24.616318
41567.75	779.082886	24.618759
41567.79167	778.911682	24.618271
41567.83333	778.807068	24.619247
41567.875	778.635071	24.616318
41567.91667	778.572449	24.618759
41567.95833	778.472717	24.616806
41568	778.526123	24.617294
41568.04167	778.576355	24.618759
41568.08333	778.635071	24.616806
41568.125	778.769958	24.618759
41568.16667	778.701538	24.615829
41568.20833	778.697632	24.614365
41568.25	778.515686	24.616318
41568.29167	778.51001	24.617783
41568.33333	778.487793	24.617294
41568.375	778.431946	24.615341
41568.41667	778.373718	24.616318
41568.45833	778.410339	24.614365
41568.5	778.483643	24.615829
41568.54167	778.617859	24.616318
41568.58333	778.65918	24.613846
41568.625	778.786377	24.614365
41568.66667	778.868896	24.616318
41568.70833	778.950989	24.617783
41568.75	778.795959	24.615341
41568.79167	778.585083	24.617783
41568.83333	778.486206	24.615341
41568.875	778.448669	24.618759
41568.91667	778.385986	24.616318
41568.95833	778.347534	24.618271
41569	778.329346	24.614853
41569.04167	778.325623	24.616318
41569.08333	778.374939	24.616806
41569.125	778.304932	24.616806
41569.16667	778.262878	24.615341
41569.20833	778.281006	24.614853
41569.25	778.144714	24.61235
41569.29167	778.190674	24.615829
41569.33333	778.185242	24.617783
41569.375	778.147949	24.611893
41569.41667	778.035522	24.613846
41569.45833	778.114563	24.616806
41569.5	778.035522	24.615829
41569.54167	778.099365	24.613358
41569.58333	778.200073	24.614365
41569.625	778.312012	24.611893
41569.66667	778.284912	24.617294
41569.70833	778.404724	24.615829
41569.75	778.326782	24.615829
41569.79167	778.072754	24.617294
41569.83333	778.039978	24.6129
41569.875	777.958069	24.613846
41569.91667	777.854858	24.614853
41569.95833	777.853088	24.614853
41570	777.934143	24.613846
41570.04167	777.967834	24.613846
41570.08333	777.959656	24.615829
41570.125	777.889587	24.610886
41570.16667	777.886597	24.61235
41570.20833	777.864136	24.61235
41570.25	777.803284	24.613358
41570.29167	777.727295	24.615341
41570.33333	777.723938	24.615829
41570.375	777.744568	24.610886
41570.41667	777.787109	24.611435
41570.45833	777.735474	24.611893
41570.5	777.687073	24.611435
41570.54167	777.82959	24.610886
41570.58333	777.834656	24.614365
41570.625	777.97345	24.610886
41570.66667	777.956238	24.611893
41570.70833	777.912659	24.60997
41570.75	777.862366	24.614365
41570.79167	777.832825	24.614853
41570.83333	777.711609	24.61235
41570.875	777.795288	24.611435
41570.91667	777.533752	24.61235
41570.95833	777.559875	24.608963
41571	777.489807	24.613846
41571.04167	777.526489	24.610428
41571.08333	777.539185	24.611435
41571.125	777.587097	24.610886
41571.16667	777.541992	24.610428
41571.20833	777.54895	24.611435
41571.25	777.401489	24.610886
41571.29167	777.444885	24.6129
41571.33333	777.421814	24.61235
41571.375	777.272522	24.60997
41571.41667	777.272522	24.611893
41571.45833	777.447693	24.611893
41571.5	777.355164	24.60997
41571.54167	777.592651	24.60997
41571.58333	777.602356	24.61235
41571.625	777.735474	24.611893
41571.66667	777.775757	24.611435
41571.70833	777.620483	24.608963
41571.75	777.588989	24.611435
41571.79167	777.510071	24.610886
41571.83333	777.367493	24.609421
41571.875	777.308472	24.61235
41571.91667	777.356812	24.610886
41571.95833	777.307739	24.60997
41572	777.268433	24.607498
41572.04167	777.349365	24.611893
41572.08333	777.251404	24.60997
41572.125	777.213562	24.610428
41572.16667	777.174622	24.610428
41572.20833	777.178467	24.610886
41572.25	777.104431	24.607956
41572.29167	777.08075	24.608963
41572.33333	777.139038	24.607956
41572.375	777.18573	24.607498
41572.41667	777.154175	24.607956
41572.45833	777.280945	24.610428
41572.5	777.356812	24.610886
41572.54167	777.501709	24.6129
41572.58333	777.522644	24.613358
41572.625	777.67804	24.608963
41572.66667	777.572937	24.606033
41572.70833	777.567566	24.60997
41572.75	777.441772	24.611435
41572.79167	777.303406	24.610886
41572.83333	777.098755	24.607498
41572.875	777.060303	24.607498
41572.91667	777.010498	24.60701
41572.95833	776.99353	24.608505
41573	776.987976	24.610428
41573.04167	777.08075	24.609421
41573.08333	777.076294	24.60701
41573.125	777.025146	24.606491
41573.16667	776.991577	24.609421
41573.20833	776.897766	24.607498
41573.25	776.840759	24.607498
41573.29167	776.86261	24.608505
41573.33333	776.87384	24.605026
41573.375	776.912109	24.608505
41573.41667	776.99353	24.608963
41573.45833	777.140503	24.607498
41573.5	777.202454	24.608963
41573.54167	777.360962	24.609421
41573.58333	777.394409	24.610428
41573.625	777.458496	24.60701
41573.66667	777.375366	24.605515
41573.70833	777.401489	24.604538
41573.75	777.263062	24.608963
41573.79167	777.139038	24.606491
41573.83333	776.940552	24.60701
41573.875	776.890991	24.605026
41573.91667	776.842407	24.607956
41573.95833	776.87384	24.60701
41574	776.982727	24.607498
41574.04167	777.03064	24.60701
41574.08333	776.979431	24.60701
41574.125	776.94397	24.607498
41574.16667	776.930664	24.604538
41574.20833	776.860596	24.607956
41574.25	776.684998	24.606491
41574.29167	776.694763	24.602554
41574.33333	776.876221	24.604019
41574.375	776.800293	24.606033
41574.41667	776.928833	24.608505
41574.45833	777.034973	24.608505
41574.5	777.181274	24.606033
41574.54167	777.216858	24.607498
41574.58333	777.355164	24.606033
41574.625	777.381409	24.606491
41574.66667	777.313293	24.604538
41574.70833	777.227844	24.607956
41574.75	777.180054	24.607498
41574.79167	777.037659	24.604538
41574.83333	776.910278	24.603561
41574.875	776.79071	24.606033
41574.91667	776.727722	24.606033
41574.95833	776.860596	24.60701
41575	776.872131	24.603561
41575.04167	776.979431	24.604538
41575.08333	776.995789	24.608963
41575.125	777.021179	24.606033
41575.16667	776.934937	24.603561
41575.20833	776.820862	24.60701
41575.25	776.694763	24.605026
41575.29167	776.677795	24.601608
41575.33333	776.669128	24.602097
41575.375	776.709412	24.605026
41575.41667	776.750671	24.604019
41575.45833	776.781494	24.605026
41575.5	776.921814	24.601608
41575.54167	777.08075	24.604538
41575.58333	777.146606	24.606491
41575.625	777.176147	24.605515
41575.66667	777.157471	24.604019
41575.70833	777.065918	24.605026
41575.75	776.886658	24.606033
41575.79167	776.75415	24.606491
41575.83333	776.648804	24.603073
41575.875	776.635864	24.604538
41575.91667	776.674683	24.604019
41575.95833	776.66333	24.605515
41576	776.770752	24.606491
41576.04167	776.682495	24.605026
41576.08333	776.706177	24.605026
41576.125	776.707825	24.601608
41576.16667	776.614075	24.605515
41576.20833	776.514282	24.603561
41576.25	776.397644	24.603561
41576.29167	776.120911	24.603073
41576.33333	776.224854	24.602554
41576.375	776.263794	24.605515
41576.41667	776.440063	24.601608
41576.45833	776.506531	24.603561
41576.5	776.727722	24.600143
41576.54167	776.792542	24.603561
41576.58333	776.890991	24.604019
41576.625	776.949585	24.604019
41576.66667	776.907104	24.604019
41576.70833	776.781494	24.601608
41576.75	776.57135	24.603561
41576.79167	776.41217	24.604019
41576.83333	776.290466	24.600632
41576.875	776.199768	24.602554
41576.91667	776.222717	24.602554
41576.95833	776.350281	24.604019
41577	776.431152	24.603561
41577.04167	776.45166	24.603561
41577.08333	776.45166	24.603561
41577.125	776.43689	24.602097
41577.16667	776.344177	24.602097
41577.20833	776.176453	24.603561
41577.25	776.11969	24.602554
41577.29167	776.085754	24.602554
41577.33333	776.065796	24.601089
41577.375	776.003113	24.601608
41577.41667	776.07428	24.600143
41577.45833	776.195129	24.599625
41577.5	776.289063	24.599625
41577.54167	776.374023	24.599625
41577.58333	776.576904	24.602097
41577.625	776.611572	24.601608
41577.66667	776.602478	24.601608
41577.70833	776.44989	24.602554
41577.75	776.305725	24.602097
41577.79167	776.187622	24.602097
41577.83333	776.051331	24.599625
41577.875	776.015808	24.599136
41577.91667	775.937073	24.602097
41577.95833	776.029114	24.600143
41578	776.069458	24.599625
41578.04167	776.161743	24.600143
41578.08333	776.300659	24.599136
41578.125	776.224854	24.602097
41578.16667	776.189636	24.600143
41578.20833	776.015808	24.600143
41578.25	775.84613	24.599136
41578.29167	775.887207	24.602097
41578.33333	775.809387	24.601608
41578.375	775.743713	24.596176
41578.41667	775.711792	24.599136
41578.45833	775.858887	24.599625
41578.5	776.051331	24.601608
41578.54167	776.243286	24.599136
41578.58333	776.386414	24.599625
41578.625	776.453674	24.600143
41578.66667	776.488403	24.601608
41578.70833	776.45166	24.602097
41578.75	776.301819	24.600632
41578.79167	775.92804	24.600143
41578.83333	775.706421	24.599136
41578.875	775.704346	24.601608
41578.91667	775.670532	24.599136
41578.95833	775.73175	24.598648
41579	775.803711	24.599136
41579.04167	775.981384	24.600143
41579.08333	775.999756	24.599136
41579.125	775.948059	24.59816
41579.16667	775.931641	24.598648
41579.20833	775.803711	24.598648
41579.25	775.668823	24.599625
41579.29167	775.645081	24.59816
41579.33333	775.593872	24.597183
41579.375	775.530762	24.596695
41579.41667	775.668823	24.597183
41579.45833	775.757202	24.596176
41579.5	775.89093	24.59816
41579.54167	776.164063	24.600143
41579.58333	776.259583	24.599136
41579.625	776.396301	24.599136
41579.66667	776.432922	24.597183
41579.70833	776.368286	24.59816
41579.75	776.134277	24.599625
41579.79167	775.888367	24.599625
41579.83333	775.68219	24.596176
41579.875	775.487183	24.595718
41579.91667	775.475708	24.597183
41579.95833	775.457397	24.597183
41580	775.538635	24.598648
41580.04167	775.665527	24.596176
41580.08333	775.664063	24.597183
41580.125	775.799805	24.597672
41580.16667	775.76355	24.597672
41580.20833	775.639343	24.59816
41580.25	775.537048	24.597672
41580.29167	775.492493	24.598648
41580.33333	775.415039	24.597672
41580.375	775.37915	24.596176
41580.41667	775.446472	24.595718
41580.45833	775.504822	24.599136
41580.5	775.645081	24.597672
41580.54167	775.844421	24.596176
41580.58333	775.984558	24.59523
41580.625	776.123474	24.598648
41580.66667	776.166077	24.597672
41580.70833	776.205566	24.59816
41580.75	775.977844	24.59816
41580.79167	775.774902	24.597672
41580.83333	775.499329	24.596695
41580.875	775.433411	24.597672
41580.91667	775.322937	24.59816
41580.95833	775.350342	24.595718
41581	775.434326	24.596176
41581.04167	775.508545	24.59523
41581.08333	775.545288	24.597183
41581.125	775.55542	24.594711
41581.16667	775.584229	24.597183
41581.20833	775.538635	24.595718
41581.25	775.39978	24.595718
41581.29167	775.3396	24.59523
41581.33333	775.23761	24.596176
41581.375	775.11792	24.596176
41581.41667	775.18042	24.597672
41581.45833	775.244873	24.59523
41581.5	775.396667	24.597672
41581.54167	775.601074	24.597183
41581.58333	775.772705	24.594711
41581.625	775.933655	24.594254
41581.66667	775.937073	24.592789
41581.70833	775.901733	24.594254
41581.75	775.789978	24.594254
41581.79167	775.573303	24.594711
41581.83333	775.331421	24.59523
41581.875	775.230103	24.596176
41581.91667	775.132935	24.59523
41581.95833	775.07843	24.596176
