4.779066851724026492e+03
-1.117051068723196455e-01
-1.419101470026752632e-01
-1.788710594850688267e+03
-7.650408485244754957e+03
7.740528087479738133e+03
8.439400588784679712e+03
-2.939820068586334401e+02
9.960849614024799240e-04
2.048642413497087783e-02
-2.532634542299258204e-02
-4.004784261509598126e-02
1.962943226207612413e-01
1.704325811841614495e+03
-5.515710362906204864e+03
-1.124005260292423918e+04
2.523350313691972133e+03
2.101558307399339355e+03
1.695703341587027554e-02
2.109045228746506129e-02
1.566425514389143542e-02
5.772344292628481775e-03
