8.769858411094446637e-01
-6.176150035425962415e-01
1.469877162176999263e+00
-8.521238296648334654e-01
1.295590878714847349e-01
4.497327418928307452e-01
-1.639020877555822153e+00
-2.245912057101122628e-01
-1.769159164846314525e-01
-1.728341732630269689e-01
8.359164131477427873e-01
8.848937594048038591e-01
6.180016498547047377e-10
2.874308071750419913e+00
2.041707926466642675e+00
1.369162467553223905e+00
1.330242660480962513e-01
-1.418690730332627936e+00
-2.124574033279486684e+00
-2.480485083303619831e+00
-4.959996878839547207e+00
-1.736813058848611036e+00
2.719295180006611190e-01
3.498451529896556167e+00
-1.993856483753461362e+00
6.669577403733910614e-01
1.327618746181769893e+00
-4.456443456535907899e-01
-1.103979005397150104e+00
-8.061926454549848131e-01
-4.804415652308762219e-01
6.209581952937242022e-01
-1.417508628747327748e+00
1.336693034713789530e-01
9.765344355769229878e-01
1.367940255361418167e+00
2.866954673663713038e-09
5.096472488203744433e+00
1.507775508375061690e+00
7.082073452072563668e-01
1.242049920506133276e+00
-2.440241256324952701e+00
-1.726541878349507897e+00
-1.381276176743995165e-04
0.000000000000000000e+00
-1.110991117769799530e+00
-8.843473871856986079e-01
-1.414950445450813277e-04
1.103671703150439498e+00
9.810033350922822137e-01
-8.875310356070258422e-01
1.106959437292971415e+00
-1.511381580787428902e+00
-6.180498571989119228e-01
-1.746580287463075365e-01
-1.669306859626203732e+00
3.392128853040503600e-01
4.844492435665870289e-01
7.118368583512619807e-01
1.640009893479827952e+00
1.642692584540100142e+00
1.918768407904281048e+00
2.511787004073312346e+00
7.971682328075075930e-01
-5.777157693228218704e-01
-2.918444443060025151e+00
-1.209863217476140562e+00
-3.276772470915602753e+00
-3.501140308760113840e+00
2.717062483386598615e-01
1.344002347721016122e-01
9.719494987539292197e-01
-9.297336133156477445e-01
2.251055847559655376e-01
6.588360297564577195e-01
1.466570670780583896e+00
-1.245163401540594350e+00
-2.611663254504719589e+00
-1.786897158656302054e-01
-9.348087126240898215e-01
-2.608855821397355612e-01
5.317014601325809053e-01
2.965512011415739835e+00
2.796474513549355834e+00
8.367410702751385543e-01
1.910641217609281739e+00
-5.325182715127994015e-01
7.982721314660921053e-01
-4.826440077567895059e-02
-4.416557310746611620e-01
-2.703527705860778951e+00
-4.206575202913654721e+00
-2.525689079868243425e+00
-1.794336580035178486e-01
-1.435566809959709644e-05
-7.979759955399003957e-01
4.844492368804367288e-01
4.006066604072202608e-01
-8.707990124571551860e-02
-5.807775349362600537e-01
8.432025988831810537e-01
-1.553697055221618939e+00
-6.620590405555049074e-01
4.389807776774432568e-01
-1.768369735538726673e+00
5.800335829410414590e-01
1.058229076949146474e+00
1.810813281617811299e-01
2.216486668209881827e+00
3.275053290083178581e+00
1.729028031675170496e+00
4.471082396100882761e-01
6.671770160721735010e-01
-1.153837236854769799e+00
-2.053179739598590459e+00
-3.004795468499651179e+00
-2.303952783869817722e+00
-1.682601396074005606e+00
4.030008707768502063e-01
4.798005062559695943e-01
4.906647467307720945e-01
3.958559181003238336e-01
-1.319384652031658334e+00
1.858363308129810321e+00
-2.754418531686724236e+00
6.213992095472349320e-01
-1.905975503366335033e+00
2.294187718900957407e-01
-4.474672606017975340e-01
-3.360810296726413071e-09
-1.343784967032206623e-01
1.993994481380696016e+00
1.596184308270949259e+00
2.747376090880379707e+00
2.172799599098198087e+00
6.162707105579556810e-01
-1.240828297713960637e-01
-1.201915854057006072e+00
-3.147324198352407620e+00
-1.148876007438275337e+00
-2.616039782393272617e+00
-1.333981291985310236e+00
6.296724925714443089e-01
-8.085072152794055000e-01
4.507799270352279564e-01
6.272476990027371357e-01
7.738036652108348790e-02
1.420782325880054486e+00
-9.339368571315844747e-01
-1.546301454584636303e+00
-1.240628752335851459e+00
2.661141389426120440e-01
-1.152797389840088726e+00
5.035037049365200801e-01
1.352967786950557638e+00
7.549684909897678153e-01
1.285673141293727895e+00
1.421875350772324964e+00
1.989851496371557005e+00
7.096472400512539025e-01
1.731955636251768738e+00
-2.190754837221902562e+00
-1.818814498305073357e+00
-3.098889654236245406e+00
-2.061903848321662736e+00
-1.693592516088983757e+00
-4.153650576570271369e-01
-1.353210432820333153e+00
2.153107597921462002e-01
1.249329308759570267e+00
-6.633760751810768852e-01
-1.205087587570233154e+00
9.577583023590250377e-01
-1.929038701852050508e+00
6.736259076501482923e-02
2.189703502660904633e-01
-1.860324941403632693e+00
1.506839418108938844e+00
1.176537546884901531e-01
-9.811719093818283000e-02
2.522246192778538898e+00
1.602857343908226539e+00
3.035056429952646795e+00
4.503959958444738731e-01
-4.927970986248055851e-01
-1.236774851496647898e+00
-1.642332608956849072e+00
-2.214617034285083719e+00
-2.395002343800797462e+00
-5.331653672410539002e-01
-7.492027756145489548e-01
-1.345198819910820021e-01
1.681521457942380948e+00
-2.216918677645253410e+00
2.256052156351415761e-01
3.097672176641026454e-01
-8.058622536625534849e-01
-1.746224941308355483e+00
4.145188135764783510e-01
-1.233550885740442027e-01
-8.060597356982270867e-01
-4.173267032888361427e-02
5.330953520149250835e-01
2.039893284656727701e+00
1.637197028978334856e+00
2.974383041359260460e+00
5.746999469677120942e-01
1.416030707362779140e+00
-4.898162995043549017e-01
-3.706240048609288351e-02
-3.194576395201693231e+00
-3.193448614277940578e+00
-2.396646961260103126e+00
-2.971250978589523584e-08
-2.658630551964506594e+00
2.444766521216934052e+00
3.698107179843646009e-02
5.342294691213282931e-01
-6.605625017491547624e-01
-6.686585072000070795e-01
-1.326609218340990992e+00
6.618997085611226794e-01
-1.375737914592946254e+00
-1.114323773933165285e+00
-3.861702978608718695e-01
7.727381202448668773e-02
1.114939764608379846e+00
-4.030215763368687476e-01
4.127237760736306882e+00
2.745370955668931856e+00
4.486872722152384085e-01
8.832253361003949976e-01
-1.019310202319275049e+00
-3.494539080150616428e+00
-6.715863115357478819e-01
-2.349277798012053609e+00
-1.771359913620017323e+00
-6.660907279715502227e-01
4.858209507067385857e-01
-2.635862434860882786e-01
3.947444112370703806e-01
-6.667257158646862081e-01
-5.714026909749918559e-01
4.826253750479736482e-01
2.687956084946563351e-01
-9.308689782922101585e-01
-9.773458116462734324e-01
-1.241687510452038623e+00
5.326253010425716639e-01
-2.483441280908664339e+00
1.378380678222811184e+00
1.554052587613796277e+00
2.878545696837136347e+00
2.303333766010382533e+00
4.870455923060035275e-02
2.476481845341822918e+00
-8.822366306137610081e-01
-2.130021182019618209e+00
-1.153827708415974485e+00
-2.340917726256975584e+00
-4.568846527901769150e+00
-1.116846704686395242e+00
4.513743884053837974e-01
5.270402387664034904e-01
1.416750646236778266e+00
1.641210739960342835e+00
-2.080537345754692069e+00
2.258243273031894205e+00
-1.416456603175220152e+00
-2.617546661059577673e+00
-3.057595755640249990e-01
8.199440905877963814e-02
-1.503658850737565444e+00
4.917926248608637252e-01
-5.415059859358279937e-01
3.552897280087790932e+00
1.198152185635990463e+00
3.411893885086783484e+00
2.394833947477309266e+00
1.106959464126248349e+00
2.640943261606025771e-01
-1.416821728137165337e+00
-3.012214996533657541e+00
-1.813438861994200124e+00
-3.069122113815410557e+00
-2.075521974673392833e+00
-1.411435157026517118e-01
8.462894252691057773e-01
1.706503592965873395e-01
8.897672679570405307e-01
6.270943763145169214e-01
8.824813971377807320e-01
3.468391201895428821e-01
-1.096768487932422431e+00
-3.504343611216427234e+00
-3.638702222890515259e-01
-2.615381807470384956e-01
-6.605951454707792436e-01
9.219275962816482206e-01
3.108915490372964996e+00
1.728365754808692145e+00
2.802673808826966706e+00
1.678072461065994503e+00
9.006482281915850763e-02
2.607014877394249197e-01
-1.105542261269420123e+00
-4.227573738378168855e+00
-2.776861952371518782e+00
-2.929764276250125477e+00
4.053515118760060432e-01
8.810034528912638052e-01
2.002580946165153364e+00
1.303576053953747760e-01
9.318773033701290842e-01
6.622611154641617759e-01
-1.287496964456749993e+00
-5.822978540668373171e-01
-7.284691558504619024e-01
-3.035277135044225361e+00
-3.275984912727381015e-01
-1.130548366040102337e+00
-1.424070068874470962e+00
1.423842169850786377e+00
3.107878720386452187e-01
3.550491899445432864e+00
2.296068708056964169e+00
2.995975341328176000e+00
5.357091900850718957e-01
1.809259198851123074e-01
-3.910002977824433401e+00
-3.281713474915022744e+00
-4.676034326782655626e+00
2.552107677088542914e+00
-1.998248051871087227e+00
-3.391825122844693396e+00
1.907049186892891157e+00
-4.658026893446276517e-01
5.074575110411387868e-01
7.156652014948576834e-01
5.302135865586024011e-01
-4.304796657878114274e+00
4.490230764886291581e-01
1.081329481037982987e+00
-1.156600364281302973e+00
-2.128601065054454011e+00
1.934917124965750190e+00
7.118346536412900605e-02
-8.957406149311282206e-01
2.485265110228510821e+00
3.590696273136018135e+00
4.872705885425148153e-01
5.814974782501849404e-01
-8.475938176300132909e-01
-2.189703605550676002e+00
-3.905711507615478695e+00
-1.311870644319469648e+00
-3.067138868188976630e-01
-1.662107003223354695e+00
7.739111237538054411e-01
-1.792844089323125445e+00
2.987304915341610467e+00
-6.632307753125132876e-01
4.494182144094338582e-02
-1.123086128395016203e+00
1.841046519634801371e-01
-1.320546494477866872e+00
-5.309575402106929687e-01
-8.879483926482407696e-01
6.626898904814879643e-01
1.423927642463240772e-08
3.145176663731490407e-01
-9.945816448323512304e-01
1.728389669808848339e+00
3.942875334647624186e+00
1.525158940719848033e+00
3.861747009119881113e+00
-1.599035025310740821e+00
-1.815207910587105289e+00
-2.750011978397424173e+00
-4.440181512919480156e+00
-2.474846493744280451e+00
7.982720656257242808e-01
1.311549003394247848e-01
-5.954430075316849980e-01
4.185504932804633427e-01
1.020878122320937109e+00
-1.976644584374980695e+00
5.042236061970015726e-01
-1.191416975401125455e+00
7.963213065820582415e-01
-1.812598932799801332e+00
3.121649701743081096e-01
-1.602117982633899373e+00
1.683345257163637143e+00
-1.420533936067613467e+00
2.084244594191886790e+00
1.069258482703162372e+00
2.394350396999016084e+00
1.369631136547695860e+00
2.313918864491824934e+00
-1.068987726441037012e+00
-1.817667063709905051e+00
-2.837556971501498992e+00
-3.769399866715048120e+00
-1.328115173019114081e+00
4.358048123071966984e-02
-1.552859997794257652e+00
7.995754662665603973e-01
-3.980561270461748791e-01
1.463109989783561105e+00
-1.384397810609016233e+00
1.603503648166679341e+00
-1.416508967221716375e+00
6.666372698512077477e-01
-1.069978359841798010e+00
9.474719915806417703e-02
-2.440040764007335383e+00
6.191983898404487263e-01
1.725733377429833126e+00
3.174121657391424378e-01
3.144036407887824680e+00
3.408762111018631913e+00
1.074641462397494251e+00
2.189825024547644716e-01
1.728628881385475324e+00
-1.469699320933614217e+00
-1.551883847225326463e+00
-3.495404812707192832e+00
-3.020335301104069003e+00
-2.748188151668273349e+00
-9.140533063578004658e-02
6.236493911999332340e-01
-5.324213772005350620e-01
8.911507680734302994e-01
1.148230595737231852e+00
1.462898960076699950e+00
-1.320777747794181778e-01
-2.204851506010072626e-01
-1.110247157511366822e+00
-2.216422149772142802e+00
-4.925226857028519589e-01
-5.712502979317832796e-01
-4.105515161336370511e-02
2.347769376223595827e+00
4.121742214670348403e+00
3.983301505622875993e-01
2.927919619261729167e+00
1.466930683532609692e+00
-8.068734574289919692e-01
-1.312411464764409175e-01
-5.498943943723361372e+00
-1.237682052672653299e+00
-3.328325919268763755e+00
-5.291337431108331657e-01
5.290489799724582554e-01
1.070532646950596245e+00
-1.380873465010381551e+00
-3.611327287912899919e-01
-6.101617614783663157e-01
1.281617420023394516e+00
-5.289887607737000508e-01
3.529553149523962929e-01
-8.810414834665607486e-01
-1.113180365210837408e+00
4.429578461765686370e-01
-3.530117374989458767e-01
-5.327669910352597071e-01
1.374298703084832596e+00
2.837532957430767055e+00
2.705722092314999827e+00
2.082720930602818044e+00
5.349892432786873542e-01
-1.151868833921980695e+00
-3.550483424676258437e-01
-3.545740252640598555e+00
-2.275191679858608040e+00
-2.207500016002086340e+00
-1.368442547857057434e+00
-5.172525281864182034e-02
8.408077158890137071e-01
-5.774657630902311212e-01
1.019334644056016259e+00
-4.418688450405170443e-01
-1.463258910536069379e+00
7.135046893781691324e-01
-6.638217724866990466e-01
-1.557739355525427527e+00
3.074581108392067108e-01
-9.279347476806378836e-01
2.237340684794162371e-01
-3.595405506853239785e-01
1.602854409876499631e+00
2.655531527264884062e+00
2.350924307205104924e+00
-4.372397759475461498e-01
1.639020818449353101e+00
-1.150316711455161567e+00
-7.139440989119520964e-01
-3.856971351069660159e+00
-1.730023842808350309e+00
-3.419408168504105561e-01
-1.075113969463927788e+00
-4.255924300423430395e-02
1.152809168678004426e+00
-7.198943534835962055e-01
-4.804607279204446968e-01
4.804031010469316243e-01
-5.697863860737015784e-01
-1.550341486710522076e+00
7.061918659919683705e-01
-8.444204002996684721e-01
-3.069064714479736722e-01
-2.044249046227378130e+00
1.420782233898762570e+00
4.955384159306959191e-01
5.728152719148056349e-01
2.215046746872985750e+00
3.143218248946823223e+00
1.243798983819942805e+00
1.292608589793644569e+00
-4.872345571568530431e-01
-1.377659908869190986e-01
-3.679769510707046720e+00
-1.775026459611126484e+00
-1.800955978830415916e+00
-2.104799606688629865e+00
4.156087314913747832e-02
4.515426646237301611e-01
-6.686344747918155917e-01
5.888105657140840776e-02
6.097534132511555072e-01
1.204367632179355496e+00
-8.076383404184070969e-01
-2.038809209534065303e+00
1.336188999925525422e+00
-2.315066533806202642e+00
-8.668185024098420399e-01
6.935444676539646025e-01
-1.819313688120018924e-01
4.394514735918846782e+00
1.699448128845688188e+00
6.427291659379079647e-01
2.449326765944306317e+00
6.170146967342589051e-01
-3.521902453060192784e-01
-1.643984321749712763e+00
-2.836813016974929269e+00
-2.704618211955676088e+00
-3.012888727042309256e+00
-6.774418792704182124e-01
-1.666595526896799129e-01
2.274525262583665608e+00
-1.332181309551060622e+00
3.407828249971771584e-01
-1.640094370502538368e-01
1.691408627317059654e+00
-2.192393728930028374e+00
9.935370640253040619e-01
-3.740172632308713219e+00
2.671145112353315199e+00
-7.525004231672483002e-01
-8.997120182241360453e-01
-1.597592330398811100e+00
5.556992141563796395e+00
1.354139806802777457e+00
2.380479407536313374e+00
2.148572897219310107e+00
-5.163186065399258950e-01
-3.951140927858887153e-01
-3.079167127587652431e+00
-3.326757851080401451e+00
-2.661464336876406378e+00
-1.583921861396675013e+00
-2.277658239574975596e-01
-1.332812920117703470e+00
5.322506733973568771e-01
9.824573882960976334e-01
2.688356159726481565e-01
-1.293772942801979298e+00
2.596111787331665255e-01
5.496288147762697918e-01
-7.136480129381652660e-01
-1.374298033744707936e+00
-8.960785935839794547e-01
-3.454793850933128851e-01
8.414926401476350293e-01
6.162887237610448210e-01
1.999610555883464258e+00
1.199616058073615932e+00
1.597976274287930210e+00
2.171535661379721205e+00
1.182769412435391132e+00
1.450794578502154764e-01
-2.436384711327491459e+00
-2.481233499715472135e+00
-5.010260736920827185e+00
-3.076898369499758701e-01
-1.113198916037163144e+00
-1.036291252946739405e+00
1.518146105282539793e+00
-8.865369930124415987e-01
1.370445697888271752e+00
-3.165566407199094101e-01
1.258939229514453473e+00
-1.873812345240821742e-01
-1.589741950027018902e+00
-8.905687791457239655e-01
-1.425851083535917496e+00
-7.451161669928296760e-01
-9.461962971386128629e-01
1.881583114406794266e+00
1.679365096499395804e+00
2.477225793443494695e+00
3.330721221219619110e+00
1.029581008316199586e+00
1.238420918802830784e+00
-8.405823320188119396e-01
-2.351198465353490974e+00
-2.218334537965120035e+00
-2.406896354077616706e+00
-2.823865090467961636e+00
-4.482122288911796204e-01
3.983243696520730737e-01
1.747597508165199542e-01
1.816630609860567347e+00
-2.671478234522055573e-01
1.424141167952029718e+00
-2.680344954599149787e-01
-7.528289661934195465e-01
-1.204863608563755406e-04
-2.576817760007543257e+00
-7.951270132921308686e-01
-1.107919185877108248e+00
-1.460331160482837731e+00
3.944803736261292215e+00
2.393815294788282699e+00
1.728749724589079051e+00
1.735324647656852903e+00
1.198525671787820102e+00
1.292776975519700500e-01
1.296136040152759961e-01
-1.899507185995844338e+00
-3.107055390367804648e+00
4.697576108992507216e-02
-4.171864285063520583e+00
-1.818814583158882670e+00
-4.701007281300917384e-02
7.122644724477140699e-01
1.641228666625465848e+00
1.762391740869588830e-01
-8.400437820041588566e-01
8.015598129768477520e-01
-2.490857170969547951e+00
4.397853093948924652e-01
-7.499399594712485850e-01
-7.986522083449472120e-01
-1.813951746047678171e+00
3.507798548048413068e-01
1.462809955959983199e+00
1.600578058368228085e+00
3.144780358158641320e+00
1.691141074321876658e+00
2.832534519690852903e+00
-8.531306233203395095e-02
-5.290981465125241812e-01
-3.594444542473638649e+00
-1.156035611674724350e+00
-2.217145684714523668e+00
-1.999866765098204269e+00
-1.500599971403971722e+00
3.096223186944371264e-01
3.937455594320908858e-01
6.210463073878145224e-01
-1.188864003991511709e+00
2.523745612824541240e+00
-1.204367504053834637e+00
-4.837869810444317409e-01
-2.753981307020694658e+00
3.603070524973190913e-01
-1.194715939511524994e+00
-9.801831828326612595e-01
4.467482035656757944e-01
-6.652577605248097825e-01
9.732854793455771869e-01
2.168154500015816666e+00
1.645302231490859413e+00
2.088383223739583627e+00
2.308783288463473582e+00
-1.071171731279946471e+00
-2.483091373930392365e+00
-2.748548105423651577e+00
-2.007114784726354628e+00
-1.542801147357977243e+00
-1.105495577962301468e+00
7.538228498081025464e-01
-7.539113035234095150e-01
-4.026880741776039940e-02
3.507726340046701807e-01
-3.507758428629585978e-01
3.055051457211902743e+00
-2.439804932905190071e+00
-1.776870465981573943e+00
-2.164147505779965286e-01
-5.375312909095555369e-01
-1.271660258989868453e-01
-1.438732847503843004e+00
7.314557515105661878e-01
7.482930599398969207e-01
4.300071847751269161e+00
3.331611000253815291e+00
3.236717048880336733e+00
-7.143986845546805853e-01
-1.197009604169579688e+00
-5.352235550831210276e-01
-3.145140280210398487e+00
-2.893948593043205619e+00
-3.130855018318470684e+00
-1.295536433655570363e+00
-9.301228431700110377e-01
-2.678688426210555917e-01
1.197792115173115235e+00
-1.591929315161223712e+00
5.783611644121720019e-01
-9.334052639123910922e-01
2.489022895875450558e+00
-9.352655680620500789e-01
-4.925126177124639071e-01
-6.217799090825337771e-01
-1.817595435616112809e+00
6.715861674472307641e-01
3.910951671673501551e-01
1.641422518303897959e+00
1.598008161162852048e+00
2.842952899084139062e+00
5.765029850504106435e-01
8.857931232776081742e-01
-9.266607699905762274e-01
-3.159100192916184824e+00
-2.751475899380920964e+00
-3.719831778334992123e-02
-2.124773826897808249e+00
1.277896796425466164e-01
9.083569153722237388e-02
6.591745086100218032e-01
-4.368370055556169973e-01
-1.464280604341638536e+00
1.241957584426700123e+00
2.124214024475577389e+00
-3.557410046348650212e-01
-1.632248894553640639e+00
-1.872282206902355028e+00
-9.261616501387379685e-01
6.169157587246445473e-01
-9.355890847846239922e-01
6.234893062101036776e-01
9.980562458622443955e-05
4.703959476100408210e+00
1.561278690783410639e+00
1.940073747401811488e+00
1.824694029528473038e+00
-2.392295016764364846e+00
-1.372222866192714719e+00
-1.917326589633830736e+00
-1.373573645408214361e+00
-1.372059764718414954e+00
-2.311327051945227140e+00
-9.261967941176862951e-01
1.329931725497772277e+00
-1.865682602458491601e+00
1.999762560889848828e+00
-7.156238668269452319e-01
3.595871847385296860e-01
-4.876691570423190569e-01
9.769618961429387127e-01
-9.374129206753423205e-01
-2.032957656338112429e+00
-9.352693366695348232e-01
8.817613768881074066e-01
-5.326681500348513509e-01
1.650418655906605636e+00
1.547852176457126916e+00
2.662041836515982141e+00
2.659505940763438048e+00
1.021262373654963085e+00
-3.990223724592851795e-01
-1.556079808782669716e+00
-2.836093053920421880e+00
-1.420151746091733003e+00
-1.731683191657566567e+00
-2.345380341324471374e+00
2.220646883386052650e-01
1.597067499818876968e+00
7.016079126422027912e-01
-1.813117624283677287e+00
2.674057728872867301e-01
9.751379561994326650e-01
-1.460880104101079269e+00
1.107918108809371915e+00
-2.657379234658264977e+00
-1.472497061034346189e+00
-1.763956446109204990e-01
-2.680345529456644726e-01
-1.109459879119640391e+00
-1.107969524297004682e+00
1.777801640758752910e+00
7.507661627855668485e-01
-1.857671768115778832e+00
3.896544006037174768e+00
-1.507510751464224086e+00
-1.680049262641205132e+00
-3.419414364744852719e+00
2.926393843079722501e+00
-2.133083456565600500e+00
1.551883674828786752e+00
2.253041818426027021e-01
-5.309639324275394756e-01
2.217230490951351385e+00
-1.329689657158041882e+00
1.109403088074941479e+00
-6.170145564915401337e-01
4.170392633955088968e-02
6.661266511810026714e-01
-2.308039214479777002e+00
-3.414550247866145583e+00
-9.321784610317536135e-01
-2.292296953582990682e-01
1.826884064075784408e-01
4.833269011225638678e+00
-1.465826430194965724e+00
3.287572432056549587e+00
2.353054117306783155e+00
-2.662874727313464973e+00
5.812377733691391768e-01
-2.398946815764020357e+00
-2.750755922394773734e+00
-1.550516051541080742e+00
-8.472801012703712331e-01
1.197048136515149963e+00
-1.411070304299755662e+00
1.326566061627545423e+00
2.260067148941971027e+00
9.244614780527626863e-02
2.157267575496462086e-01
1.289680772802512365e+00
-8.017524156480249076e-01
-8.852723029731350834e-01
-9.308375307298319967e-01
-2.835196717220924256e+00
-9.287977497599513299e-01
1.105519457887794488e+00
-2.653810121159949631e-01
1.810877418520703941e+00
1.828701702946091245e+00
2.565791723372740307e+00
1.817906573037134876e+00
3.282457330426268527e+00
-1.507199951506208890e+00
-3.321769122542036712e+00
-3.552699772402320377e+00
-3.505451346639347321e+00
-5.260650205286765413e-01
2.189584460011246847e-01
-3.722290668584037121e+00
2.747092058034922957e+00
2.220518385005561868e+00
9.236219438078023813e-01
3.279195643886851030e+00
-2.875617639857409813e+00
1.511239874427246832e+00
-5.149773808220970750e+00
4.302639309970118120e+00
-1.462077490429237514e+00
-3.861569884136315522e+00
1.774897721673141859e+00
-2.969358608703259961e+00
5.321308419383058208e+00
3.732109512245415317e+00
-2.265082635159842539e+00
1.633677310697066787e+00
4.064555463721717388e-01
-8.036708187541989901e-01
-2.125256534880236359e+00
-1.110991172762396673e+00
-2.528372248694267910e+00
-4.486526645682715753e-01
-3.274393902806195911e+00
1.242474961769630681e+00
-2.530336951237131871e+00
2.530333311635786231e+00
3.855425472999286285e+00
-2.484126786569049727e+00
1.242068441171795712e+00
9.942994165612617508e-05
2.164319887353940430e-01
-2.130069472266768571e+00
-2.341355774871999529e+00
-5.804547113045828155e-01
-1.107679358077120924e+00
1.238593058094238586e+00
2.754462125380541693e+00
8.880010576895074337e-01
3.944631699521323753e+00
1.242823321797004610e+00
-4.874009169855071377e-01
-6.221154447816843458e-01
-2.882187420916125120e+00
-3.148068140460281938e+00
1.798871543610403023e-01
-2.399371038941353618e+00
-1.331437541491823140e+00
3.982536506762244244e-01
-9.278961868892565690e-01
2.832781177765127723e+00
1.814697621343839273e-01
-9.813098393965447030e-02
1.381977362934321718e+00
1.287504563675156533e+00
-6.670418961784889689e-01
-3.453083604352059410e+00
-1.505171548310272556e+00
-3.166328660331600986e-01
-3.072234226124237466e-01
3.368940147329567480e+00
-3.550447225536572660e-01
1.464338754966775014e+00
2.122337529206561157e+00
1.111443636735202745e+00
4.648433871193446976e-02
-4.647683875305119727e-02
-7.439995670210919343e-06
-7.063594529836336733e-01
2.654129600762189511e-01
4.933144661144979182e-01
-1.551139797732503212e+00
-6.203768933737592306e-01
4.873166913394015864e-01
8.345332184114795382e-01
8.898203876503885112e-01
1.192534355315501671e+00
1.205831532719685129e+00
-1.598167637346023184e+00
-8.403517841200027760e-01
7.056394640542293928e-01
-2.967596484739033258e+00
-1.290282954427311779e+00
-7.942404880127469369e-01
7.490725044328883087e-01
2.130383795052466667e+00
4.746796111806816043e+00
2.837709839910075971e+00
2.353366035584485871e+00
9.322774964421114419e-01
-2.665874632410577760e+00
-4.267337640158075374e-04
-3.238876709906435281e+00
-2.919943940847360864e+00
-2.485955210771408019e+00
-2.204464904805263359e-01
-1.864447211414244521e+00
1.196845496512878526e+00
2.588913411302655732e-01
5.238034463764051907e-02
5.767763488033779140e-01
2.344660328009922523e+00
-1.239597844537001947e+00
-2.702838299147515499e+00
1.343890893101615802e-01
-6.217057237040535256e-01
-1.071267457168687542e+00
-2.171586754827785626e-01
7.128845013694444788e-01
2.660633963135524027e+00
3.140388741687502261e+00
1.778630744666543251e+00
2.040812548372969104e+00
1.647084255563868282e+00
-1.777996583098229166e-01
-1.148836416022049889e+00
-3.773505970001679088e+00
-1.465267598677201022e+00
-1.645626402759717166e+00
-5.284137906837713672e-01
-5.800054685992108716e-01
-1.195052766233175134e+00
1.318213782760722097e-01
2.304217718494328437e+00
7.613607910489008646e-01
4.427166009536449565e-01
-8.062354971798413317e-01
1.559198850081656929e+00
-1.647468017690925990e+00
-8.796151131234637432e-01
-1.287380704899760531e+00
-1.950275939556831872e+00
1.949963708153518382e+00
2.478456013296181482e+00
2.529589629800739203e+00
1.868687423935398328e+00
1.412387007831284791e+00
1.825797912071266182e+00
-1.647550081528379451e+00
-2.602797332501722849e-01
-2.355627427509489280e+00
-3.683694964396636351e+00
-2.348365485897602412e+00
-1.019438522624568577e+00
9.314012815189016692e-01
1.597925009980144750e+00
-3.544515293003769330e-01
3.003522839985635073e+00
5.823847488272804185e-01
6.235901103261767275e-01
-4.385998606526300136e-01
-2.267278081586482585e+00
-3.149148016035951514e+00
-3.058730541373961387e+00
2.570318271363021267e+00
1.775617997613835541e+00
8.455748244402911951e-01
4.340847072397991724e+00
1.827957912556939846e+00
1.104113630682149960e+00
4.883366854453470296e-01
9.766018427433209581e-01
-7.157512291266812099e-01
-9.255305292681441642e-01
-4.166426492204664100e+00
-3.326081202030991335e+00
-2.266276225310548398e+00
9.740338831777535233e-01
-2.167902984199599814e+00
9.305649093632837321e-01
-3.152867021815382031e-01
1.954125951383957727e+00
8.784080145255757088e-02
3.090472628653060383e-01
-4.777867728134879144e-01
-1.294636406548988816e+00
-2.044396402935717560e+00
-1.328207091015656260e+00
-8.553257910739375802e-02
1.060091123270012758e+00
-2.042300196787664390e+00
4.486410410595453868e-01
3.325293801605766930e+00
9.258940570668983128e-01
1.779940060131593782e+00
6.653468401755162631e-01
-2.394571414987694880e+00
-9.763432570455279347e-01
-2.927981642086024294e+00
-1.591179748608738009e+00
-9.362786115832477662e-01
-1.596928205197855277e+00
3.521117633556514193e-01
5.096038133183355967e-02
7.111350685902380064e-01
2.091114702736831532e-01
-1.054646470710849826e+00
1.148715966848385506e+00
-2.219168784789872007e+00
1.070452686714361334e+00
-8.912885755798924947e-01
-2.088601037482476386e+00
2.717536623965770559e-01
-1.193376438996665456e+00
-2.736037623437823640e-01
4.832475917744659455e+00
-7.016075272697435139e-01
3.547583939116748297e+00
1.590663789475229351e+00
1.959803192658000626e+00
-1.110745265616060351e+00
-1.286673747460099548e+00
-3.064578722466421823e+00
-3.589998726818521391e+00
-2.441734478094076621e+00
-1.333645377793573061e+00
4.897988028244526504e-01
-7.956895280567550799e-01
1.507559250402209727e+00
8.691480593370215502e-02
3.098298740962945885e-01
3.614110838543638238e-01
-3.196238956027173117e-01
-8.757916318336356198e-02
-1.502063745436089448e+00
-2.082794873701459437e+00
3.014185944728069444e-01
-2.673145787487101188e-01
3.242987469152012636e+00
-2.169928574451205350e-01
3.015502554196473284e+00
3.944802000789195517e+00
6.314311865480704000e-04
1.592872468625500915e+00
7.522151397408833873e-01
-3.807383364981888008e+00
-1.463979031468170433e+00
-2.039598738275117285e+00
-1.871654353695021200e+00
-2.915910660138479216e+00
3.457911496257111139e-01
4.490233617107151076e-01
8.455003344715805724e-01
1.747357340254893643e-01
-7.562119909046032262e-01
1.863138780044209852e+00
-1.719272832453953015e-01
-1.691211436249659528e+00
-2.390424720793362212e+00
-4.338447425175218086e-02
-4.032068881151644746e-01
-2.222942281805444509e-01
-1.779794479261909146e-05
3.552623769184947378e+00
8.872571925937791093e-01
3.984537213519843135e+00
4.123453556121830843e+00
1.801538445536152722e-01
-9.248935185553364136e-01
-1.511499958697868351e+00
-2.175473918667194084e+00
-2.352349648086374145e+00
-1.645024424252824247e+00
-1.818814483403457416e+00
-1.412031611925385732e+00
-1.379380033420147811e-01
-8.128150118477606156e-02
1.192914531095766506e+00
-4.485703598902546219e-02
2.037076896710232177e+00
-1.015546306230135087e+00
7.143173593854044157e-01
-2.574633812093679808e+00
4.911871975677968294e-01
-2.935097144018072868e+00
9.300933366450863105e-01
1.161152604778862951e+00
2.789609679162140310e+00
6.210464601945204777e-01
3.988547249328576072e+00
2.267102324788993428e+00
1.421886305276530038e+00
-8.464226414066615689e-01
-1.999287379678435173e+00
-1.241708713820571575e+00
-2.875127186326608353e+00
-1.162468155501301226e+00
-1.855795489918136809e+00
1.767031018150646560e-01
-1.283899603517738797e+00
-4.434605795167954057e-01
8.527083757599029923e-02
1.732933539310351989e+00
5.723302916126158379e-01
3.570606739372124139e-01
4.764914776455952961e-02
-2.264098716209900886e+00
-1.378376658685510847e+00
-8.439645648672922107e-01
-7.957043468863957969e-01
6.114064054459049657e-01
3.868369622280170006e+00
1.065226971787296861e+00
2.749157217191395830e+00
2.435743907700498312e+00
8.023039266265641345e-01
1.236562299227443873e+00
-3.081540393982322712e-01
-3.411350880500549465e+00
-5.817240612727800908e-01
-3.324548852207726668e+00
-1.550420087523889379e+00
-3.999481352132079337e-01
7.103839470753428031e-01
-5.383008504231838742e-01
4.427780411401727179e-02
-1.263528963781936909e-01
-7.957042976972843462e-01
1.944201048207787608e+00
2.709592221924594924e-01
4.408687187810755859e-01
-2.837654438036224747e+00
-1.772902139844973135e+00
-1.201079953004864365e+00
1.110086110697466211e+00
1.284105631233160238e+00
2.659947109012591682e+00
2.800540697660608203e+00
6.200802391617799003e-01
1.057163396571922931e+00
-7.040346366468384076e-01
5.737512431480809028e-01
-3.012934715832216170e+00
-1.869829956082412536e+00
-2.171915136864527085e+00
7.103909678598938626e-01
-1.192864153353639267e+00
-9.311029008026707743e-01
9.006472348869465350e-02
-6.693176411795320746e-01
1.290420762274152366e+00
-9.738411205921693181e-02
1.024100260258137496e+00
-6.209320142097567441e-01
-1.720902643028239254e-01
-1.376025503121809379e+00
-1.424044175966855619e+00
8.677695151095576875e-02
-1.105400094579863435e+00
2.881910839495958498e+00
2.170722392371999376e+00
3.549277658304390570e+00
2.049160007777118153e+00
1.327405858525935400e+00
1.859424640012775853e+00
-1.684622234159633081e+00
-2.651523809508034901e+00
-6.618784783938963301e+00
1.465604369717311783e+00
-2.262274752898974839e+00
6.226631497834205220e-01
4.417476758990233066e-01
1.061915002581145018e+00
9.308480285158111656e-01
9.281299375516027794e-02
-1.376481776484069997e+00
2.184707917169816938e-01
-1.014372935975416112e+00
-2.533597203390627328e+00
2.202258435390831437e-01
-1.948572572912553369e+00
1.197767952674894332e+00
-4.030395567531286360e-01
1.297063370867590493e+00
2.924693907319351638e+00
1.110392466531266109e+00
1.372737620482212151e+00
1.109551254854522995e+00
5.800520007517206977e-01
-2.404802982715409598e+00
6.280055402337438863e-01
-3.382472222442629572e+00
-2.081341340861172284e+00
-8.883610175403191533e-01
-8.799382794445591571e-01
7.513230915697022283e-01
8.429565568153520871e-01
1.463569212355423588e+00
-1.289549620638354099e+00
8.912885380441366578e-01
-2.621580942957734806e+00
8.920202458270978241e-01
-1.237316859138445579e+00
-9.457195193772349739e-02
-2.126222968178808514e+00
5.719700449224092154e-01
-4.433792143609025516e-01
2.711352814953443158e+00
5.140100613706181321e+00
9.344620565814238944e-01
1.114541446665270996e+00
1.589944769424391779e+00
-6.618547131727154920e-01
4.784602215318045637e-02
-3.640196512374814120e+00
-2.083326018250090783e+00
-2.533797278675137932e+00
-1.728365790194402507e+00
-1.327437913920221035e+00
4.802434813700529048e-01
1.599495957425233428e+00
4.006959524792819138e-01
1.509208013656007097e+00
-4.437963513137219707e-01
-7.524830795321122423e-01
2.203195264630721795e-01
-1.279049564442402698e+00
-1.566523655068976950e+00
-5.689547216759365256e-01
-1.293736446990124023e+00
8.460729423456996301e-01
1.995615313069720287e+00
2.215766722160651625e+00
2.668694230520259225e+00
1.859683057176880538e+00
-3.951042227340622048e-01
-2.259554703143749066e-01
-8.013001074716612493e-01
-2.795056245711975862e+00
-2.387913574077174417e+00
-3.420789982915266592e+00
-9.766020557922274747e-01
1.026237497354941297e+00
1.059260221059275864e+00
-1.149819847720664256e+00
7.915411963961105357e-01
-6.147532222678364633e-01
-8.444204289930894447e-01
-3.171528558109457663e-01
-7.031787083992639964e-01
9.806334216748382460e-01
-1.113391221091433181e+00
-8.450261896939537110e-01
-7.971682301520104375e-01
2.658566548927183248e+00
9.709760967780312058e-02
2.253491556391509221e+00
3.947668501518819539e+00
1.773823814116894937e+00
1.027501856753133325e+00
-1.425337527125975612e+00
-4.257443868628115524e+00
-4.430077823872125009e-02
-3.503346699468693259e+00
-2.572088650793830311e+00
9.773215421430450078e-01
-2.171934022874211223e+00
1.750682700871948327e-01
7.580033149502014567e-01
2.033663139709460665e+00
-1.102690356223774870e+00
5.283896031605763710e-01
-2.663339307665637534e+00
-3.076743567323774187e-01
-1.336693198531975213e-01
-1.107985328144195591e+00
-4.030173445528362208e-01
4.456442827981845767e-01
-2.679774076877947664e-01
3.332836835273610632e+00
2.610511215085125514e+00
2.350176836063610608e+00
1.109992121059804049e+00
7.063595225715744164e-01
5.862827143826052634e-01
-3.467569880603832644e+00
-7.048958235448026244e-01
-3.364269867096709277e+00
-3.558274301720985022e+00
-1.765061434962262865e-01
-1.949773995382201974e+00
1.758478473461764224e-01
1.726541755317384741e+00
2.238544434949290007e-01
2.795699595740416044e+00
2.481233525940979234e+00
-4.702574648899826570e-02
-2.342287376134436272e+00
-1.202183914880379234e+00
-1.463981913624593290e+00
-1.458114240747818258e+00
-4.427166626289817941e-01
2.566329694218211444e+00
1.508834734498577745e+00
3.279529497766134227e+00
2.931681325204181121e+00
6.673332433483665227e-01
2.171466163626291745e+00
-7.962106160957773682e-01
-7.490234353890627972e-01
-4.086224837311419833e+00
-1.992944219725131916e+00
-2.800350779837572190e+00
-3.969524347783135454e-01
-4.390415056416259176e-01
-6.244542323609039158e-01
4.005998703671593830e-01
2.080499012748077803e+00
-1.195346837408351348e+00
2.484184971433251121e+00
7.108931561922418041e-01
4.769217388006836700e-01
-2.701319640150813939e+00
-1.318733236575553747e+00
-1.075410998940014906e+00
-2.167410519563873095e+00
1.239611952355062385e+00
8.860624098458629305e-01
3.101559697158108975e+00
2.483490823778311096e+00
3.416053275224612662e+00
-7.547152869656201801e-01
9.074102526142269198e-02
-2.834457234577484996e+00
-2.975953912228078480e+00
-2.610900366325040522e+00
-2.625777737861653804e+00
-4.247681073138664942e-02
-5.309184054028719402e-01
5.309149608083316707e-01
-8.836091966056756064e-01
1.463454938100085201e+00
8.373029475546900358e-02
9.769617704778283951e-01
-8.925946126055350760e-02
8.052816320225701929e-01
-2.577561519698519987e+00
-1.245846994867179092e+00
4.055685470118532976e-01
-2.400695715390611440e+00
-2.158457265957167692e-01
2.305981286595397250e+00
3.506191406532479959e+00
2.791825870663387832e+00
1.064654824119088516e+00
1.950299903394125067e+00
-3.064177232460679079e+00
-2.433610384037137919e+00
-2.400671948874560258e+00
-3.640481458940485027e+00
-8.798467195813373110e-01
9.409639221189536329e-02
-1.510742600813046010e+00
2.395149938807435319e+00
-1.596183976186466680e+00
2.263429788722760350e+00
-7.664855517223259085e-01
3.163905992541913292e-01
-9.728509095218669245e-01
-4.901397125186122139e-01
-6.210463054362662660e-01
-8.938743254975634045e-02
-1.023206217693996223e+00
-1.280177564455925676e+00
7.029129297372946894e-01
1.468600427754836346e+00
8.905688025315612322e-01
2.038808925822195306e+00
4.122014050355574000e+00
-1.325410422730328719e-01
-2.577725932004796050e+00
-3.494206532145653910e-01
-1.013582857871824672e+00
-2.222989291798739941e+00
-4.437739508243566888e+00
2.204459746237716899e-01
1.559815935877622906e+00
-3.586222516382804315e-01
7.924165101453581883e-01
1.472558947473316948e-01
1.208635548707661655e-01
1.015132511383853853e-08
3.548071964789869526e-01
1.827927881379309838e-01
1.721142317533121968e-01
-2.792275179162061249e+00
-7.061429776781551482e-01
1.366234526424932483e+00
-4.795497938500830060e-01
8.824991332905938179e-01
2.531029378258836005e+00
4.571998763713963854e+00
1.641347793663044285e+00
-1.373168640363928716e-01
2.084871218433363538e+00
-2.170946031129005860e+00
-4.699567819891626641e+00
-8.070072246275685757e-01
-7.043610798814370355e-01
-3.418310304264650767e+00
2.006620944704764042e+00
-1.163870601115149839e+00
-9.766018878246995882e-01
2.400401476383649424e+00
7.108562515402354620e-01
2.796520100183215618e+00
-2.399535842121395035e+00
4.866717609340867057e-01
-1.286752907937398049e+00
-1.376474695426622930e+00
-2.203549547630245797e-04
-2.131173323334451197e+00
1.208131875768913233e+00
3.100094209437429527e-01
4.652699410778950551e+00
2.353267920150756254e+00
1.505128566129087631e+00
2.434389168782672641e+00
-6.175141446310590254e-01
-1.021826806436138213e+00
-1.994600348001995371e+00
-2.877011158713685290e+00
-1.998148408731822201e+00
-1.912551003255430260e+00
-2.391874256542905641e+00
2.305656887328268567e+00
-3.577631481678054115e-01
2.251512967391136044e-01
-1.146563849278663838e+00
1.279073463536178679e+00
3.581971061003059731e-01
-1.734686518282614998e+00
7.136786927242155798e-01
-9.782902103497690405e-01
-7.549085674788784672e-01
-1.067434577966650977e+00
-3.963115654801185883e-02
1.993649494640976627e+00
2.494072430470623658e+00
2.561789632604813960e+00
2.713681873610312323e+00
-5.567530367238759936e-02
-7.949251918187201227e-01
-3.959832323910177365e-01
-2.174393892514672189e+00
-3.276129659954449380e+00
-2.626628251536203607e+00
-8.400289545907071442e-01
-3.515630013944246457e-01
7.166076621997490292e-01
3.896328581558918813e-01
1.240536598915468858e+00
-2.600249164630668020e+00
3.041132211763624582e+00
-1.154235607780947248e+00
-1.411552708612134666e+00
-1.247271939064376056e-07
-5.792672585957916453e-01
1.343072466947887733e-01
-5.371969647624155186e-01
-1.050162897663767581e+00
2.248007674862492422e+00
1.244660516184922017e+00
3.503442792495434333e+00
3.415472587208114419e+00
2.654910407102306635e-01
-1.627542161365909124e+00
-5.876605234473117889e-01
-2.712670796983729815e+00
-1.901288890091336725e+00
-1.766536207615445164e+00
-5.390209878476071026e-01
-5.283905802477875113e-01
-7.596125216168729821e-01
1.754018842377718101e-01
-7.553610148829648097e-01
-1.740729216878662555e-01
7.539715991176763055e-01
2.186653860997012089e-01
-4.408929612204701698e-01
-2.032301273001394293e+00
3.524367813038224995e-01
5.720724006653199467e-01
-8.898246825176556740e-01
9.354669516731064505e-01
8.556057052016967646e-01
3.488240703414021482e+00
2.667332370539952535e+00
-4.382929572461762291e-01
7.177344768022067001e-01
-3.272981057530159887e-01
-1.679500258725511230e+00
4.522436276363350771e-01
-2.797723848866326080e+00
-1.343343808982808696e+00
-2.030861468692592098e+00
-1.685556815518111762e+00
5.277209683192495504e+00
-3.731412668700158974e+00
-2.561888732037687078e+00
1.402917752337771162e+00
-6.935443256288635894e-01
4.495604680639644357e-01
3.849599501684224379e-01
-4.419725667996772245e-01
-5.829500711222408427e-01
-1.810653161607888251e+00
-2.628991094459252054e-01
-3.057561064676974638e-01
3.231742754768447412e+00
3.050299992573627605e+00
1.736174373184212527e+00
1.419709799856263999e+00
1.584113255818692778e+00
-1.226868678092387199e+00
-1.420348317111802317e+00
-1.304645138588966802e-07
0.000000000000000000e+00
-2.434943775885358264e+00
3.145665815816300892e-01
-1.068043802612464788e+00
-2.616509789716019441e-01
-4.892248410028514627e-01
2.628627249596320326e-01
1.644689939981844873e+00
-2.000815597896007603e+00
-1.055775240649381885e+00
-3.136329804897286522e-01
-5.833453073844339087e-01
-7.034221074145534658e-01
-5.768805607278864045e-01
1.016870502541905807e+00
-4.567922949104286090e-02
2.259136463553204521e+00
8.466284009714399872e-01
2.971752025125624641e+00
3.377299469465015136e+00
-4.979569733791322506e-02
3.588345594960173912e-01
-1.517534406277491144e+00
-1.989464798779636112e+00
-2.749951084252188593e+00
-2.527664022364206176e+00
-1.950276031807561594e+00
1.982910294226485348e+00
-2.293626283815910938e+00
-2.640030697948532179e-01
5.744708751590223983e-01
-1.194867908034666470e+00
6.573072416799732309e-01
8.923497835426132951e-01
-9.878890444572334673e-01
-1.004055674028450085e+00
1.023307729764383112e+00
-7.611880769020444859e-01
-9.381569307893187215e-01
1.507747446167741145e+00
2.046985219918497023e+00
1.016894745542685996e+00
4.259879423271968335e+00
2.663049772660087910e+00
2.164149179309333704e-01
-2.299054568067276705e+00
-7.518320271724405757e-01
-1.567986483763888828e+00
-2.741878612083155531e+00
-1.329798849216786039e+00
-2.171442204732329628e+00
-1.416811106819068300e+00
3.498900853028089841e+00
-1.107702946020026502e+00
1.821171680343923072e+00
4.459559391216316726e-02
8.605711145514760574e-02
-3.071919222361430002e-01
-1.596361032778531808e+00
1.951739522447041963e+00
-3.107370134134043838e+00
-7.160814721737551736e-01
-1.465106719834238902e+00
-7.946541365174653038e-01
4.083112397187505849e+00
1.021646561306852163e+00
3.283380145291175722e+00
2.082069484617704802e+00
7.495801613015373732e-01
7.561549808704057796e-01
-8.443668614668240480e-01
-2.922845972628920208e+00
-1.501457749193377822e+00
-8.927042734130736790e-01
-1.512334953529716586e+00
-2.190860740756761516e-01
-1.739870415087807487e-01
-1.284545129296702726e+00
7.534244658118041116e-01
2.614512394211942592e+00
-1.510150789531508053e+00
6.673801687995819520e-01
1.068732346993783722e-04
-8.557714554658559791e-01
-5.000603910718609768e+00
-9.280405439369587839e-01
8.802974009768149699e-01
-1.775010599076267681e-01
3.285595249999005318e+00
1.777465949166298742e+00
3.637863934400456856e+00
2.477262194553759400e+00
-7.554352507240764680e-01
-3.083631459630851168e-01
-1.412881224692000615e+00
-2.270338289335768422e+00
-2.664667236748300638e+00
-4.200498201551454258e+00
-4.725262526085316495e-02
-2.775433477959268203e-01
3.683795269705569808e-01
1.834413427839081123e-01
1.499414623326401852e+00
7.993199916300000041e-01
-2.440964405336899290e+00
4.029399372732314077e-01
-1.375807318595661854e+00
-6.250540693692983041e-01
4.789425790704626706e-02
-4.794431887012251536e-02
-5.826013393109406024e-01
-4.362368823490214709e-02
1.066024917823369833e+00
1.026037920894623312e+00
4.475941548154878546e+00
9.356605437001235259e-01
-3.145667113510626223e-01
8.384137560324234073e-02
-2.034298370897431596e+00
-2.171348088600097981e-01
-3.504848227758429857e+00
-2.441720922737431465e+00
2.636666387934383238e-01
-5.331015212600505038e-01
-3.817335549570088915e-02
3.808494564691500273e-02
-3.928860431412886101e-01
-6.290628425631439313e-05
3.548355778848417685e-01
3.475167849751414906e-01
9.269562791791940981e-02
-3.061266784623512649e+00
6.218311916916263726e-01
-2.263436172112960776e+00
9.315571567585720913e-01
-6.242094267574884725e-01
2.088019835661725665e+00
2.618574461017487920e+00
2.881092481490895807e+00
1.414612519856746076e-01
4.760258843934934703e-01
-1.368270786322909771e+00
6.186688539964961819e-01
2.970842096797696286e+00
2.379652453328162665e-04
-4.467839551323322667e-01
5.357330426745647856e-01
-1.637742856278919135e+00
-4.074941902965747431e-01
2.889176534204580094e+00
1.637297308541974417e+00
-2.248657657081366779e+00
3.116388108342107444e-01
5.605992069531566813e-01
-4.803901959160157276e-01
4.419965471422528935e-01
-2.757099140324271502e+00
-1.045617349630219906e+00
1.168225366823207878e-01
4.470817750795959000e-01
4.812715338027828693e-01
1.923541970503947596e+00
1.182828715282994381e+00
5.805335708532766148e-02
1.106983334856749934e+00
1.679243814204937735e+00
-3.763650760598693523e+00
-7.169669523741504236e-01
-2.514806782356572512e+00
-1.746474470072598706e+00
-1.777873421815456823e-07
-2.514005470806296216e+00
9.773813710758076923e-01
1.192272596300654186e+00
2.424019397195934289e+00
-1.123878822440929071e-01
7.975281047288262926e-01
1.149431852657471609e+00
-1.832959501305140293e-01
-3.935708759203180307e+00
-2.130598168882215759e+00
-6.188690272813346382e-01
4.778736576906794653e-01
-8.311406365714901767e-01
2.910874616524779412e+00
1.164099051476114255e+00
3.417746028085502985e+00
3.635562845451204339e+00
-3.090468704908744257e-01
-2.475557721481891349e-05
-1.066775890075177813e+00
-3.459323007565672015e+00
-2.750812697856417799e+00
-2.795000116052506201e+00
-1.235493321458761784e+00
-7.605852009148748039e-01
5.360141784906318208e-01
2.258963104784243114e+00
7.603072420720309310e-01
-1.423182766711761360e-01
-4.368610206188350276e-01
8.123999240615376038e-02
-1.015474881190129963e+00
-2.256419357680215398e+00
-7.083073648384470289e-01
-2.678333550099978311e-01
-3.566594579967841128e-01
5.737435596297473239e-01
8.401637831013886171e-01
1.908927174537666360e+00
3.105471698717110485e+00
2.746720927850674343e+00
1.816177380032968358e-01
-2.203901610946559231e-01
-1.637363119564952285e+00
-4.972883360048854229e-01
-2.256638514500991732e+00
-2.124385098291895702e+00
-2.046580281658634703e+00
-4.812869043516911916e-01
2.639469361361079791e-01
-9.743939186914758466e-01
7.102562093034521240e-01
-4.917182113197213766e-01
4.467481616165969172e-01
-1.421376619773127459e+00
1.816548215516377240e+00
-1.729109298394860161e+00
-1.371015008581707662e+00
2.660124699543757743e-01
-7.561553998796171072e-01
9.804944232382695191e-01
1.685100826935922669e+00
3.053947539739056083e+00
3.287550280039113204e+00
2.427790101490700181e+00
1.243916611705571995e+00
1.417480695801941692e+00
-1.951692844444778530e+00
-2.258243308089504353e+00
-2.602780173681139786e+00
-1.639208551084038845e+00
-4.484640926959400531e+00
8.791479275246274483e-01
-1.769402986395334665e+00
2.791768174123490098e+00
-2.304703299311995579e+00
2.833742635842099844e+00
-9.824569974584846932e-01
5.777603524529695278e-02
-1.382078589100501631e+00
-9.722102668392835767e-01
-7.843683002927264170e-01
-5.011015266518370481e-01
5.910006034100661054e-01
-6.344830561317849060e-01
-1.652695830844095326e-01
1.581905260810572145e+00
4.432025087076908676e+00
3.292213282067223190e+00
-4.355615842382576375e-02
1.424137069852804416e-01
-1.955291751992263016e-01
-3.531077156077344625e+00
-4.079605683317822695e+00
4.464907703966218833e-01
-3.505807110773957902e+00
1.812172948204533895e+00
-6.611017182465275255e-01
2.951067525891176047e+00
-4.363200921504130747e+00
2.103909097665564332e+00
9.967603785503342806e-01
3.187417489750487221e+00
1.847334159154797817e+00
-3.881904829199811502e+00
-2.402638308893756403e+00
-1.726320475982220159e+00
7.828890976168167981e-01
-1.003936522870390036e+00
3.595662849296104469e+00
2.124598191446239071e+00
3.501305592105609321e+00
1.202840475419861832e+00
1.900839857022901924e+00
-2.570964036083523752e+00
-7.525956088304610603e-01
-4.174849640143975193e+00
-1.898094569375643914e+00
-5.375438137361925328e-01
-1.816630530321845072e+00
4.489525985968612076e-02
-5.752967252956295852e-01
1.859083008015204541e+00
-1.499970868761693055e+00
3.767711386750306701e+00
2.213919056101076421e+00
1.286491387994374236e+00
-7.600659496756634326e-01
-2.561434888244548347e+00
-1.640558537898641589e+00
-1.329622511405659679e+00
-2.621118169054398095e+00
7.093804021883443056e-01
1.372673470749987246e+00
2.703887542937309263e+00
4.084650597641939385e+00
8.850539128079617512e-01
8.374610082678373146e-01
-2.613522416052546760e+00
-4.867544415474185371e-01
-3.684520886369455184e+00
-1.897335407569244126e+00
4.398801919166999141e-01
-2.189584106788515783e-01
-3.283675751381906593e+00
7.501941277068908676e-01
3.238876615176877749e+00
-1.784159222297603264e-01
-3.080205760334138176e-01
1.554451437953730419e+00
1.414194102342435144e+00
-1.858285368555698369e+00
-1.160067271951220391e+00
-3.411890624534635208e+00
3.993416463467838184e-01
-8.788091542601250694e-02
-1.106877803908673741e+00
6.194546948563584010e-01
1.644516324826781783e+00
1.365873056117379747e+00
3.019994351924651710e+00
5.276700636657096766e-01
-9.208342731640186685e-01
-1.474545435939944582e-04
-2.926877523610528442e+00
-3.862775989666261012e+00
-3.496264477728345810e-01
-3.548356124977090076e-01
-4.448931927195189928e-01
7.089126870187101304e-01
-3.566593481248219177e-01
-1.238710229171601895e+00
1.068017536957086122e+00
2.116631628448431002e-01
1.695674291113391519e-05
-2.703359696883126162e+00
6.195580627338586055e-01
6.283890213105678413e-01
-1.337323236967904450e+00
2.735539347547728539e-01
-7.110562234445296781e-01
2.037845909276711609e+00
1.507943424129962295e+00
4.120429039335476773e+00
1.026419650202115008e+00
-2.438396537986591284e+00
-5.182963852664670412e-01
-8.039148705026946118e-01
-4.803215291469086878e+00
-2.300920424371724948e+00
3.807962080418292317e-02
-3.958482830548746279e-01
-9.523912152128559683e-01
6.854074250252324418e-01
-3.090711617292072333e-01
1.594567903510551332e+00
-8.888965634100713942e-01
-1.296377150781609089e-01
-4.221747861195126461e-01
-4.039875537323496246e-01
-1.988000780075481089e+00
1.861342658642797687e+00
-2.976613585952918584e+00
-2.317977683148910728e-01
1.346693785426850809e+00
7.564315583069856075e-01
1.531005431317908005e+00
4.037692131969379261e+00
-5.673614123950301291e-01
2.728100792905934213e-01
-2.774677839977812255e+00
-1.017420187931975306e+00
-2.990232555962165861e+00
-2.399255412780803454e+00
-5.724240819781698519e-01
1.018358349372647353e+00
-1.383282516242161364e-01
4.489457853735530080e-01
-1.244636235037205552e+00
2.242941114100176492e+00
-1.589288093473442132e-01
1.794096083635849936e-01
5.316732400960972882e-01
-3.239050494494222221e+00
-1.819777931327735132e-01
-3.050297377080823935e-01
-1.373328683343970624e+00
2.511638621718248032e+00
-1.845223275717216893e+00
2.350792224932774843e+00
3.317974450553265342e+00
4.634643726169088040e+00
-3.749778623391648580e-01
5.302134783244127902e-01
3.065214023490625550e-01
1.410490596497311344e-01
-4.120277885010409591e+00
-2.083748484061288764e+00
-3.995325152031455218e+00
-1.898656350237388324e+00
-9.570481163177646522e-02
-8.866231979077383585e-01
-1.028181486617540941e-07
1.507462611772098171e+00
9.245532808758980536e-01
9.359491227110083855e-01
-9.357991547615256422e-01
1.602737952958705137e+00
-1.153827373120066113e+00
-1.237310325747785100e+00
-9.703020016784194013e-01
3.489799279273029242e-01
9.750878233544426621e-01
1.290601206701467163e-01
3.769114046118374972e+00
3.760307880935670255e+00
1.869001869677504146e+00
1.246124382752896054e+00
1.411985750677786200e+00
-1.243789769553814040e+00
-3.057259207042534399e+00
-3.678975863783080058e+00
-4.603860535283274658e+00
2.164141220007422817e-01
-7.011503834357881715e-01
7.952956286201242619e-01
3.954892480510352470e-02
1.026678766749000715e+00
2.100203771335600322e-01
-7.539715689713375468e-01
-1.229983458286369569e+00
1.192938911474357155e+00
-2.039284476690681913e+00
-1.327462841628630486e+00
-1.855165193856009864e-01
1.351331515675155970e-01
1.021935185068286955e+00
3.812059191470552832e+00
-1.059370675169475362e+00
5.319023371474258965e+00
1.061387628346665224e+00
2.262994818207516801e+00
7.065082022843398590e-01
-1.157478758021170506e+00
-1.811878972185240855e+00
-4.254111971747306598e+00
-4.565480651810730706e+00
-8.422370625150961132e-01
-7.989955453040238353e-01
6.630639877257635817e-01
1.646724145239204518e+00
1.733361980425343063e-01
3.523236935795921454e-01
-1.592176394587113464e+00
3.186514153807820549e+00
-1.812233501400442037e+00
-1.413846939749873854e+00
-1.117590332358986416e+00
-5.575548773224454635e-01
-3.226062195071790484e-01
1.672993588742883730e-01
1.376618629695713025e+00
4.127237492346239378e+00
1.685724786023456545e+00
2.480237589386206309e+00
1.569450552882926786e+00
9.067245678738800052e-01
-1.369846659923950938e+00
-8.384944614886080672e-02
-1.715060081907040512e+00
-6.865545537395973952e-01
-3.125725649203332068e+00
-1.898754420286195455e+00
1.222471840216712735e+00
-9.604988977168886777e-01
-4.892626205739816214e-01
2.928896299656571500e-01
9.260858369336801843e-01
1.086068294611550300e+00
4.674778473943206336e-01
-3.570433371805847855e-01
-2.168009440418927625e+00
-3.770122711134717974e+00
-2.435089448799772072e-01
-8.762152017457083275e-01
9.186755806283599668e-01
2.216486524213451048e+00
3.632427941059404475e+00
3.900365173770296678e+00
2.614902963268377789e+00
-1.682641009852204661e+00
-1.640885282557746905e+00
-6.613392115636997914e-01
-3.728215981367611676e+00
-2.037812758642303379e+00
-2.705711461911732840e+00
-1.190594165183938458e+00
2.667853473612922244e-01
3.548356024684835575e-01
5.686653716363707645e-01
5.025105224126491521e-02
6.106347427703440189e-09
-5.752358848333187780e-01
-4.798280566835728678e-01
-2.380129884288635367e-01
-4.375650037359264388e-01
-2.261781790205759535e+00
1.874727031590737170e-01
-1.734451230611966821e+00
2.569425937179175889e+00
3.505471447846275623e+00
1.859215185643279256e+00
2.835153333599919279e+00
-7.484756831968297774e-01
-4.106940267411118839e-02
-2.402358272516949000e+00
-1.718478605551808869e+00
-1.786243670067960920e+00
-2.478429714654794225e+00
-2.168898526074372057e+00
-1.803129314912439440e-01
4.648314758128435642e-02
8.890807699258402863e-01
-1.287682548699422114e+00
2.000769538114354873e+00
-4.939761746773001505e-01
3.609826084082214948e-01
-1.379102017297554994e+00
-9.740341272201931133e-01
-1.337126431023989426e-01
4.833625405794919061e-01
-2.966066288708816501e+00
5.299574448922612646e-01
9.331807881239910785e-01
2.662154813775487128e+00
3.358907452018456752e+00
3.011529476742452971e+00
-2.969758322806228534e-01
1.369388911902660766e+00
-2.087180447935679695e+00
-2.968634399943312019e+00
-1.903493077570828973e+00
-1.955512538537277578e+00
-1.318622589238884757e+00
-2.177229015456759953e+00
2.077883103473368465e+00
-1.235492748471642699e+00
-6.181680172439882881e-01
1.193396875525422729e+00
8.879769998818574095e-01
-1.904647834531260742e+00
4.413429281971730234e-01
-4.416125608402126090e-01
-2.308249752255960630e+00
-4.380095771803098614e-01
2.219101648179275799e-01
4.285092132954559929e-02
-1.389760967006850478e+00
5.064674018849700587e+00
2.214147303411664325e+00
2.282226218201458323e+00
1.622918249051963357e+00
-1.844550559678054924e+00
7.624058677538414486e-02
-1.202903607249481865e+00
-3.235786225396850568e+00
-3.340357738358989081e+00
-3.374010074878924570e+00
-8.082544455078277679e-02
1.384642925913794897e+00
1.333261345546588927e+00
2.019071514365805342e+00
-6.240606071689853707e-01
-3.053996082003322954e-01
-2.028639879504225974e-01
-9.496163627329679002e-01
-2.977202645824945648e-01
-3.625805265210146899e-02
-2.263205516726202404e+00
-7.730023479934970965e-01
1.151849596093370565e+00
4.926445991372929711e-02
5.247011581720698814e+00
2.904003446696378887e+00
3.527609331806615955e-01
2.669546544329932658e-01
7.949420919817384856e-01
-2.078872438196867733e+00
-3.012190906371642996e+00
-1.642082433363157179e+00
-3.140878525106700181e+00
-1.200336219473911115e+00
3.499357666469222750e-01
-2.189439180961016973e-01
1.862778712979661577e+00
-3.579453955419467093e-01
2.437790344329187064e+00
-1.329973122381943540e+00
5.359435895979913766e-01
-2.298609863755245897e+00
1.762418488695175256e+00
-4.067807339018372659e+00
1.123268413759888062e+00
-3.361649203802699049e-01
1.152628477015923636e+00
-1.021543282523225571e+00
4.924405287303670775e+00
2.265775802317648413e+00
8.291066736621814925e-01
2.754763372324987358e+00
-1.110681365385289610e+00
-2.591121568701964861e+00
-3.037100974702980238e+00
-1.457170043656788039e+00
-1.109489171389668627e+00
-2.658508402059851505e-01
-8.276005230209193542e-02
7.459546542256703106e-01
-4.785935550910380698e-01
1.222460681810844108e-01
4.799557662340703246e-02
6.175241651362739503e-09
1.779555019243161951e-01
4.024844462028340786e-01
-3.240700274345044818e+00
-7.516033522845191328e-01
-1.459104133190521679e+00
1.015430446166874390e+00
-8.406000061340819229e-01
2.654145028616767377e+00
2.709023271045225556e+00
3.053200160853066336e+00
2.840816543560549690e+00
-1.016150208846283931e+00
6.538618524625690043e-01
-4.818392135762223916e-01
-2.966426363879691053e+00
-2.798021654579770257e+00
-3.521559587076353637e+00
-2.106263682506096302e+00
8.928722116534117959e-01
-7.081208940348915348e-01
1.328509454554705371e+00
1.193027415702772487e+00
-1.595376754682320097e+00
-1.547852178025323155e+00
1.060986041088881393e+00
-9.717579440382451139e-01
-3.178546568515230319e-01
-3.467699410268778593e-01
-1.461223338124000293e+00
1.807822947632303112e+00
8.898983736476111517e-01
4.593448210812312027e-02
2.083921020024490645e+00
3.629105834972733646e+00
2.525236820725467624e+00
1.552243947689248671e+00
-1.368216863829729846e-01
-2.892333552187892565e+00
-2.079913713313089829e+00
-3.202034136274960474e-01
-2.465378928558948246e+00
-1.298464275911783261e+00
-1.084658362550953825e+00
-9.021415664349206054e-01
-1.184619122795993462e-07
2.621580169129629212e-01
8.899378660546517494e-01
-1.592991180764329329e-01
6.209837860019433720e-01
-1.217924390495909392e+00
-8.722342667929297022e-01
2.291413994557842670e-01
-3.757072435143982148e-01
-2.744156155163409494e+00
3.898939675771998736e+00
-6.204714881469044485e-01
2.653347299820552507e+00
2.902715797084738369e+00
9.097527008696033590e-01
2.766882403778026855e+00
1.457868281518813092e+00
-1.253310399128167774e+00
-2.504679459982753542e+00
-3.076987973098539442e+00
-1.272708564224785732e+00
-1.811854980050839004e+00
-1.391898305698077820e+00
7.560170167243995820e-01
-7.561793048839717812e-01
1.738635520766820264e-01
-9.678680181707477459e-01
9.275495440886061260e-01
-1.335842678713561327e-01
-3.878373532472778606e-01
2.695223507216724101e-01
-1.040955694036711066e+00
2.437212592021751334e-01
-1.061194930471856424e+00
5.154723984474003373e-01
1.726762334128579823e+00
1.288939017022130429e-01
1.866287451319749380e+00
2.964418481344637257e+00
4.905246530915974290e-02
1.768556085480668116e-01
4.603482605900808267e-01
-3.479457116295407104e+00
-3.364851997004507211e+00
-2.075482547163346680e+00
-5.412049090768960014e-01
-2.552664957042907190e-01
-2.285448425232061709e-01
1.906695177953906750e+00
-2.250271467130460223e-01
9.005992600941681303e-02
5.368129949554258928e-01
-9.816157729756014305e-01
-1.458037013822377048e+00
6.646265444123855559e-01
-1.110128947734210669e+00
-1.367241608652420837e+00
-1.840833192545687780e-07
-1.333898379480160656e+00
2.217194080505578313e+00
1.951019954313323979e+00
2.293733033637863628e+00
1.780159070742456606e+00
1.548956114668499140e+00
4.331720833215513267e-02
-4.463930223751049198e-01
-2.477969487779091651e+00
-3.276153934716148797e+00
-1.769684398385152235e+00
-1.369572643618539587e-01
8.432379800779017387e-01
-1.508648750696011120e+00
1.945523889881769719e+00
-3.063230122588720405e-01
-9.738009499651525402e-01
-7.506599774746973708e-01
1.282558435799501240e+00
-2.831338205721067425e+00
-8.422128932932082535e-01
-6.712160078598117252e-01
-9.269873574876328348e-01
-8.414926921982441854e-01
6.626584312616614625e-01
7.999300258736639080e-01
-8.374607800717512873e-01
5.269944901381450109e+00
2.833851601219066652e+00
-6.177341105408231670e-01
1.501893961822361234e+00
-1.637807241132122726e+00
-3.541708403293114316e+00
-2.301923214159614872e+00
-9.279684794166769279e-01
-2.572066009804075293e+00
-9.431904489747466869e-02
-1.732230484328738385e-01
2.389704472671610347e+00
-6.643820650688212481e-01
7.103414712776157103e-01
4.039117290894864709e-01
4.851626747106365656e-01
-1.247970135070772812e+00
-9.677946149006402266e-01
-1.147237838543787802e+00
-1.851276924614921882e-01
-1.070338251226758075e+00
1.161712163499032613e+00
1.596497842615463014e+00
1.633909282074000657e+00
3.945411099062539506e+00
3.050791418244898523e+00
1.514183077020334167e+00
-4.938395485444289079e-01
-2.211246803081166945e+00
-9.403649461519307806e-01
-2.297683395074272994e+00
-2.215207657880682746e+00
-2.647470896563390852e-01
6.715112370745828230e-01
-5.092923829338360520e-01
2.856250400161570724e-01
1.153758117452071019e+00
1.547416557780934454e+00
-6.836569984379821108e-01
-9.600930358378718665e-01
-3.128977080657477927e-01
-1.371730114720321581e+00
-1.779592941705686826e+00
-6.964528902819893119e-01
-9.666132427810225636e-08
-1.076467601874355751e-01
2.305998439600216443e+00
2.037797013520275868e+00
4.429517937557875484e+00
2.432341031033502077e+00
2.398128154399955747e+00
8.401536625119661039e-01
-2.289801159284934329e+00
-1.213871040295316561e+00
-4.167293892993257032e+00
-1.500667176543856840e+00
-2.033021283900552589e+00
-1.904161995373897298e+00
1.192806903253085693e+00
2.211014976558089984e+00
1.304776255228944137e+00
7.509288298933824990e-01
-9.919843974278137466e-01
-1.897839566034235759e+00
8.576005642885320412e-02
-1.998271846266788998e+00
-3.580746700226200119e+00
1.729945342062819691e-01
-1.067410433106033452e+00
-8.327281922413476423e-01
1.543090432990993577e+00
4.078161391087178345e+00
3.470723030255612684e+00
3.479547306230415415e+00
-8.374363981720307493e-01
-8.414923555387758825e-01
-1.190318589623529988e+00
-3.502159501744245063e+00
-3.634714597990068796e+00
-9.743339305618974322e-01
-7.583633612885023467e-01
-1.233631214950264621e+00
-6.201894735133919312e-01
-1.240628662111703306e+00
2.036814354761645518e+00
1.638373988413377447e+00
-1.596903790578153348e+00
-1.107022704183236783e+00
-1.250492561287046556e-01
-6.700983149937655980e-01
-1.639687108276120853e+00
1.239001230072972248e+00
-3.183584686700442035e+00
2.437202492403457654e+00
2.201343386650478351e-01
8.367169751343226380e-01
4.429421674143441123e+00
1.333717192609810809e+00
-5.774895295387523220e-01
-4.177559803247277159e-02
-2.482182330271825776e+00
-4.172281977129841835e+00
5.680047381474651047e-02
-9.594283590786290006e-02
-3.275137536420743345e+00
7.067842855419712578e-01
-1.012086618526154780e+00
1.794094774058976327e-01
1.183432847503809171e+00
-1.282274286168103572e+00
2.700575385572847154e+00
-1.281322323015274378e+00
-1.949532967062850730e+00
1.685528638368623433e+00
-3.095681104153300112e+00
-1.772967559172229812e+00
2.967913888761586350e+00
-1.337691864948055809e+00
-2.236062453537215333e-01
3.810126612153453607e+00
5.055767692821063974e+00
5.197375886245936272e-01
2.357115167181063953e+00
1.796081721095106332e-01
4.435006714516021020e-01
-1.018718292598805419e+00
-4.300528899455912324e+00
-3.457360247425185662e+00
-2.251284070538304150e+00
-1.021744816031741721e+00
-3.557715591077794670e-01
-1.366954498077575408e+00
1.282173080644952279e+00
7.051572646817021450e-01
-4.101261149844503962e-02
5.807037088097786182e-01
-1.202546822241629343e+00
-7.982721965602195269e-01
-1.600871596182741996e+00
-9.769362396837095730e-01
4.939762694627916062e-01
1.685433661300066888e+00
8.916297992686850193e-01
9.678185634529654635e-01
4.651684575800572929e+00
-4.991509379754006659e-01
1.297743920188167976e+00
3.999519687231440912e-01
-6.338478693969591404e-01
-2.657379116314359635e+00
-3.364786112854744715e+00
-3.506650353863733471e+00
9.476835388597919518e-01
-1.073848050196829718e+00
-8.549198512469047273e-02
-9.412046908346383134e-02
-7.063104231331180927e-01
1.418214673474267329e+00
1.464844662909854378e-01
-1.690157565217532465e+00
4.520092393927370722e-01
-2.098223770557524404e+00
-5.753800384779879096e-01
7.641877634557658894e-01
-1.650035645025354825e+00
2.181406364095664685e+00
-3.175065612026628514e-01
1.989824477067259068e+00
2.135193531870527295e+00
2.073101641650282545e+00
8.099833859382670198e-01
7.330118761274206918e-02
-4.288202077862024453e-01
-2.711950709754546551e+00
-1.865030685951069245e+00
-4.331458032402679237e+00
-4.778743347271756647e-01
-2.365684174051239097e-01
-3.966618243339326000e-01
-4.434365182091823954e-01
1.343429380219731684e-01
1.281021333844364563e+00
-1.102207473321641373e+00
-1.024220313803652971e+00
4.469799095252255938e-01
-6.224860438057930878e-01
-2.702257105139779014e+00
1.327079019249822522e+00
9.773218658108362433e-01
-1.994698186758569136e+00
1.149928346846081695e+00
4.163498475901860729e+00
2.303796770377175562e+00
1.990712629538847978e+00
3.368514315435959361e+00
-1.758378161978271237e-01
-8.470840803474857239e-01
-2.563282683775469195e+00
-3.758747470952130243e+00
-4.470019043928914471e-01
-2.616390367730673461e+00
-2.031604348519749692e+00
-1.332613152467729378e+00
1.238060574440396522e+00
7.078658716493464453e-01
5.355292772019311087e-01
2.433645026900649100e+00
-1.152820279253546687e+00
1.429993104873119592e-01
-1.866426387525052633e+00
-2.169594130117047825e+00
9.697323947173117631e-01
1.375737880669021251e+00
4.395038895722791494e-01
1.591630137111678778e+00
2.221238207230726402e+00
3.672693833334733426e+00
1.019748044431025846e+00
3.850779515745898607e+00
-9.813501396340598149e-01
-1.232052059265242860e-01
-2.966426261760716443e+00
-3.941870456741298767e+00
-5.301912207739860605e-01
-3.103023373803125651e+00
-8.387224134858115576e-01
-1.552142059761308701e+00
3.588670049373376969e-01
9.663060017846873961e-01
5.373706808420593006e-01
-6.668104749314807123e-01
1.194691201999603436e+00
7.959832340911816573e-01
-1.766834269212267827e+00
-2.214986875901786334e+00
-2.281387014629672194e-01
-3.907127185359513533e-01
4.515349487912772020e+00
-1.816772530562957400e+00
1.682240895021550386e+00
1.730569680238431829e+00
3.185580672764444898e+00
2.833501372787850414e+00
4.418043817522629979e-01
-7.535771620905507007e-01
-2.871609952313065151e+00
-3.201869375673595641e+00
-2.468408413504221244e+00
4.408922901566256769e-01
-7.513083242279208207e-01
3.104156152407995251e-01
-3.940003736465769180e-01
-1.911349455625440896e+00
1.862237594751377401e+00
-1.651835322198166978e+00
2.665816614680352359e+00
-3.624769562131859857e-01
-4.006239443779122666e-01
-1.629755087371677291e+00
-7.147409149504255765e-01
4.489319092651840037e-01
9.083743939527266775e-02
1.018094388812869511e+00
2.426301682359735423e+00
2.143291224034783227e+00
2.243742907459136404e+00
2.295224374177905702e+00
4.443288300051335682e-01
-1.450104643349732214e+00
-2.038540827320503013e+00
-2.486717134612035807e+00
-1.439966039428099975e+00
2.035994620625842799e-01
-7.169168534571781493e-01
-1.246268086304098688e-01
9.824812328945426998e-01
-1.408986721855853830e-01
1.698973944205590669e-01
1.020182255766030721e+00
-1.235672304889931183e+00
7.142819659698034229e-01
-8.063352610142828780e-01
-5.211171752762311371e-01
-1.861163170238114617e+00
-1.025678073428025527e+00
7.142833721643455647e-01
2.342034058553508657e+00
1.993856544726895663e+00
2.039281215936625813e+00
2.217734257998927205e+00
1.450060112730625406e+00
-2.221361758063267189e-01
-1.412147380748137948e+00
-1.409431245907853736e+00
-1.560655024522930034e+00
-2.212881606428027226e+00
-1.595464457593834595e+00
-5.713323943234627222e-01
-2.391427120231355730e+00
1.332516826275650601e+00
-4.930862007788618939e-01
2.646889662335070170e-01
1.287112873648311506e+00
-1.019253565869803424e+00
-4.491311978792964510e-01
-1.584833038368287816e+00
-1.327426441347142827e+00
-1.306045693361284066e-01
-4.430046924062480684e-02
-7.982117041958645132e-01
1.541607915296935971e+00
2.524837861170453834e+00
3.982100607135407699e+00
5.422696860066480440e-01
1.363666779585628319e+00
-6.670318415822293900e-01
-1.011946697712573950e+00
-2.703527456002575491e+00
-2.609030853046988341e+00
-2.258121497769934649e+00
-1.100744119713453983e+00
-8.823003963698283769e-05
-8.034718753895049304e-01
5.309813145172483928e-01
3.167678316324327170e-01
7.082906192754307995e-01
-1.511974697272080448e+00
4.015504722362948087e-01
2.648322938453020470e-01
-6.228700324113560782e-01
-1.593538700034741851e+00
-2.159431928350841190e-01
2.628988936071436910e-01
-1.262946953661412408e-01
1.319811562580298414e+00
1.553347695798947825e+00
2.026767905066662934e+00
2.264964251548235552e+00
-4.005995363236252160e-01
7.110459969755993370e-01
-1.596941858090303867e+00
-1.322654230506714157e+00
-4.428716692685611633e+00
-1.502173091470694999e+00
-4.247682993036505650e-02
-2.040204627409821114e+00
4.874731463075931970e-01
2.559970878030753738e+00
2.279527201303608308e-01
6.573963751902738295e-01
9.299264901005699357e-02
8.459390580173931085e-02
-4.899703749813397735e-01
-2.158651046182058053e+00
-1.822129208482238027e+00
-1.377987605868838727e+00
2.573889468344077613e+00
-1.018430529717761601e+00
1.313088243944093847e-01
5.584280400384386667e+00
1.989752993132924530e+00
2.038998306340545241e+00
1.061195258207135339e+00
-8.816057167859980837e-01
-2.145044882716092616e+00
-1.846268345577755099e+00
-2.967824658351901235e+00
-2.294418972190669592e+00
-9.008914046512472851e-02
-2.277547428598154511e-01
-9.679323256366387795e-01
3.508037274827984220e-01
1.102147592396931941e+00
1.062200359442613262e+00
-1.945523882677889560e+00
-1.065297344774990052e+00
-3.041305565877792105e-01
-1.912550741384393405e+00
1.208149158150263247e+00
-5.429023788319682353e-01
1.643796149855006661e+00
-2.609450255803267282e+00
3.315253494107764709e+00
2.342092786978128061e+00
3.500987010732615090e+00
2.475776335139244111e+00
1.417494768350934464e+00
-1.547614473266321511e+00
-1.413103677576145856e+00
-9.319175230402834131e-01
-2.925998051098986252e+00
-2.650740228732729520e+00
-7.528680724674359226e-01
-4.363736939239970525e-02
-5.317508951200125011e-01
-4.346532432059575513e-01
7.114032059469082014e-01
1.532705708180401416e+00
9.857692256618975080e-01
-1.160999008713588410e+00
-1.727609696816671203e+00
-1.016150821482369793e+00
-1.990490645453974139e+00
-8.782279483057209291e-02
-1.270698280895885546e-01
-1.841806868121693697e-01
5.767384086473157367e-01
2.650779605799925776e+00
2.791781352934322058e+00
3.547190565508799409e+00
-1.384544446609424995e+00
1.958815247500979240e+00
-2.345277856795746629e+00
-3.012190917838097448e+00
-3.765766322071385730e+00
-4.407870655068109045e-01
-2.659946847938272185e+00
4.439316371067434375e-01
8.852149979563819215e-01
-1.461074737001126778e+00
-1.171207750303437933e-04
-5.284319149996008491e-01
1.500959596769234849e+00
-6.988637228946572577e-01
-1.376679737209087762e+00
-2.673147934510780033e-01
-1.500885029044184193e+00
-1.774803705991416791e-01
-7.536116181490797317e-01
8.745357210636939271e-02
-1.776099538637936348e-01
4.386872313542880875e+00
3.844223968444566708e+00
1.867911387681942870e+00
1.101488004686189015e+00
4.035384746862291649e-02
-1.776175217626132508e-01
-1.456299289242679151e+00
-5.842077005864894090e+00
-2.428535340586904567e+00
-2.711950997877011105e+00
4.957462941865742323e-02
8.415678390290395328e-01
-6.646265857359594520e-01
-5.382870662995173916e-01
2.222017523658905702e-01
-1.098175931660534843e+00
7.479681477402664314e-01
-1.277041592516070523e-01
-7.572593170093568915e-01
8.855710186435317155e-02
-6.653856974221525888e-01
-1.503911550721340973e+00
4.164844317327833778e+00
-2.354428491450789807e+00
2.435108411538521977e+00
4.202162152354048885e+00
2.396064662429807868e+00
1.899376130739256041e+00
-1.098679734098595873e+00
-1.001359900071747688e-01
-1.409431031893063846e+00
-2.748104822093864641e+00
-2.689519723196099221e+00
-2.752219812100975105e+00
-1.364498102285097048e+00
1.711654472462669219e-01
1.058627164773952245e+00
-6.597134526764421025e-01
8.465661773634565179e-01
6.972162471593037480e-01
1.805549796811192209e-01
-3.478510312936577975e-01
-7.166306091364731401e-01
-1.058599894028247945e+00
-2.254921184052818717e+00
-3.697730335261439905e-07
0.000000000000000000e+00
1.020263832500859280e+00
5.084784549898358819e+00
1.589889019174279383e+00
3.719125987242478004e+00
1.280897928869080715e+00
1.377686313664980844e-01
2.193820148586382857e-01
-2.601727397640161143e+00
-2.937098142964259750e+00
-2.114990075052901375e+00
-8.931127521559574234e-01
-2.254102550909465208e+00
-2.125488694816567659e+00
2.087616296081478140e+00
1.286817260874158819e+00
-7.578577822123406804e-01
8.400285339389483852e-01
-1.024064615733323080e+00
-4.043603666627859639e-02
-2.044396117161795701e+00
-1.542396857563289814e+00
6.724728568074169743e-01
-2.042548147020852412e+00
1.290795563172650873e-01
1.730732415415104697e+00
3.404751342699910310e+00
5.005943143421291097e+00
2.694657353941465772e+00
-5.723296722330815101e-01
3.183260221169348370e+00
-3.370457543140446433e+00
-1.278690051970897912e+00
-1.767539401437261404e+00
-2.923362620394982514e+00
-2.207343531403921588e+00
-8.024164522087176010e-01
-1.707924735139840777e-01
1.239884574686129781e+00
-4.748498103822385019e-02
8.005122447348185233e-01
1.187544931982984053e+00
-3.916900428516782995e-01
3.525931853509973735e-01
-4.468513715547715037e+00
-1.681001021195243084e+00
-1.239892997738934355e+00
1.015070418271079689e+00
3.541446612325671595e-01
1.242248506332316538e+00
2.640030430945898843e-01
5.835766395602149714e+00
1.332478546152515264e+00
1.768274465040803989e+00
1.334040093666317262e+00
-1.373426106320494000e+00
-1.684449192056490574e+00
-2.659125120253975183e+00
-2.605649481171667503e+00
-9.791699387740209204e-01
-2.295862758028306416e+00
7.935761273367916147e-01
3.588673635638315318e-01
-5.752070888602247578e-01
2.517603435843966508e+00
-1.465826065268402090e+00
1.416543566062500759e+00
-2.468412663458593670e+00
-1.558099505035215770e+00
-6.174500260492550296e-01
-6.234027788495950517e-01
-1.847372004348017072e+00
8.365018840365792130e-01
1.907005694431290976e+00
4.333380920957324633e+00
1.945355846240772735e+00
3.453670971826568348e+00
1.240629122629343328e+00
5.767990828364872868e-01
-2.087691271207404498e+00
-3.621166047993938264e+00
-1.159520616896770662e+00
-3.050369172206956137e+00
-1.501344154067965064e+00
-1.592145347711493741e+00
-4.712700543450409896e-02
3.976721110705057072e-01
2.156853372189289075e-01
-7.928053220355195663e-01
7.089270316623696999e-01
1.018693666767148898e+00
-8.424766898547204619e-01
-1.592176498889557479e+00
8.189121816849365132e-02
-1.397434625043615597e+00
-7.602112911720269040e-01
5.323417726099251013e-01
2.699412823334114364e+00
2.599956144867974217e-01
3.848644361118203960e+00
2.256856099220385659e+00
3.239596665146564192e+00
-5.779036698991149024e-01
-5.812525129717869277e-01
-1.988000720606123650e+00
-3.407949508280808004e+00
-1.327313644046171248e+00
-3.533284961437402671e+00
3.069155274388322141e-01
-6.276466849326425290e-01
2.533620771419691664e+00
-2.839669978091251323e+00
3.551290390003032371e-01
1.067050514548782303e+00
1.231448302126409544e+00
-3.052890234506548950e+00
2.669300784602910426e-01
-1.813152159146284248e+00
-7.517543123203722644e-01
3.522676298553051311e-01
7.546593619376835704e-01
-3.170150660000672360e-01
1.156035265013997559e+00
5.222160188903899325e+00
3.088723962745689278e+00
1.288217250987372609e+00
1.020203874068783989e+00
-1.944052262552759203e+00
-2.263714848013023584e+00
-2.426672799437028516e+00
-2.969260176296074860e+00
-3.530122081549507129e-01
-5.221606640088793938e-01
-3.615235754218701913e-01
7.103909845056932681e-01
-1.021507407614762997e+00
9.314682007232022443e-01
2.632830523425582214e-01
-5.762945750020662672e-01
-2.582842726083072193e-01
-1.469834204595827032e+00
-2.032280317768027089e+00
1.373864541626517166e-01
7.931364360945281078e-01
-9.830589306295678398e-01
2.181370141840261567e+00
-2.277653630019358388e-01
4.157651741302970549e+00
2.525321562049612112e+00
1.460331357347058656e+00
-4.015545792487955623e-01
-4.450242650789277832e-01
4.562753421319030167e-01
-4.385740879912873424e+00
-8.770383874793878931e-01
-4.661506424302615414e+00
8.483703157578474929e-01
3.227559397706045274e+00
-3.627020650697204474e+00
7.092995433361011237e-01
6.622255516949735465e-01
1.417494469427765580e+00
-7.534376460073417547e-01
-2.641446627558252658e-01
-2.650059580979359453e+00
-5.827671474769431370e-01
5.316505902155768126e-01
-2.643867107021833363e-01
4.415560683264629915e-01
2.747014256943657529e+00
4.808019300787691463e-01
2.633003766825368075e-01
4.828529330305855183e+00
1.104416295210512544e+00
-5.323141704488989490e-01
5.799946148995331896e-01
-1.639740433817223675e+00
-2.034477588923664371e+00
-3.009493351121363958e+00
-2.120926480873322362e+00
-1.109608326182069504e+00
-1.288137493029353209e+00
1.196303861777778366e+00
-8.405854200639168994e-01
1.989488985504749508e+00
1.284929328863199771e+00
1.106997708065591723e+00
-2.737622209976052545e+00
-1.379769856087477820e+00
-1.411252575205026005e+00
-1.154169845681053630e+00
7.997356788832803431e-01
1.063741730538822594e+00
-3.096455572378999932e-01
3.670961624990013661e+00
2.478065410946101110e+00
1.103412716132197602e+00
-8.752078935253848613e-02
4.649753346870966197e-02
-1.198600339916310986e+00
-1.459587187169290701e+00
-4.465729683327253952e+00
-2.123994966668760753e+00
-7.997362538956167555e-01
9.321625482484705572e-01
-6.641705508295672189e-01
-1.060451094169820863e+00
-3.991890907336710370e-01
1.015423888998839175e+00
-1.318212521014174854e-01
8.864554288709314278e-01
-1.635721709254539746e+00
-1.458507350701665928e+00
-9.341673130163599126e-01
2.236023356474561297e-01
-1.801535163947391993e-01
7.542567296247852937e-01
5.724967251123871392e-01
1.951739617015618933e+00
4.818728598932466411e+00
2.303499477815876162e+00
1.542356745998404222e+00
2.171415842562964826e+00
-1.330451945479808273e+00
-1.714470774388928476e+00
-2.182779823886448867e+00
-4.510596837870252784e+00
-5.239987867989839287e-01
-4.020736112365739245e-01
-1.714723710829275660e-01
3.046795411510174745e-01
1.065165803101308484e+00
-5.341412797640714416e-01
9.293733901292853261e-01
2.695513473413484462e-01
-1.381300586779161677e+00
-6.107752749928749836e-01
-2.875100414202506727e+00
-2.434276123255131097e+00
1.063378307293532998e+00
3.885830257781890396e-01
1.195742020780244275e+00
1.726541782082449572e+00
4.433500246198718742e+00
7.441340521554593579e-01
9.263270544079205138e-02
-2.218850276581179060e-01
-9.737873714082070364e-01
-2.836068782063875915e+00
-2.479438243579124901e+00
-4.060596422737262401e+00
3.360809809217244037e+00
-2.607080859187590249e+00
-1.554249397565854451e+00
-8.898514318684647151e-02
8.878986301506301970e-01
1.282630005556939068e+00
-6.660903639140087762e-01
-1.719881903926079758e+00
1.543668220765994192e+00
-2.518957755286692191e+00
-9.697666514859974995e-01
6.549965659221470560e-01
2.035228934129236222e+00
-3.445324876180166029e+00
3.353951457292168925e+00
3.990640634533747289e+00
2.386161773986714252e+00
2.299077780638299373e+00
2.789224773860269124e+00
3.502555667328124400e-01
-1.588191641770208662e+00
-1.103671793435296422e+00
-1.156031318603481850e+00
-2.740192680292011573e+00
2.297071327223193293e+00
-3.178394634733876956e+00
-6.175730746497265500e-01
3.500838189631849673e-01
1.725687631046639581e+00
1.498452168478252133e+00
5.331655208751726605e-01
5.745347196618695307e-01
2.223799896125910891e-01
-1.815886360992635673e+00
-1.987267274970463404e+00
-2.522765867926636929e+00
-1.543820671264256816e+00
2.606146707356629122e+00
7.537053716418995464e-01
4.516486000166423764e+00
3.758904040991410511e+00
8.809699356945657200e-01
1.502831660724268659e+00
-2.339960634360977565e+00
1.542824853319416434e+00
-4.464481752262145164e+00
-3.807972010451067035e+00
-2.390145523912451608e+00
-2.959107168068385363e+00
-3.630831396899338870e-01
-1.721265813217542018e+00
2.665943113679531962e-01
-3.943314508464936807e-01
-2.622631254855605221e-01
-7.169905580637987441e-01
5.083835714890483359e-02
-5.313757500518931920e-01
-8.872569546754220937e-01
-2.432057550315903427e+00
1.695303773346950038e-01
7.594671352294426470e-01
-1.676550519460079158e+00
3.003402867506792973e+00
3.984785038299378357e+00
1.233529954976120280e+00
2.215397150104536195e+00
-8.923920414265467116e-01
-7.155427738325670362e-05
-2.386943563941258617e+00
-1.590712888443704287e+00
-3.354070260901380607e+00
-1.683656978939325199e+00
-1.378305791282173232e+00
2.693903106262496294e-01
1.238562946190313596e+00
-7.982717654283533193e-01
-5.760197421309385390e-01
2.523819271847742129e+00
3.123594164555925090e-01
3.973054031921492424e-01
-1.601024063631712124e+00
-3.216534380986786346e+00
2.121080671390700445e-01
3.179139618853241700e-01
-3.178544549409707543e-01
7.923275811594976403e-01
6.325748159297290840e-01
2.820709941123141107e+00
2.922837982595410722e+00
1.505243915743449179e+00
2.208447194808513814e+00
1.418277906748244277e+00
-1.105356621299506514e+00
-1.637196926381193407e+00
-4.064432188518594558e+00
-2.612834607305330792e+00
-2.398488160331453400e+00
-2.031610893563083664e+00
5.797544655961246463e-01
9.308374683096189983e-01
4.387243681728705269e-01
1.997013901854643336e+00
-1.857642676952764305e+00
-3.985091381032361824e-01
-2.725357659487599449e-01
-3.526277749660948757e-01
-1.896708431675961037e+00
5.706320506972133444e-01
-9.008867063653269724e-02
-8.388648405996264046e-01
1.899417265169859093e+00
5.139356251679828347e+00
1.277175565031029691e+00
3.135707953930022995e+00
2.520782451329978358e+00
-1.224201723044416212e+00
-2.715640969292962836e-01
-1.503527489246835103e+00
-3.798232109885248065e+00
-2.305520023285225761e+00
-1.647828295740282556e+00
-1.451563614994029194e+00
-4.433444348385364719e-01
1.766834242561117208e+00
4.590234429656447901e-02
-7.532805290870783210e-01
-1.768659579481663968e-01
1.409392372559068463e-01
-4.877533286085053987e-01
-2.130453257890167151e+00
-8.382845679000183736e-01
-1.278590026779056643e+00
9.678181559177119198e-01
-1.275222092140893437e+00
2.382347253568696033e+00
3.536596856984033366e+00
2.921431621271949552e+00
3.320915346221909203e+00
-6.653460281049774494e-01
5.704072604926295753e-01
-2.029084233249022873e+00
-3.404751362817023619e+00
-2.256151625206712197e+00
-2.707752884760566303e+00
-1.630597753616257251e+00
-2.383788890958385309e+00
1.506577856011517724e+00
-8.520993903393900837e-01
4.554267021333089360e-01
1.947216605452467775e+00
1.284545360555512161e+00
1.185345128230665068e+00
-1.324393875431724155e+00
-2.480153370963762427e+00
-2.831289335543488050e+00
-8.248552654981722299e-02
1.845571992309032794e+00
-2.071176180294742153e+00
1.496739891248125787e+00
3.627741380262705206e+00
3.053273810784958187e+00
1.996712714800423782e+00
6.137271618965769449e-01
1.367614128366312798e+00
-9.145647425452807511e-01
-1.723997927804930441e+00
-3.240579122089457087e+00
-2.645294623931249589e+00
-2.479409678398951655e+00
-3.527983330989172828e-01
-8.013443357644973730e-01
-2.599713044103282300e-01
-1.328064092220301973e+00
5.260351461345180724e-01
-8.729778975794033613e-01
1.455392829359652751e+00
7.476650263299688959e-01
-2.340628166149372191e+00
-1.592236643430851473e+00
6.603928258641644788e-01
-4.840890563361881505e-01
1.243417977009585229e+00
7.454470631953427073e-01
1.899375831420456961e+00
3.719172514481670078e+00
9.260116198263403930e-01
3.366306232935585285e+00
-1.285300106208751458e+00
-5.337738501621061005e-01
-1.280177444186392677e+00
-3.671514487510194158e+00
-3.140099573482984852e+00
-1.901224137177905504e+00
-6.138301460121056152e-01
-2.660257807348216375e+00
2.477968786078463381e+00
-9.781725536581689084e-01
9.783710759843415872e-01
-3.112548542828790232e-01
1.815716153102357566e+00
-3.492620447764466007e+00
4.427158334515297611e-01
-5.817992865768246702e-01
-1.058061010228584564e+00
-7.096712926706914004e-01
6.619490354678418953e-01
2.174313640950686022e+00
3.086896874179956285e+00
1.859205728708502647e+00
3.235041194282075594e+00
7.078238565056835796e-01
1.896352967195753081e+00
-1.053632004835662883e+00
-2.618934186229580519e+00
-2.116934907479844696e+00
-2.652074600539208404e+00
-2.568778513594224933e+00
-1.678641101323137264e+00
2.227630651002527884e-01
-1.505375239113163843e+00
7.014308902284938085e-01
2.565039900156534713e+00
3.628993899749275442e-01
-1.290292183326982922e+00
-8.223869949711115623e-02
-1.948451765919344325e+00
-7.049953313226069440e-01
-8.409527570972841204e-01
-9.152882152966412832e-02
1.512182400064602916e+00
1.053482057729070220e+00
3.846363754266803880e+00
4.075959508453706803e+00
2.916412378950553830e+00
7.063599160899229901e-01
7.565354527737326862e-01
8.310490318847314484e-01
-1.587400542480963850e+00
-3.670075352333469709e+00
-2.655611433797048448e+00
-1.551860063731282935e+00
-1.449012327909713349e+00
-1.068831913781195908e+00
-5.737941918800970598e-01
-8.938370175633281178e-02
9.763054991753961076e-01
-1.314612692917762615e-01
6.982295955497193063e-01
-1.055311933968596350e+00
-2.741228376077742723e+00
-1.460073950352352767e+00
1.261260981300438289e-01
-1.263498431505922781e-01
1.019010614130138492e+00
2.031162860425411054e+00
1.543820588642347502e+00
4.472311331390756095e+00
2.083724069538448020e+00
2.423374064154359075e+00
1.728085519799606118e+00
-1.943578803659420373e+00
-4.877612614059216867e-01
-4.864371816582661268e+00
-1.588306990812270669e+00
-1.465826757482091125e+00
-1.297207872241870064e-01
-2.790548221380504401e+00
1.154570868089422220e+00
-1.681294039995464118e+00
2.479722147876145755e+00
2.171350690994131583e-01
-3.475301654748363944e-02
-2.568245070795683205e+00
1.057906661907964008e+00
-2.833933130846617132e+00
-7.936778762716585334e-01
-9.389008595644554589e-01
1.113394318793325510e+00
6.685302560331365385e-01
5.573265182712930255e+00
2.112780535278716343e+00
2.783545869314593801e+00
4.297143933133611426e+00
-4.415925883160980447e-01
-1.897054431450669654e+00
-1.590688804714091020e+00
-9.496037270378110406e-02
-6.231829975075243055e+00
-5.496777192092849873e-03
-1.893729049668081643e+00
-3.033910513750015525e-04
-2.222701749049065256e-01
1.322530291481825770e+00
-1.243000921988368646e-01
6.492199109136436164e-01
2.212246309497913899e-01
-2.735556030179623122e+00
-1.240629042655427838e+00
-1.852098786767783167e+00
1.341032670013646566e-01
-1.193760238669028695e+00
8.823388910568610299e-01
1.155525147161824862e+00
2.156083316883496082e+00
3.895660817009684251e+00
2.255015649969209335e+00
1.555915664002895937e+00
1.228559972137873046e+00
-9.211870119956984126e-01
-3.193112104258943873e+00
-2.606526527579262620e+00
-1.279953297505016963e+00
-1.854331540338080231e+00
-6.270002838116397470e-01
-2.557243773442223755e-01
-2.647468184586614370e-01
2.289523960344695297e+00
8.023746496132844186e-01
7.990160793078757706e-01
3.548472390043571068e-01
-7.997430023262950272e-01
-2.343556210820224806e+00
-2.967120614070381635e+00
-1.242673085018850543e-01
-1.020182208349069697e+00
1.149286043211077413e+00
2.878239571679614528e+00
4.197527936897358813e+00
1.412966313893775805e+00
2.479833827551146896e+00
2.564722805343535583e+00
2.165282816687522427e+00
-1.679844798598196576e+00
-7.136790971135269501e-01
-4.376308112453671129e+00
-3.177940493381129272e+00
-1.031533902668115843e+00
-3.171342656110937241e+00
1.459219639343473318e+00
-3.065031292967432819e-01
1.540384627988942157e+00
1.197390553196100882e+00
1.057163454727515273e+00
-1.251511527707407367e-01
-2.753960094983085582e-01
-2.783704805051911535e+00
-2.996815160824553459e+00
-1.518071786965492720e+00
-3.423808433340127522e-01
2.113769886169166057e+00
1.333706389798408054e+00
1.904511525362295288e+00
4.185658172029889101e+00
6.224864441705904028e-01
-1.252218333745531709e-01
1.369762503086121797e+00
-1.012004343908529336e+00
-2.125317752564342300e+00
-2.705664995760571401e+00
-3.306576793572276074e+00
-1.161891476770506415e+00
-7.810960568008340488e-01
7.539067229231477540e-01
2.621791239510002924e-01
1.813938414153199119e+00
6.546984816864096501e-01
-1.263257378018352028e-01
5.631316461201549828e-01
-3.278957121151506726e+00
-1.805279872618029913e+00
-6.526242479772008664e-01
-5.461284263240031578e-01
-1.003335641535386458e+00
2.022915421516700007e+00
2.267171656134905788e+00
2.345020382706934470e+00
2.075903514427636765e+00
1.993244157441267816e+00
3.889224481490600738e+00
-2.389201249189227383e+00
-9.843826347405411070e-01
-1.543100439668933177e+00
-2.687669176317058373e+00
-4.786437619550270028e+00
-1.890617332710462506e+00
-4.464801213625833043e-01
1.898736109938226946e+00
-7.984121457138826372e-02
1.367942431957771987e+00
2.868386587079157835e+00
-7.873710755825413798e-02
-9.816410430057658232e-01
-1.247845020397335247e+00
-4.096111736944749282e+00
-1.379987473265600784e+00
-7.007808999394455896e-01
1.808973503891593282e-01
1.724954147789958370e+00
2.584443083796941210e-01
3.135996539222560386e+00
2.740156539652389256e+00
8.533508008990793314e-01
1.411254986774338249e+00
-8.994438585750685888e-02
-1.455710134160199232e+00
-2.179505493172428032e+00
-3.266987408470640730e+00
-2.789970828123841784e+00
-5.664751320032337389e-01
-7.539566445329910493e-01
-6.669846530014638120e-01
2.256778865339356344e+00
9.172633257935558504e-02
-4.100132470512107830e-02
-1.063402720462363504e+00
9.146004515127970080e-02
-7.587691790151893656e-01
-1.104415576610335847e+00
-1.506063296412321506e+00
-9.271210927015545167e-01
4.905187760459739366e-02
6.587223968974740274e-01
7.058013937680698291e-01
3.055411089409290071e+00
3.001948132698316840e+00
2.837520344107815617e+00
9.711306892338598118e-01
-7.080726546978439728e-01
-1.379249176437042479e+00
-1.494024454653526846e+00
-5.578098141953887534e+00
-2.917757089735687259e+00
-1.285342856137958734e-01
3.086522382147904864e-01
-6.191984207869154488e-01
1.765730255033076901e+00
-1.326437840954213243e+00
2.696186909082825878e+00
-2.026060950886858336e+00
5.292886743045528419e-01
-1.240642919369520314e+00
-3.449795564933765490e+00
1.244283911370985152e+00
-9.241364109277583339e-01
9.242616809726769134e-01
-1.376158096913968620e-01
3.097033305737795672e+00
6.598517107811403548e-01
3.805843168722503833e+00
4.461416840570109343e+00
-1.813677620271391788e+00
2.696566473052371293e+00
-4.331758500081832608e-01
-3.363018357855935392e+00
-3.048477353591124484e+00
-2.880727786392071721e+00
-2.258627437392078718e+00
2.275663570540018554e-01
3.776448152166267391e-02
-3.772496650435641641e-02
-3.025746991625055671e-06
7.943278367145012453e-01
1.989464597146707092e+00
6.211560710496542015e-01
-1.682276158780950936e+00
-2.254955485763048273e+00
-3.357434965779020786e+00
2.627660511941485311e-01
-3.936403734878695104e-01
2.515797344653037726e+00
1.457562782749619146e+00
3.452003428599482504e+00
9.672739404390995333e-01
2.040682510379838277e+00
2.473194055239446243e+00
-4.424827083760192181e-01
4.426809826202315890e-01
-3.836116227334741779e+00
-2.172319683001660451e+00
-2.522075477243561181e+00
-2.035253280269444076e+00
-2.696875174955494003e+00
1.984439523760784141e+00
9.484080360061852844e-02
9.849537991019587935e-01
1.843309426281166452e+00
4.394051381364079134e-01
-3.267137290836444663e+00
-1.330243190405781206e+00
-3.936407026576489443e-01
-1.855678261048069544e+00
5.684305703698555590e-01
4.401488147552754526e-01
3.537386327352578519e-01
1.653488327349805331e+00
4.318741947613716547e+00
1.325462084939772467e+00
2.082475878106379241e+00
