-4.888721700000007786e+01
-4.896642551281139077e+01
-4.945554986369389638e+01
-4.961158299987869924e+01
-4.976079392413625868e+01
-4.998164587644215828e+01
-4.978449500026263763e+01
-4.935370462278729065e+01
-4.908702312070986551e+01
-4.847816000025760985e+01
-4.828884719718234209e+01
-4.840000919162503124e+01
-4.870423399940519005e+01
-4.964924754429180354e+01
-5.132676571430193491e+01
-5.227350899855371580e+01
-5.279625238970083245e+01
-5.319418046260594934e+01
-5.315851899968805583e+01
-5.290328386263040272e+01
-5.178377119347511837e+01
-5.090363600094256213e+01
-4.989804075271647577e+01
-4.946643072992460333e+01
-4.954889899904658535e+01
-4.966588972687331704e+01
-5.012136163889911700e+01
-5.023353099965799373e+01
-5.026675953921801465e+01
-5.046745162866069023e+01
-5.025794500116553110e+01
-4.995642348007230282e+01
-4.954304725673286924e+01
-4.923804700077949548e+01
-4.918585985215504053e+01
-4.936064747140130748e+01
-4.999311299937659214e+01
-5.114631223861222509e+01
-5.238885759291155608e+01
-5.328943899844619381e+01
-5.398968842224388709e+01
-5.458372976542739963e+01
-5.438111400145619712e+01
-5.414987289220032807e+01
-5.342182400000012876e+01
-5.342182400000012876e+01
-5.263086320757014391e+01
-5.247781152378401970e+01
-5.207282400060378791e+01
-5.226783728259363926e+01
-5.272077825382442740e+01
-5.266882399994675978e+01
-5.295684112338102523e+01
-5.280089853755674056e+01
-5.258782400030826665e+01
-5.195991393795362256e+01
-5.178191901149571663e+01
-5.139482400120808592e+01
-5.145581903899908838e+01
-5.174373314715773375e+01
-5.193882399806504679e+01
-5.308770189509258586e+01
-5.398760902402577955e+01
-5.507582399645726667e+01
-5.530580927696473026e+01
-5.583376065879572536e+01
-5.549782400202121124e+01
-5.505889025380415092e+01
-5.461486878675930967e+01
-5.365882400411359043e+01
-5.281790497704845677e+01
-5.261185407114267321e+01
-5.257882400180256610e+01
-5.253286800936164980e+01
-5.240986366835910104e+01
-5.259382400127510948e+01
-5.328379247322521906e+01
-5.338583295738133216e+01
-5.308882400294267967e+01
-5.240785424656611013e+01
-5.154991005493437228e+01
-5.094882400050945392e+01
-5.108379215301737020e+01
-5.156772706812838436e+01
-5.197882399516860374e+01
-5.283974110164287907e+01
-5.338774178376830548e+01
-5.453282399309173911e+01
-5.506280815645719429e+01
-5.567268132109198575e+01
-5.592782400001069476e+01
-5.565385392675788978e+01
-5.479290717613615413e+01
-5.389182400450475541e+01
-5.328787745218675553e+01
-5.258203098084128158e+01
-5.248882400300692552e+01
-5.238885792780943973e+01
-5.267187134651931046e+01
-5.278882399753343435e+01
-5.296679583345559905e+01
-5.294578305161452647e+01
-5.251082400509510251e+01
-5.218988529437588397e+01
-5.176784415430566355e+01
-5.139182400224966329e+01
-5.086086400947116459e+01
-5.138474274287016641e+01
-5.172582399610200810e+01
-5.249575022237472410e+01
-5.375959366457706068e+01
-5.489682399432643933e+01
-5.529680719594897198e+01
-5.584578848991706224e+01
-5.583782400127443424e+01
-5.552185936860406201e+01
-5.512189438042197764e+01
-5.456482400070854055e+01
-5.361286753068460342e+01
-5.290587550572869446e+01
-5.320982399730353052e+01
-5.335783216202131030e+01
-5.379478976944758273e+01
-5.427582399832456872e+01
-5.429385008651688338e+01
-5.442277921231243454e+01
-5.415082400556035935e+01
-5.390687473278441644e+01
-5.321588446344471635e+01
-5.232082400539230349e+01
-5.218684224463754617e+01
-5.243082144069811079e+01
-5.298582399486686967e+01
-5.377376638523030294e+01
-5.508459270282666864e+01
-5.625882398946878027e+01
-5.699279535259370277e+01
-5.746378720995316058e+01
-5.758282399686694930e+01
-5.745884320500729814e+01
-5.690594460750324401e+01
-5.621982400692818516e+01
-5.562686497077148573e+01
-5.532284447450582121e+01
-5.530282399716667641e+01
-5.573678334922429656e+01
-5.595077537299631132e+01
-5.609982399813461740e+01
-5.660881039636434764e+01
-5.671081248306568057e+01
-5.650082400321377207e+01
-5.616484128465750558e+01
-5.579791421608599933e+01
-5.532382399959043795e+01
-5.511081551769615317e+01
-5.547275105925547223e+01
-5.587382399304343039e+01
-5.667869292411000970e+01
-5.771563205046258105e+01
-5.880082398722618109e+01
-5.958576462361268966e+01
-5.975382879874391762e+01
-5.980882399811395800e+01
-5.943585616894877433e+01
-5.884096028446941773e+01
-5.798182400962519978e+01
-5.692391458539653826e+01
-5.637786814853834727e+01
-5.613982399935469658e+01
-5.627180895574954889e+01
-5.636379008876711794e+01
-5.642082400075673831e+01
-5.622285136779238002e+01
-5.589587166772879812e+01
-5.516482400692893151e+01
-5.424491090493356893e+01
-5.363089918072804352e+01
-5.296182400640954313e+01
-5.249585376860587616e+01
-5.278174657976185813e+01
-5.317582399461391418e+01
-5.426473421384842055e+01
-5.554858470082071165e+01
-5.656082398934643152e+01
-5.703479359107670632e+01
-5.744376577473521195e+01
-5.770982399525731665e+01
-5.724088321750674169e+01
-5.667192317501022814e+01
-5.605682400393931175e+01
-5.540286913344156261e+01
-5.520286079076989694e+01
-5.491882399590917885e+01
-5.457486065099525518e+01
-5.486881952111892957e+01
-5.488182399205354756e+01
-5.507481279661474360e+01
-5.467889502233671806e+01
-5.412382400115282621e+01
-5.369782704092573056e+01
-5.344484095580170191e+01
-5.296382400126393009e+01
-5.259081599754715342e+01
-5.255977441222453450e+01
-5.315782399536848857e+01
-5.435672925074900519e+01
-5.574657158195070394e+01
-5.637082398806979455e+01
-5.697379054960028810e+01
-5.740280768398683620e+01
-5.755282399633254187e+01
-5.699285104846864414e+01
-5.640191261844414328e+01
-5.559282400538187119e+01
-5.517084144550015168e+01
-5.470089662241446149e+01
-5.500882399476908802e+01
-5.506481071578309638e+01
-5.506277697133702986e+01
-5.489582399747577313e+01
-5.517081151600988420e+01
-5.480790366088395871e+01
-5.448882400615204347e+01
-5.371590338554749877e+01
-5.315096668591552742e+01
-5.228782401215593012e+01
-5.216983296290410976e+01
-5.210486495026278675e+01
-5.262582399259359534e+01
-5.376572028617120935e+01
-5.495360165262883356e+01
-5.575682398988718091e+01
-5.640580479369362621e+01
-5.676974049967321889e+01
-5.612282401119806963e+01
-5.578487649735263432e+01
-5.536595452938941975e+01
-5.452582401078975494e+01
-5.407584800798820623e+01
-5.362592477647684319e+01
-5.336682400516984615e+01
-5.336986193270399070e+01
-5.334096668684986042e+01
-5.351482399711427007e+01
-5.367980223266273754e+01
-5.344690750069169383e+01
-5.326082399942733048e+01
-5.267688482063462629e+01
-5.210100667795754248e+01
-5.125282400788598380e+01
-5.066187729819868935e+01
-5.050784383545673251e+01
-5.135882398691389739e+01
-5.237571964414044601e+01
-5.325476129429480920e+01
-5.425482398375942239e+01
-5.496977454289731213e+01
-5.523376385364564811e+01
-5.488482401132527144e+01
-5.483984528740799647e+01
-5.400798748308889685e+01
-5.314382401294604819e+01
-5.267983776482025604e+01
-5.237587550842683015e+01
-5.232582399569683673e+01
-5.281980031165342382e+01
-5.294082144057241379e+01
-5.321582399807277852e+01
-5.380279967137479957e+01
-5.349991421992577756e+01
-5.319282400525020904e+01
-5.233087249730014889e+01
-5.167196444890276297e+01
-5.137982399984127824e+01
-5.103084768850198571e+01
-5.126677761022087054e+01
-5.194682398322535022e+01
-5.297872092278078782e+01
-5.426263492145202605e+01
-5.530282397836515429e+01
-5.602277918371999732e+01
-5.666472770100679668e+01
-5.670782400147773217e+01
-5.643786273415542354e+01
-5.597192093895979070e+01
-5.513082401347276118e+01
-5.461588930400771602e+01
-5.452881664158930874e+01
-5.465282399570801886e+01
-5.446184208668881865e+01
-5.473274369725441346e+01
-5.537382399298649460e+01
-5.609376429779153028e+01
-5.600883647733290616e+01
-5.599182399510506514e+01
-5.590079743005845359e+01
-5.512298620550196659e+01
-5.443382400999406201e+01
-5.446280495283172485e+01
-5.476575329496068889e+01
-5.531482400062890292e+01
-5.595278894673132442e+01
-5.733861828330330468e+01
-5.819982398655866263e+01
-5.876377790245015831e+01
-5.922383007872721805e+01
-5.937282400644895830e+01
-5.885484160674180742e+01
-5.840695645240819545e+01
-5.769282401180101516e+01
-5.736087778071001964e+01
-5.741183071860788090e+01
-5.791082399193548014e+01
-5.841378318419386062e+01
-5.852475233477275651e+01
-5.874382399185790860e+01
-5.890283504430134798e+01
-5.877681344216494352e+01
-5.858582400844215954e+01
-5.796587794112482328e+01
-5.722093341768449193e+01
-5.603682401909891553e+01
-5.529393316298908445e+01
-5.526876129272092442e+01
-5.562682398755104884e+01
-5.648373500475926789e+01
-5.748572226052787215e+01
-5.867682398050639847e+01
-5.901282303961774289e+01
-5.836598204828378300e+01
-5.821382400030754667e+01
-5.809584464826672701e+01
-5.739990494384509390e+01
-5.627882402458197930e+01
-5.473595237167368310e+01
-5.364594685561425536e+01
-5.376182400238658943e+01
-5.356685105094805266e+01
-5.393567011037811199e+01
-5.390082399798714619e+01
-5.401082095876272859e+01
-5.393883135855562472e+01
-5.376282400748637258e+01
-5.266694164812695789e+01
-5.188393981739057637e+01
-5.144382401060498466e+01
-5.074686161546974716e+01
-5.035877536944062882e+01
-5.104582397970012408e+01
-5.155977213855872776e+01
-5.247665123335023196e+01
-5.353282398778060269e+01
-5.417776253445401125e+01
-5.417987007115709730e+01
-5.384082401553926900e+01
-5.320089603009438406e+01
-5.263089790589508254e+01
-5.168982401912094105e+01
-5.118082400000014331e+01
-5.156671490070287689e+01
-5.210482397514380182e+01
-5.191482816175700066e+01
-5.190078208790758652e+01
-5.214582400405755180e+01
-5.200483936652078398e+01
-5.144788190913760673e+01
-5.126982400707414911e+01
-5.043292052116876789e+01
-4.971693469935615894e+01
-4.879382402126732643e+01
-4.872279806888323606e+01
-4.825089758635753867e+01
-4.886982398349768886e+01
-4.976671963503049767e+01
-5.119762083744365810e+01
-5.225082397956592217e+01
-5.294678478301646152e+01
-5.309084543607276174e+01
-5.323582400594171560e+01
-5.285889699176979661e+01
-5.201897373273068581e+01
-5.111682401814385202e+01
-5.041385569386397236e+01
-4.987296669416822681e+01
-4.985282399901642236e+01
-4.966079502726327632e+01
-4.962281472166955609e+01
-4.976882400716463906e+01
-4.993980751271607232e+01
-4.949191198426440508e+01
-4.946882400049954498e+01
-4.892587954466046085e+01
-4.814291070458796895e+01
-4.737882401638167806e+01
-4.699688482713844451e+01
-4.702484959547829391e+01
-4.750782399737199313e+01
-4.841879438672335567e+01
-4.930273953482981852e+01
-5.033082397788651718e+01
-5.097379038485580338e+01
-5.115484831575744806e+01
-5.131682400332336869e+01
-5.070787890485546967e+01
-4.969398653181880832e+01
-4.885882401230779237e+01
-4.813286209732987686e+01
-4.768084703603108920e+01
-4.735882400798099212e+01
-4.731384320877966587e+01
-4.758374721314644518e+01
-4.753882399727239516e+01
-4.768077357684367001e+01
-4.787774273382473211e+01
-4.786082399908422502e+01
-4.747286337817008928e+01
-4.718287263178018520e+01
-4.624582403500676975e+01
-4.632279246538047346e+01
-4.630066850611244433e+01
-4.728982397222358003e+01
-4.766879742762304062e+01
-4.889269890087175696e+01
-5.031282397557131958e+01
-5.099279678726536957e+01
-5.137271297840178619e+01
-5.152482399414717662e+01
-5.142884913181575968e+01
-5.048401148912858361e+01
-4.947082403026990960e+01
-4.911986545958269090e+01
-4.903487071235949912e+01
-4.857182401011029782e+01
-4.864081503574643506e+01
-4.912372897543924921e+01
-4.908782400628051334e+01
-4.957577549687909624e+01
-5.024074753234071977e+01
-5.032782399790915662e+01
-5.051683696620920472e+01
-4.968994718025520285e+01
-4.934582401299099530e+01
-4.876183952746958994e+01
-4.904377376799706667e+01
-4.942682398128592780e+01
-5.055373099505685985e+01
-5.146760643439925076e+01
-5.243482398594763794e+01
-5.316480751199652843e+01
-5.371071841657862223e+01
-5.347182400372015110e+01
-5.309386642068422901e+01
-5.221894494114208385e+01
-5.193882400110770448e+01
-5.120692949166756591e+01
-5.104084863618549406e+01
-5.099982400642446123e+01
-5.127880815220363786e+01
-5.115982176034440698e+01
-5.110982399444202429e+01
-5.133480431027066260e+01
-5.153684671653240201e+01
-5.140682399462089336e+01
-5.115483712651503367e+01
-5.038399549400828192e+01
-4.989482401066601369e+01
-4.970783872734168085e+01
-4.967082400000003872e+01
-5.009582398937434533e+01
-5.137670297940714903e+01
-5.264764290705151240e+01
-5.345082397307348998e+01
-5.418878942261235920e+01
-5.444074561162411641e+01
-5.437082399862034521e+01
-5.396085329479529236e+01
-5.313600701306133089e+01
-5.229582403382328692e+01
-5.193381935764535484e+01
-5.155382623967285127e+01
-5.157982399776461335e+01
-5.198479854703421665e+01
-5.195881184176315060e+01
-5.183582400556763758e+01
-5.206981663623282941e+01
-5.178489406991549515e+01
-5.158982401527860162e+01
-5.112284144896475624e+01
-5.053587583259678695e+01
-4.977582402288840768e+01
-4.945582560082606705e+01
-4.956079360430839387e+01
-4.994882398539225221e+01
-5.092573147205853701e+01
-5.191772545386038473e+01
-5.289582396951124821e+01
-5.332075436376764799e+01
-5.325086431437395618e+01
-5.324582400858173514e+01
-5.302884465078996357e+01
-5.256283007915833849e+01
-5.171782401977508670e+01
-5.104289219578055992e+01
-5.084185503573660014e+01
-5.102282400352108738e+01
-5.096981119325285192e+01
-5.102686207481122693e+01
-5.111982400000010784e+01
-5.142179694568747550e+01
-5.104688639156535857e+01
-5.055582401912092649e+01
-5.017688387180492526e+01
-4.978790558905906494e+01
-4.907582400979594439e+01
-4.899781007257120535e+01
-4.897282591974471444e+01
-4.966582396713632619e+01
-5.051576428801972440e+01
-5.179064098414291095e+01
-5.281982396773083366e+01
-5.336879230295480880e+01
-5.375982431995823418e+01
-5.392982399428687046e+01
-5.356682896267965077e+01
-5.268500317675470512e+01
-5.189282403912194042e+01
-5.129389315749167366e+01
-5.100090686933953066e+01
-5.092282399895499623e+01
-5.100781103294217189e+01
-5.103780832199986861e+01
-5.144182398250323018e+01
-5.186376412728085938e+01
-5.220680256271106146e+01
-5.183582402797919286e+01
-5.124787346714074232e+01
-5.087491710832721736e+01
-5.030582401475604826e+01
-5.016084192987657531e+01
-5.040272193268479839e+01
-5.070382398421859449e+01
-5.168774923865537119e+01
-5.271671681320402314e+01
-5.393682396269817048e+01
-5.426982576097778832e+01
-5.478571329351674990e+01
-5.463182401017171941e+01
-5.416084753311703537e+01
-5.360389663121150505e+01
-5.275382403330360859e+01
-5.168489556004253416e+01
-5.110989343167440779e+01
-5.151582398753138392e+01
-5.150378958066521307e+01
-5.155186943460154225e+01
-5.184382398500800804e+01
-5.239076220515233473e+01
-5.215186495517850318e+01
-5.194982400311860005e+01
-5.167189988295799452e+01
-5.140088799253607021e+01
-5.076882401920402543e+01
-5.064982287936323502e+01
-5.059678912402990392e+01
-5.156082396059888850e+01
-5.265175916301270576e+01
-5.342167329724893676e+01
-5.427082399656712397e+01
-5.462778910001470933e+01
-5.494683327894820479e+01
-5.473582401280899035e+01
-5.426388723635022870e+01
-5.335694270667249128e+01
-5.245082402288393553e+01
-5.195088755667296709e+01
-5.173389695188920712e+01
-5.150082401636417018e+01
-5.176278813922991162e+01
-5.183081504098642256e+01
-5.188282399973048342e+01
-5.264275644072310456e+01
-5.247188415344339774e+01
-5.205082402493739124e+01
-5.180884032952919682e+01
-5.090795710563694598e+01
-5.027982402622391334e+01
-4.995983600703304717e+01
-4.978392094964424075e+01
-5.013182398397967177e+01
-5.119077917364613484e+01
-5.220564865853818759e+01
-5.339782396008889975e+01
-5.399776556551822182e+01
-5.425173824897255059e+01
-5.406782402102526675e+01
-5.345385345744693950e+01
-5.283595390654920720e+01
-5.202882402912523929e+01
-5.117990500815573540e+01
-5.068386239606633126e+01
-5.051782401390234867e+01
-5.044383584706844204e+01
-5.078470273229181942e+01
-5.101182398855586797e+01
-5.148778477651239882e+01
-5.133285375701635900e+01
-5.131482399259135008e+01
-5.085989604329787284e+01
-5.021093150933756277e+01
-4.950982401496174390e+01
-4.923884113033275867e+01
-4.925081888050223711e+01
-5.004382396351620343e+01
-5.098277308918081019e+01
-5.217362721908692436e+01
-5.303982397107088786e+01
-5.364779454210334109e+01
-5.389180576174916837e+01
-5.418782401000200366e+01
-5.361684305161618624e+01
-5.294990623220336090e+01
-5.203182403109150300e+01
-5.178385441861320970e+01
-5.150083967853066014e+01
-5.155182399731189946e+01
-5.182583072412927550e+01
-5.235877376465346345e+01
-5.252682398868451230e+01
-5.296478845809709668e+01
-5.308081184111313178e+01
-5.270282403286239514e+01
-5.226489508396126382e+01
-5.153395550810546411e+01
-5.095682401127660910e+01
-5.136073866704070667e+01
-5.134779520257330176e+01
-5.207182395860504442e+01
-5.329269848182727287e+01
-5.412373888751261575e+01
-5.538782396227868077e+01
-5.570082127829910945e+01
-5.625173664761493342e+01
-5.614082398990873202e+01
-5.546786850791372814e+01
-5.512184863787916100e+01
-5.431982402771190266e+01
-5.359287379133585461e+01
-5.344085247757977442e+01
-5.331682400143364475e+01
-5.358886354497359150e+01
-5.369888351500672030e+01
-5.406782398673534829e+01
-5.423380622873843748e+01
-5.414087807552211018e+01
-5.400182400944238026e+01
-5.378685073700174968e+01
-5.308092159202509208e+01
-5.244382403006342486e+01
-5.247085570022687051e+01
-5.245276000515978154e+01
-5.324682396226847203e+01
-5.393972169449956056e+01
-5.523069505025619463e+01
-5.642182395283354879e+01
-5.696779550169205919e+01
-5.681390367375011152e+01
-5.687282401178688218e+01
-5.676684481341646915e+01
-5.614686655670814019e+01
-5.528782403629886488e+01
-5.474086178443849349e+01
-5.391890911350915871e+01
-5.435382398278655103e+01
-5.469179101859632652e+01
-5.483183039951904192e+01
-5.540982396903446272e+01
-5.512989396555786215e+01
-5.523280928109041810e+01
-5.468082402912982332e+01
-5.403491109690273220e+01
-5.343192991226975863e+01
-5.262282401014935118e+01
-5.221285009710688030e+01
-5.222395391065983006e+01
-5.253082396830300382e+01
-5.332372601555702119e+01
-5.417559073651647594e+01
-5.490682398568191047e+01
-5.567576396038189301e+01
-5.585382368002245101e+01
-5.556082403269828518e+01
-5.519689444663908517e+01
-5.465084927826537609e+01
-5.391282402517499861e+01
-5.324584721542039745e+01
-5.277290079481399232e+01
-5.246382401896294567e+01
-5.239584945696476836e+01
-5.259382815972366387e+01
-5.240982400512747574e+01
-5.269485474055279184e+01
-5.278781600052288070e+01
-5.262582401700129964e+01
-5.195284385331704158e+01
-5.104792639342042548e+01
-5.037882404284898286e+01
-5.032881967709096216e+01
-4.986387167698849510e+01
-5.029682396760308194e+01
-5.121075867589797070e+01
-5.286657217563242028e+01
-5.409482392847429111e+01
-5.450180286568560462e+01
-5.501475648411756225e+01
-5.499982398669868644e+01
-5.455583504750679680e+01
-5.395794015304319657e+01
-5.271582404616628992e+01
-5.189590021195137126e+01
-5.162283711922858487e+01
-5.152882401039532567e+01
-5.152881519397811161e+01
-5.129095839224403619e+01
-5.167882397794446092e+01
-5.157983600823814641e+01
-5.207671968590642564e+01
-5.194582399983107024e+01
-5.182482848308533363e+01
-5.120990975523820055e+01
-5.063482402775596825e+01
-5.047981839613127164e+01
-5.085671968567876178e+01
-5.072882397272665855e+01
-5.168873914122947610e+01
-5.268268192757924595e+01
-5.370382394625647038e+01
-5.409275275049950693e+01
-5.392281952023419933e+01
-5.362182400953809491e+01
-5.360283280613731449e+01
-5.280786879770803210e+01
-5.247382402105176169e+01
-5.167685650272309772e+01
-5.189881312054487950e+01
-5.151182403057932646e+01
-5.156584561515862219e+01
-5.172780608087777665e+01
-5.204582400156561306e+01
-5.227682271909907286e+01
-5.227089375665932636e+01
-5.220482401344826684e+01
-5.211185890463052317e+01
-5.136388959693019274e+01
-5.076282401543089406e+01
-5.028380494651346311e+01
-4.996091103602178407e+01
-5.024882397825818003e+01
-5.162370631644361652e+01
-5.256071040506849812e+01
-5.391682395042267473e+01
-5.462174730537891065e+01
-5.459585183878837711e+01
-5.467982400133089271e+01
-5.439486594996788682e+01
-5.429084095928036646e+01
-5.350082403188784497e+01
-5.325285169984847755e+01
-5.314486879814793241e+01
-5.293782400250388775e+01
-5.275584033173818455e+01
-5.346670432481740676e+01
-5.315382397872447484e+01
-5.334878989541369521e+01
-5.333887263809527468e+01
-5.315682401505016230e+01
-5.294983344683094373e+01
-5.231295295509063692e+01
-5.206582399520527105e+01
-5.146783216592256593e+01
-5.141078848131352430e+01
-5.181982395568061861e+01
-5.298772040463959598e+01
-5.408765760597174932e+01
-5.572982391329956187e+01
-5.617977372331667851e+01
-5.635474528273930162e+01
-5.639282399743765239e+01
-5.591384849792791556e+01
-5.550789887747627915e+01
-5.480582404786252937e+01
-5.423884033198765309e+01
-5.423777952145073300e+01
-5.467882397611621315e+01
-5.475984321414496492e+01
-5.378214366992276041e+01
-5.353782398537484255e+01
-5.343983168567476127e+01
-5.394569600389546338e+01
-5.359282399331023328e+01
-5.258185474276602633e+01
-5.128698751520225585e+01
-5.061382402005180836e+01
-4.896097275047851838e+01
-4.871600447490151709e+01
-4.854082401301223371e+01
-4.837283088512869966e+01
-4.816788959821835903e+01
-4.906082399924832771e+01
-4.867682400000001053e+01
-4.846703455451107345e+01
-4.836882403197161295e+01
-4.786486771275174590e+01
-4.794181248028773012e+01
-4.792182399138588522e+01
-4.784585186093551101e+01
-4.701581376024454784e+01
-4.732782398878877217e+01
-4.757781038974315635e+01
-4.793888031871614430e+01
-4.810382399742533011e+01
-4.811182335951588840e+01
-4.830883647972909500e+01
-4.858882397817834686e+01
-4.824981119029062882e+01
-4.778491071821240865e+01
-4.787682399999994232e+01
-4.730791014548333351e+01
-4.691588383883173918e+01
-4.735282395594180116e+01
-4.797180478535209858e+01
-4.873264672326735081e+01
-4.948682395142813562e+01
-4.954984289444490031e+01
-4.983579552049372552e+01
-4.948982400679741289e+01
-4.910289717610316984e+01
-4.892780608029116252e+01
-4.805782404707085220e+01
-4.753485426326840724e+01
-4.731590079883579847e+01
-4.795282395872645509e+01
-4.841578637098617577e+01
-4.880979488040955516e+01
-4.936382395278791790e+01
-5.023076475418951503e+01
-4.991486271949754183e+01
-5.011482400876677445e+01
-4.999882928409722638e+01
-4.974288415928495510e+01
-4.911282404389040579e+01
-4.841884833892559925e+01
-4.852382144002762487e+01
-4.851582399791671918e+01
-4.986970438672958039e+01
-5.079967008149334617e+01
-5.214082390731794447e+01
-5.327075738791288018e+01
-5.274392479913187515e+01
-5.253082404515488690e+01
-5.180186659339847921e+01
-5.154186559968705694e+01
-5.114182401684186630e+01
-5.010590214144303900e+01
-4.936201727875729972e+01
-4.996982400271607361e+01
-4.953984273477204425e+01
-5.091061120113591443e+01
-5.182582400373497933e+01
-5.187680846771911547e+01
-5.138079072014130588e+01
-5.123882398784420644e+01
-5.164380542527312201e+01
-5.152580160007064336e+01
-5.159482402541161150e+01
-5.163281791516232033e+01
-5.097311039940837674e+01
-5.226782393778226066e+01
-5.298785170208414286e+01
-5.358064928017008555e+01
-5.432482394759905731e+01
-5.489588420812922465e+01
-5.423095200001483818e+01
-5.432382398428753589e+01
-5.402385026104977328e+01
-5.300291296010738051e+01
-5.296882404503017483e+01
-5.262090022126215416e+01
-5.220689568016466353e+01
-5.234282399090122340e+01
-5.204483456851723844e+01
-5.168477663983937731e+01
-5.209182400477202179e+01
-5.260979085321390158e+01
-5.302379359986365159e+01
-5.288682400166540276e+01
-5.226492456148299937e+01
-5.219085568017643340e+01
-5.174682402099252698e+01
-5.142784353587201451e+01
-5.106692608068006223e+01
-5.148182398061359066e+01
-5.230376218964660495e+01
-5.320374815941174518e+01
-5.432682396172896233e+01
-5.463884337582646111e+01
-5.451888288052069242e+01
-5.404082406318793375e+01
-5.375585506544244652e+01
-5.303190752082979742e+01
-5.286082400762023781e+01
-5.229386675510948379e+01
-5.202477599947053477e+01
-5.160882399915040963e+01
-5.158984497727173846e+01
-5.196278943958103014e+01
-5.256482394087186094e+01
-5.273582896409791942e+01
-5.267394176155540464e+01
-5.288382398567711817e+01
-5.259087908559523328e+01
-5.187600256255335296e+01
-5.148682397533563915e+01
-5.049689557940342155e+01
-5.089573631865030023e+01
-5.175082391403945792e+01
-5.211172968151957718e+01
-5.313961343652928093e+01
-5.334482399773328609e+01
-5.330779645702195069e+01
-5.321884576038232950e+01
-5.230282409485628392e+01
-5.245282399999985046e+01
-5.235489504132583249e+01
-5.197082400032577709e+01
-5.176082432026842639e+01
-5.189361759592229362e+01
-5.166682394703456538e+01
-5.177083280740505700e+01
-5.182492800216798656e+01
-5.242082397037109587e+01
-5.262584017363381861e+01
-5.264682175995078239e+01
-5.283982401732946954e+01
-5.268179277360877677e+01
-5.180010496647014406e+01
-5.097682403476935775e+01
-5.055284786021743315e+01
-5.009584704055560422e+01
-5.090282393222695134e+01
-5.229169044654450715e+01
-5.304970399697462824e+01
-5.461982389979041841e+01
-5.521377387731081399e+01
-5.530277567872895617e+01
-5.520382400366551678e+01
-5.475286787746565409e+01
-5.379098880451430631e+01
-5.321482401916540539e+01
-5.255685618755408939e+01
-5.230685312082935212e+01
-5.233082397753279480e+01
-5.237876538969873508e+01
-5.257484576064347692e+01
-5.290882397196839548e+01
-5.284785186397427736e+01
-5.266775519789004534e+01
-5.254782398425334833e+01
-5.283380750577219231e+01
-5.178695040401402849e+01
-5.118182405911993271e+01
-5.089385186409587902e+01
-5.110780447935874093e+01
-5.183782392349435497e+01
-5.275475065641478523e+01
-5.391070079581860597e+01
-5.531582394823337268e+01
-5.578082079721631459e+01
-5.642975519758984859e+01
-5.617082397119020953e+01
-5.558883360837177179e+01
-5.531881567969930558e+01
-5.477582399897195131e+01
-5.405987748671984150e+01
-5.365284800089299466e+01
-5.332182400653042720e+01
-5.378874072708064347e+01
-5.385191680355441690e+01
-5.425282399551802825e+01
-5.440980029919421668e+01
-5.523277535808378502e+01
-5.473582408103440144e+01
-5.478387044086895230e+01
-5.449594208478039548e+01
-5.388982404405066973e+01
-5.383579549485255455e+01
-5.426978143823035339e+01
-5.517382390919674151e+01
-5.565375465867560933e+01
-5.702861055089287845e+01
-5.763882394893649774e+01
-5.824677195385770290e+01
-5.853074879670928254e+01
-5.836982403348325477e+01
-5.821780302135525176e+01
-5.788080543916743892e+01
-5.685582404516809163e+01
-5.621886771895002965e+01
-5.641880479911779389e+01
-5.683882398133882674e+01
-5.733379053010798287e+01
-5.790273407577078757e+01
-5.837382398057697230e+01
-5.847577003168317589e+01
-5.803097376720682377e+01
-5.728982406894922974e+01
-5.748480622404671436e+01
-5.737479519858251109e+01
-5.701482403848419267e+01
-5.734184209627994733e+01
-5.787076511703789805e+01
-5.886982399429927426e+01
-6.016171414092718095e+01
-6.091570367381595474e+01
-6.199182395473730622e+01
-6.205780878624670294e+01
-6.163287072245211107e+01
-6.163582401075135664e+01
-6.140786051308713667e+01
-6.035309889472750200e+01
-5.970382405631089284e+01
-5.907790567418893346e+01
-5.885487840297389539e+01
-5.873082404926540079e+01
-5.903480013827294925e+01
-5.971369535282693874e+01
-5.987782400927912363e+01
-6.002481054772179192e+01
-5.982296608807728688e+01
-5.958982402815992430e+01
-5.890089558549291127e+01
-5.830795104736085932e+01
-5.748982402715041928e+01
-5.688284754158921430e+01
-5.656592992625272132e+01
-5.714282393861359566e+01
-5.771173143490941726e+01
-5.856759550626263433e+01
-5.911482397513098874e+01
-5.893587636825353826e+01
-5.873790784513223429e+01
-5.870482399168653131e+01
-5.787589782818816531e+01
-5.672505665449488532e+01
-5.569682407724099704e+01
-5.510685811157991054e+01
-5.443087424318500922e+01
-5.444082400258194809e+01
-5.417086675967946263e+01
-5.467772351352005700e+01
-5.432082403119569847e+01
-5.440883200744795545e+01
-5.437782528008386151e+01
-5.424782400408047067e+01
-5.390985811180311060e+01
-5.319895808893915046e+01
-5.218082407427721137e+01
-5.195682271880258440e+01
-5.143390144524731511e+01
-5.170882397724361823e+01
-5.268676410389625175e+01
-5.357365502836658067e+01
-5.432182394824906169e+01
-5.507877643534330758e+01
-5.502788224407342454e+01
-5.481982404064119407e+01
-5.403992265283616803e+01
-5.302793184766029100e+01
-5.161182409342237065e+01
-5.067691128232630149e+01
-5.031688832463902372e+01
-4.997782401672451158e+01
-5.033377915760599564e+01
-5.035981727950787246e+01
-5.036582399457764581e+01
-5.045085170625372228e+01
-5.045986304290089919e+01
-5.043982404918791929e+01
-5.012286115528840469e+01
-4.958189344523557907e+01
-4.880082403702451899e+01
-4.838178940706969655e+01
-4.822077407618149181e+01
-4.882682395715171708e+01
-4.949974568527865415e+01
-5.060366878795932877e+01
-5.181582393867472547e+01
-5.224180318008988877e+01
-5.245078943728098864e+01
-5.219082403285593585e+01
-5.139793610745181951e+01
-5.087793632895892415e+01
-5.049282401410124521e+01
-4.963187156569399150e+01
-4.909291840763248160e+01
-4.929882399382978519e+01
-4.950484289819563344e+01
-4.996485664267460436e+01
-4.975782401456475412e+01
-5.002981455088136187e+01
-5.007386656353396859e+01
-4.990682400155081666e+01
-4.950888053467956951e+01
-4.901697857300266037e+01
-4.822182403602614897e+01
-4.808380862509600462e+01
-4.754494881063521206e+01
-4.754882400168907708e+01
-4.866375048858012775e+01
-4.991069150856565528e+01
-5.137182391114244240e+01
-5.208377547274773889e+01
-5.206580351820994679e+01
-5.176282400796888084e+01
-5.148088133595425120e+01
-5.096692544897644694e+01
-5.024082407793783744e+01
-4.975287637122330864e+01
-4.966775199354993475e+01
-4.963782399251367394e+01
-4.928582464062791502e+01
-4.963473727213664688e+01
-5.000882396181071954e+01
-4.992684706265758621e+01
-4.984886176346496001e+01
-4.992482402680327169e+01
-4.942487444967366628e+01
-4.925587008427864077e+01
-4.887782402144635086e+01
-4.876085635192466583e+01
-4.889478399624198346e+01
-4.907482397252383777e+01
-5.027576378044418703e+01
-5.155555677460580455e+01
-5.274682393798279634e+01
-5.312682720317478413e+01
-5.334479263698530360e+01
-5.333882404136425492e+01
-5.304884754338631581e+01
-5.216197633480845042e+01
-5.173182407545323969e+01
-5.138983441036351962e+01
-5.092886336386936819e+01
-5.084782403232573955e+01
-5.057883905502021804e+01
-5.101682848044524832e+01
-5.099682401775146445e+01
-5.172678876476916798e+01
-5.196784256186499107e+01
-5.182182399069657208e+01
-5.140487637247967712e+01
-5.072700001787865176e+01
-5.053082398796893671e+01
-4.946195196850948861e+01
-5.016485920361400730e+01
-5.060782396693083030e+01
-5.181074888440303283e+01
-5.273669822695020315e+01
-5.425482392091863204e+01
-5.500975977522365667e+01
-5.502180351785244738e+01
-5.508082406307332946e+01
-5.463389495171538357e+01
-5.384797121559553545e+01
-5.358682399795120688e+01
-5.255288486164928230e+01
-5.260574943201901732e+01
-5.277582394755715711e+01
-5.268992458210305330e+01
-5.292282752038049409e+01
-5.294082396101362775e+01
-5.325975480961242425e+01
-5.337481343884649476e+01
-5.362082398334724331e+01
-5.331486820506609092e+01
-5.282495329426111397e+01
-5.232382402414543776e+01
-5.206778748269164936e+01
-5.178877887497333887e+01
-5.234982397288848688e+01
-5.359370179488181662e+01
-5.450270686682456045e+01
-5.565982393357555225e+01
-5.586281118685344182e+01
-5.630268030367989240e+01
-5.629082400250232610e+01
-5.564385379063043757e+01
-5.496992865199966616e+01
-5.463882405100983419e+01
-5.440982223818451757e+01
-5.379597025692979173e+01
-5.370482402445104952e+01
-5.379883841488396712e+01
-5.366184384231839033e+01
-5.370382398305146410e+01
-5.426775288641653816e+01
-5.416379231626321200e+01
-5.392382402653910844e+01
-5.396379949459005587e+01
-5.339490016906600545e+01
-5.252282407559266630e+01
-5.219585587311885888e+01
-5.248178495530989807e+01
-5.289582393141662209e+01
-5.377775496811934630e+01
-5.496567550200070684e+01
-5.620582394313005636e+01
-5.709376489833061186e+01
-5.785268382285642019e+01
-5.747782403219230218e+01
-5.718884898612591172e+01
-5.635295585626965220e+01
-5.542082405558677749e+01
-5.486086452245936584e+01
-5.476279679661361399e+01
-5.491582398517835628e+01
-5.572077322668890531e+01
-5.597782880060275801e+01
-5.556782402528686760e+01
-5.571083232876306823e+01
-5.563685120344558044e+01
-5.564082399713556271e+01
-5.449191177254170526e+01
-5.484782720040880832e+01
-5.395782405986564356e+01
-5.359584386098332232e+01
-5.404561661327947064e+01
-5.384982399481905446e+01
-5.474175032199735114e+01
-5.583158588906107411e+01
-5.680082392267566860e+01
-5.698582448050962768e+01
-5.734886976599641883e+01
-5.748582395762885255e+01
-5.702886420273745216e+01
-5.652386656562347156e+01
-5.586482401652535401e+01
-5.515983104750706190e+01
-5.484486176503045840e+01
-5.565082395044937869e+01
-5.536382768393217191e+01
-5.524185536421197185e+01
-5.549782401019604094e+01
-5.537585555374932511e+01
-5.513892385351886816e+01
-5.535882398262494064e+01
-5.485085715553482544e+01
-5.425198274166483259e+01
-5.383382402092905750e+01
-5.361184914700631055e+01
-5.336184032224528551e+01
-5.390882393588900356e+01
-5.490173013899400445e+01
-5.627357436538544277e+01
-5.709282394985371667e+01
-5.785075704780528127e+01
-5.819580511736103290e+01
-5.837882398599638378e+01
-5.751287621641865400e+01
-5.699788992928552744e+01
-5.622282406486425543e+01
-5.567385619485585835e+01
-5.532488928926659355e+01
-5.537482399037311609e+01
-5.565278203447418548e+01
-5.594081631890133366e+01
-5.596982399554630661e+01
-5.640676970097609910e+01
-5.642683104101460856e+01
-5.644282398794685207e+01
-5.607287477530394426e+01
-5.542892993538217183e+01
-5.486682403266410546e+01
-5.452483793520833899e+01
-5.480173598712400462e+01
-5.481482399222586821e+01
-5.589173077805712353e+01
-5.677565309481087041e+01
-5.752982394290680901e+01
-5.800677770927790533e+01
-5.799379295539049650e+01
-5.759982402598446072e+01
-5.701691353830458553e+01
-5.622691585373820544e+01
-5.509182407888759059e+01
-5.420585459365550207e+01
-5.388889473065605529e+01
-5.347882403923350125e+01
-5.354485491407538689e+01
-5.373067805785328233e+01
-5.359282401406587582e+01
-5.320688919200059530e+01
-5.320382912078260063e+01
-5.321682400090944043e+01
-5.261586836909957299e+01
-5.208284416310356590e+01
-5.143082402415937793e+01
-5.091588983299540416e+01
-5.118476447077163982e+01
-5.172282392065393708e+01
-5.175781839377152949e+01
-5.305364125147073651e+01
-5.366182397145531269e+01
-5.383378507667226387e+01
-5.407577183179891733e+01
-5.351682405385388819e+01
-5.281687782002711629e+01
-5.266089857180415379e+01
-5.130782409737311411e+01
-5.089887013155238549e+01
-5.028690817341581010e+01
-5.069982398647495359e+01
-5.096179436682002972e+01
-5.099597442413924853e+01
-5.136082393807505042e+01
-5.131383569311807946e+01
-5.107488128925588455e+01
-5.083182397066561009e+01
-5.097880045353272749e+01
-5.066385216458111529e+01
-5.031682407025228088e+01
-5.004184578453428145e+01
-5.000475422857513763e+01
-5.037682394525327823e+01
-5.168972661010509029e+01
-5.274559868285925290e+01
-5.375382393704708051e+01
-5.410579676921339143e+01
-5.442672158300614171e+01
-5.421082402165462355e+01
-5.380780461804491210e+01
-5.305600130961408212e+01
-5.199882406198677387e+01
-5.168083633399833587e+01
-5.107186432677930554e+01
-5.079282401095409938e+01
-5.100279212375308191e+01
-5.145278623360988490e+01
-5.168182399592225806e+01
-5.266679789025337044e+01
-5.300781567858296484e+01
-5.249082399497002882e+01
-5.246986244388259735e+01
-5.147000611121052316e+01
-5.103982406301400943e+01
-5.102781903432101274e+01
-5.149878079254792596e+01
-5.268682389769088559e+01
-5.354775015538680805e+01
-5.479463836778108288e+01
-5.590982392452246330e+01
-5.607382736386167466e+01
-5.664271742138568300e+01
-5.606782409784570831e+01
-5.588482255834180989e+01
-5.476002371509876099e+01
-5.438282404752079913e+01
-5.438582383981536594e+01
-5.405792353760170244e+01
-5.429082400000004327e+01
-5.467370690480889550e+01
-5.458786912802938218e+01
-5.488882401596309535e+01
-5.548481599073554094e+01
-5.559679551490067695e+01
-5.572482396816394612e+01
-5.561781246663407074e+01
-5.512490081383468521e+01
-5.453482410357284493e+01
-5.438079500633616448e+01
-5.438877087037304392e+01
-5.489482395163563666e+01
-5.556478827844686919e+01
-5.699956059198382974e+01
-5.795982390837500731e+01
-5.844179708863667599e+01
-5.856575550743993830e+01
-5.803182401823568171e+01
-5.753884226132204560e+01
-5.647190881564586817e+01
-5.562982408102509169e+01
-5.532585059110592596e+01
-5.479688737175928281e+01
-5.465782401799044976e+01
-5.459477145842316048e+01
-5.484574846590150088e+01
-5.500482393697894423e+01
-5.499380637931081850e+01
-5.571970237716637797e+01
-5.587482399690727419e+01
-5.550583489281340377e+01
-5.465092225855441654e+01
-5.319882413849219205e+01
-5.306287830399715233e+01
-5.281890657568293790e+01
-5.334382392643706794e+01
-5.406673044954718677e+01
-5.484875230630559173e+01
-5.609882391006144786e+01
-5.629484658671674424e+01
-5.640579423428194161e+01
-5.549882406747465069e+01
-5.443195968078612879e+01
-5.372296418708332055e+01
-5.308782402780403231e+01
-5.211685347499296483e+01
-5.175289217324507973e+01
-5.162582410551706857e+01
-5.197580942266187520e+01
-5.224889281344449188e+01
-5.163682414489779404e+01
-5.220983761622466091e+01
-5.221183232163490118e+01
-5.236582396771400738e+01
-5.154592075550134922e+01
-5.117789025308874784e+01
-5.027082407615648663e+01
-4.947690922191873852e+01
-4.937580959713887552e+01
-4.979682394080872143e+01
-5.003477209781595292e+01
-5.086872381999024384e+01
-5.227882387853620116e+01
-5.247186436845333191e+01
-5.231279839485772953e+01
-5.238782394974317214e+01
-5.181188631493095187e+01
-5.120394082358900789e+01
-5.059382406709359259e+01
-5.021384274257798808e+01
-4.992287040942157006e+01
-4.959682397032328538e+01
-4.948182928637962164e+01
-4.983483840293967404e+01
-5.009882396925343784e+01
-4.982184850963187728e+01
-5.018276990890096556e+01
-5.008782398871959884e+01
-5.065381422816465573e+01
-5.052875902659715734e+01
-4.992982406411091745e+01
-4.935484626701758515e+01
-4.930978463183618032e+01
-5.014082388943334223e+01
-5.087775303373891234e+01
-5.189670941611353783e+01
-5.308382388768028903e+01
-5.392173381017579459e+01
-5.451979839463427879e+01
-5.416782400763922567e+01
-5.375487862663785421e+01
-5.307191873995640918e+01
-5.260082408352400307e+01
-5.245080974257663797e+01
-5.215689089416385116e+01
-5.204782398857921777e+01
-5.225376328567145379e+01
-5.279071997786149950e+01
-5.306782399795027061e+01
-5.321385732086515219e+01
-5.307483744287568328e+01
-5.343182400000000598e+01
-5.375179115965273979e+01
-5.328083392213337532e+01
-5.303982401492108067e+01
-5.267585027233516826e+01
-5.275781471799421496e+01
-5.337982393349151522e+01
-5.437073188642897748e+01
-5.563260475238215719e+01
-5.701382385758579119e+01
-5.744580429566273239e+01
-5.769579743420128182e+01
-5.735282405331958699e+01
-5.716283681585706944e+01
-5.673896066998114662e+01
-5.607582404633839701e+01
-5.513887862770987169e+01
-5.530678111054462676e+01
-5.517782401801837722e+01
-5.509182335920432649e+01
-5.546676094603037654e+01
-5.567182393680851504e+01
-5.579782704378595781e+01
-5.592084992577216696e+01
-5.551482403461648829e+01
-5.535285668072061327e+01
-5.497491201969274499e+01
-5.437982406501448907e+01
-5.419388551678454746e+01
-5.404884736525298194e+01
-5.464882394236518337e+01
-5.535079372214155313e+01
-5.637465660218279595e+01
-5.746882389797490731e+01
-5.795176632776293246e+01
-5.834170301253549695e+01
-5.833482401420333474e+01
-5.796386356964897146e+01
-5.709699747956948102e+01
-5.647482405165546737e+01
-5.619783649570582185e+01
-5.582483104161385512e+01
-5.620882394331255227e+01
-5.594182576221876957e+01
-5.632878111012361444e+01
-5.619582399294412056e+01
-5.650880974201704987e+01
-5.660877822941031923e+01
-5.657782399911623372e+01
-5.625682448060726415e+01
-5.595986336915159853e+01
-5.535882405844171927e+01
-5.511785171507653303e+01
-5.502779775387033112e+01
-5.548782393061891582e+01
-5.604078843491104323e+01
-5.730058746450018248e+01
-5.846582387376579959e+01
-5.897780381436498942e+01
-5.928875038264637709e+01
-5.905482402672164710e+01
-5.830587142032548087e+01
-5.778488769508407330e+01
-5.723782404123198830e+01
-5.674684018061925173e+01
-5.618191682208312443e+01
-5.609282401073050295e+01
-5.638276808862924838e+01
-5.657572445620918700e+01
-5.637682398226006342e+01
-5.628487927067324392e+01
-5.605984320461086412e+01
-5.544682404811702270e+01
-5.484490009746973982e+01
-5.445884576524938581e+01
-5.361682406350128360e+01
-5.355883873891043834e+01
-5.392173309797716740e+01
-5.455282390969986750e+01
-5.536376952999469836e+01
-5.668859674469495502e+01
-5.769482390591313958e+01
-5.815479067710052163e+01
-5.840870493089339988e+01
-5.809682404487268315e+01
-5.776783329198262606e+01
-5.730296739520948535e+01
-5.683982402012295410e+01
-5.621586869773791051e+01
-5.589706021825906390e+01
-5.590982413059693812e+01
-5.625975062505876423e+01
-5.541090241942632133e+01
-5.564682397816168447e+01
-5.597972066606929076e+01
-5.646464507548124345e+01
-5.689082401440446546e+01
-5.654685059452699392e+01
-5.548601668815346244e+01
-5.482182408129475704e+01
-5.468484370562625685e+01
-5.481773469758558548e+01
-5.518782397657160033e+01
-5.626675623172314289e+01
-5.741558137883896507e+01
-5.852782392976413917e+01
-5.889081614975690826e+01
-5.878590946163681252e+01
-5.845882405034282669e+01
-5.835782400000005055e+01
-5.797394691125226274e+01
-5.700482410842444381e+01
-5.677782416020986034e+01
-5.597091074215024520e+01
-5.602982398635215588e+01
-5.616283345239540381e+01
-5.608786913157391041e+01
-5.570382404176049107e+01
-5.571980589622052804e+01
-5.529484352502848310e+01
-5.490082403332345251e+01
-5.445789208958507999e+01
-5.391094179046391588e+01
-5.336482405267622653e+01
-5.309389913902366231e+01
-5.295384192465541418e+01
-5.336682390559914069e+01
-5.417975542948368428e+01
-5.527166395825989298e+01
-5.639982388326654217e+01
-5.697176279907867524e+01
-5.716089869810739543e+01
-5.692994703105760834e+01
-5.654836551200225614e+01
-5.593844173026678135e+01
-5.491847217282438010e+01
-5.415937287492265995e+01
-5.423799160415781984e+01
-5.373664906723864476e+01
-5.412833115468661305e+01
-5.338099358600556599e+01
-5.380256691730627239e+01
-5.368235677684407392e+01
-5.371456161930885997e+01
-5.322755402437385186e+01
-5.329168869061707881e+01
-5.332701565758579676e+01
-5.324855100000013408e+01
-5.324827989105707360e+01
-5.337130950485919101e+01
-5.349507200145067287e+01
-5.474681790570930673e+01
-5.558373577258967657e+01
-5.560041799683992281e+01
-5.569228395994359460e+01
-5.549480858291207142e+01
-5.600361594730809145e+01
-5.554011828568893350e+01
-5.468044783465096970e+01
-5.437501499861104293e+01
-5.384046460936303902e+01
-5.407223104588935314e+01
-5.408424395956971864e+01
-5.425219387265132553e+01
-5.484069291998647344e+01
-5.507167099284264111e+01
-5.484295416364000886e+01
-5.556790993614506391e+01
-5.568385289599179799e+01
-5.541458144039047795e+01
-5.511443837133391099e+01
-5.445723004639105369e+01
-5.358301266377825556e+01
-5.331133564267781111e+01
-5.392219594736720012e+01
-5.488688143421261145e+01
-5.602714898060103366e+01
-5.682295193924207410e+01
-5.752411928586194279e+01
-5.769463845621933018e+01
-5.784932001905460197e+01
-5.768894279217943222e+01
-5.730734043495443331e+01
-5.672883605242766691e+01
-5.620167463919537454e+01
-5.615381241465851048e+01
-5.597999601240410072e+01
-5.614219207074999929e+01
-5.665848292723187996e+01
-5.687245198006353775e+01
-5.731565584928385704e+01
-5.731992321334229246e+01
-5.730921903714612142e+01
-5.723489090091992892e+01
-5.665608824571160085e+01
-5.539765905907950128e+01
-5.518891886317269524e+01
-5.529887280919796666e+01
-5.587812791602821960e+01
-5.711329278346337190e+01
-5.806823861301993617e+01
-5.899024996471923288e+01
-5.956790619207045978e+01
-5.955509215130931011e+01
-5.932392903477332879e+01
-5.901759758647414600e+01
-5.842611462868934069e+01
-5.754841601074991786e+01
-5.668890843300771820e+01
-5.608742179811311956e+01
-5.581617696704844178e+01
-5.618509156113062630e+01
-5.630617562508984975e+01
-5.612727405126209135e+01
-5.621474223187679797e+01
-5.597726703831676076e+01
-5.579872104699223456e+01
-5.588152453474297232e+01
-5.550179719687533719e+01
-5.539155595276846356e+01
-5.472040349721471131e+01
-5.431666559502947678e+01
-5.452821396278489630e+01
-5.537456886912067233e+01
-5.653142201034347636e+01
-5.700611897300583308e+01
-5.717288481776058262e+01
-5.781531055502657068e+01
-5.726228305918861849e+01
-5.723332716318166291e+01
-5.631264884332069443e+01
-5.591993704096721984e+01
-5.538347182659057211e+01
-5.505779303344848330e+01
-5.466169706359973191e+01
-5.455107734955237930e+01
-5.443098319222553272e+01
-5.433894406255910070e+01
-5.428834251604111927e+01
-5.473476969463193598e+01
-5.433076505575450454e+01
-5.407118822325971763e+01
-5.408974946456748256e+01
-5.328468300785208811e+01
-5.289212664791204332e+01
-5.186809157101361478e+01
-5.239112897553710013e+01
-5.303481887320629795e+01
-5.408346661015241352e+01
-5.456727601288816487e+01
-5.415944335578689817e+01
-5.416847200000017892e+01
-5.407911688641146242e+01
-5.292988269856107308e+01
-5.255649649854793637e+01
-5.186439509270142878e+01
-5.188840932374675674e+01
-5.134400096541747160e+01
-5.156221006391831452e+01
-5.166710191521872275e+01
-5.185175955974344930e+01
-5.251490799605119264e+01
-5.282818916690057165e+01
-5.207502510638347104e+01
-5.183985908036929402e+01
-5.175625863240164648e+01
-5.159705017615429767e+01
-5.139057898811271485e+01
-5.064830129217169485e+01
-5.046715325500714755e+01
-5.036409002612822405e+01
-5.106434721755704231e+01
-5.184985203498134609e+01
-5.268263200161049298e+01
-5.324508164991469528e+01
-5.379026777578249607e+01
-5.310597202118074023e+01
-5.295020395632435850e+01
-5.196065652182790018e+01
-5.141346706709403946e+01
-5.080126397897334556e+01
-5.023186752034161628e+01
-4.993360905064960775e+01
-5.007876909433843338e+01
-5.034919076362815815e+01
-5.088117992872247441e+01
-5.100215687206750204e+01
-5.129808316305664562e+01
-5.140162597723733739e+01
-5.108683340516052596e+01
-5.002030939239859464e+01
-4.966493201185145523e+01
-4.874076938886061328e+01
-4.888510253261588900e+01
-4.933222894875316200e+01
-4.997615326058186014e+01
-5.095291719015814635e+01
-5.223878489440571116e+01
-5.289114536274172451e+01
-5.322721170283458036e+01
-5.306953404207565228e+01
-5.244820526770967462e+01
-5.174618902201857651e+01
-5.107936106870749882e+01
-5.028250331648126803e+01
-4.991514581097808900e+01
-4.979280101585243301e+01
-4.977621855957468711e+01
-5.012991744340297373e+01
-5.048115498072036900e+01
-5.109884669978566052e+01
-5.089164814299392958e+01
-5.075001498847603898e+01
-5.025045563018912276e+01
-4.987801201400848328e+01
-4.921791107842012991e+01
-4.872031433480365337e+01
-4.852968120425591536e+01
-4.872138999970786699e+01
-4.958642356239204219e+01
-5.043882082290339497e+01
-5.176521287743077693e+01
-5.215131918355027807e+01
-5.247733139710451411e+01
-5.244343499366389239e+01
-5.219915443507379393e+01
-5.190130884441428094e+01
-5.092884809755404518e+01
-5.045821555496686273e+01
-4.999915593324814012e+01
-4.997004698435574710e+01
-4.955874148419190561e+01
-4.953433304057297448e+01
-4.939015201733622717e+01
-4.960057488736762110e+01
-4.943965482944700796e+01
-4.920558102527137123e+01
-4.931305460152146480e+01
-4.856311257125528869e+01
-4.801100101810122567e+01
-4.749961291946681996e+01
-4.768090721626991524e+01
-4.811634793481626815e+01
-4.917965649740084899e+01
-5.042053782567221987e+01
-5.163111889263365128e+01
-5.239637358841722659e+01
-5.287139688473403254e+01
-5.292646800497409743e+01
-5.238903979543224665e+01
-5.191750099314941735e+01
-5.080995215186332814e+01
-5.021927678536150097e+01
-5.023749190243828622e+01
-5.025538589890664554e+01
-4.975170349968244921e+01
-4.970084661152663585e+01
-5.050782795784189716e+01
-5.077182648809917964e+01
-4.982014944384958000e+01
-5.003309608961760091e+01
-4.990680730859315872e+01
-4.970759563791281010e+01
-5.023933383038417588e+01
-4.971439312952393408e+01
-4.941854684996916802e+01
-5.022334186952371482e+01
-5.039630048919699590e+01
-5.195102061835198271e+01
-5.301862992068451774e+01
-5.374987798769649316e+01
-5.404487761930231926e+01
-5.406831301909877396e+01
-5.313546722751159734e+01
-5.226310942563313233e+01
-5.195021003079934729e+01
-5.144447662878094718e+01
-5.085387199920801038e+01
-5.106465093055306426e+01
-5.093543284802969140e+01
-5.140881610918408740e+01
-5.074561994852756897e+01
-4.988497893224058544e+01
-5.013000249544941767e+01
-4.978651397044717442e+01
-4.973440633309841985e+01
-4.940804009767703775e+01
-4.907221901806653364e+01
-4.861242394328995431e+01
-4.840226729509856085e+01
-4.841639700000007451e+01
-4.860945100000003549e+01
-4.944379258259217380e+01
-5.023969991750458775e+01
-5.093258636451715660e+01
-5.062312116165108478e+01
-5.038917498905982484e+01
-4.982188833676963924e+01
-4.927158293490328589e+01
-4.878596404052409241e+01
-4.831328338339549333e+01
-4.860217026200995605e+01
-4.858729493087503926e+01
-4.895095955739274274e+01
-4.898759192016261466e+01
-5.006214888311473743e+01
-5.076558651040200232e+01
-5.081062792211781698e+01
-5.143293695100641827e+01
-5.107148692047331195e+01
-5.051805655360301728e+01
-4.995545912935676114e+01
-4.965080119497659439e+01
-4.969041764974990372e+01
-5.026521283570632193e+01
-5.115248361969466373e+01
-5.158123693802419751e+01
-5.250208995405720458e+01
-5.283290312228977825e+01
-5.270455978790646157e+01
-5.256404102928041056e+01
-5.110863816603335152e+01
-5.014961197642137591e+01
-4.979664596803623056e+01
-5.049830227164564889e+01
-4.946084312704273600e+01
-4.977210989125102714e+01
-5.041433473019145595e+01
-5.110216328557861942e+01
-5.108570795051254265e+01
-5.173234708827846617e+01
-5.181893826467732822e+01
-5.165699704990369412e+01
-5.151165182471544313e+01
-5.140904660081748290e+01
-5.077821308342132056e+01
-5.038373897025709169e+01
-5.014781153875447473e+01
-5.022126692183065444e+01
-5.091914822773836846e+01
-5.170571206718007318e+01
-5.250550793018192763e+01
-5.292807505542106838e+01
-5.333411738552359793e+01
-5.321626204265595561e+01
-5.237057860355983507e+01
-5.172113644069706595e+01
-5.107136506979207269e+01
-5.050390882590534147e+01
-5.011507516377917426e+01
-4.998567194711337436e+01
-4.986999904552424567e+01
-4.974491472883869392e+01
-4.972791998623854681e+01
-4.982229676450788958e+01
-4.976165267964533712e+01
-4.956745901073077221e+01
-4.927228176167390927e+01
-4.885487153493671997e+01
-4.860462898778578733e+01
-4.695701898583981659e+01
-4.664248700188218066e+01
-4.657508804410045400e+01
-4.733334000738268088e+01
-4.865118997350943886e+01
-4.940351786151173030e+01
-4.913504836667297582e+01
-4.918810594986952367e+01
-4.877760300863547371e+01
-4.782483944001033649e+01
-4.712692851228461421e+01
-4.616273506964510176e+01
-4.518266130208238707e+01
-4.550527693499164883e+01
-4.540016098249633814e+01
-4.548189080486340430e+01
-4.567173263488815849e+01
-4.585975604722397492e+01
-4.521043494486477243e+01
-4.566988748861087544e+01
-4.508058097254789232e+01
-4.421192958142860618e+01
-4.370864046450233786e+01
-4.298231505110290129e+01
-4.200985131389104055e+01
-4.203578516240980179e+01
-4.205677698986673363e+01
-4.290067475631204985e+01
-4.343656650695426436e+01
-4.433467098421276376e+01
-4.485762000000011085e+01
-4.407975466686589527e+01
-4.374385010517266892e+01
-4.342187406169070840e+01
-4.287232765261299505e+01
-4.222840805165436251e+01
-4.186636142948326267e+01
-4.125746457622245345e+01
-4.131642105227862771e+01
-4.200211902532125663e+01
-4.189145503929128012e+01
-4.165730207308892830e+01
-4.209095016303466963e+01
-4.222563560263768068e+01
-4.181922907902179531e+01
-4.125597338151251847e+01
-4.048307117055412618e+01
-3.968537912172628523e+01
-3.958131405865366048e+01
-3.975300707267622613e+01
-3.963520799023462615e+01
-4.081130101153088674e+01
-4.202403247781480644e+01
-4.306214888217421333e+01
-4.375594367014782193e+01
-4.375024680871482019e+01
-4.414320294457584737e+01
-4.367662316612925366e+01
-4.308473090667551730e+01
-4.204194609784214265e+01
-4.147246608610115715e+01
-4.110862075623265355e+01
-4.063685606244339965e+01
-4.099974368056732743e+01
-4.132344840047144174e+01
-4.155165095643212680e+01
-4.170806573812660645e+01
-4.196627729793325301e+01
-4.190425096424706197e+01
-4.180674269342267735e+01
-4.172602039914717409e+01
-4.096144111829806889e+01
-4.096247071287929487e+01
-4.098603309559900509e+01
-4.180720488804705326e+01
-4.267167325696740221e+01
-4.409867849314170485e+01
-4.545869378842444064e+01
-4.575857623027102505e+01
-4.632928049641027712e+01
-4.621925303112544725e+01
-4.567768052417250146e+01
-4.509424370439977281e+01
-4.420008811195497600e+01
-4.380612324478169484e+01
-4.368016739814163429e+01
-4.368049601699152618e+01
-4.413522109993266440e+01
-4.409368885709925934e+01
-4.402534395372731524e+01
-4.423028454525574915e+01
-4.384496011065647281e+01
-4.382337901574909722e+01
-4.398755640939386069e+01
-4.333339191495876008e+01
-4.280799808894953173e+01
-4.235137538354100428e+01
-4.257863888151456422e+01
-4.323915091798055244e+01
-4.423125637258232956e+01
-4.550131368026957546e+01
-4.681800781787893584e+01
-4.753271658926450982e+01
-4.788193282701145392e+01
-4.792634501633401811e+01
-4.783441797748889712e+01
-4.700596390111786604e+01
-4.603602614502134571e+01
-4.554659942782196680e+01
-4.530097527019551507e+01
-4.554518095214419304e+01
-4.557512676620777370e+01
-4.598719056929269300e+01
-4.599128695910085440e+01
-4.584826278523491538e+01
-4.637851791390283296e+01
-4.622114505331840206e+01
-4.607179164790032644e+01
-4.576598259639971644e+01
-4.540132106373511078e+01
-4.495102789667902954e+01
-4.498768076093904966e+01
-4.545472694147981230e+01
-4.674488134927546668e+01
-4.791599441385926639e+01
-4.919074991712233214e+01
-5.024355438155092202e+01
-5.040450246399188927e+01
-5.066163603489606260e+01
-5.076002122415005857e+01
-5.062343571539623355e+01
-5.010816904007322137e+01
-4.962760094827518031e+01
-4.925630733643956205e+01
-4.917909199298875933e+01
-4.946483790050325524e+01
-4.932372290055752018e+01
-4.927088905477626923e+01
-5.004126643127225549e+01
-5.000454557386477461e+01
-5.009138398409791648e+01
-4.994750517186821526e+01
-4.937675592774715483e+01
-4.888154603373601503e+01
-4.836383402478785598e+01
-4.857636225911524974e+01
-4.905207788853932271e+01
-4.992394942697272597e+01
-5.133545805055906897e+01
-5.263337680165180643e+01
-5.350774154506851943e+01
-5.385166734880628070e+01
-5.363069098490824871e+01
-5.321796422114131531e+01
-5.237405739016892880e+01
-5.164863507504905016e+01
-5.069994109622017930e+01
-5.012710585002071895e+01
-4.982374506186187091e+01
-4.968340115222475362e+01
-4.994880467141604186e+01
-5.006971696420268358e+01
-5.070202935850149828e+01
-5.053986445407524286e+01
-5.045899902288724803e+01
-4.987166094543547246e+01
-4.930463686128111789e+01
-4.862855505659944555e+01
-4.806244390602223859e+01
-4.829164037110560059e+01
-4.811158695610934188e+01
-4.923460187421672885e+01
-5.035838516803844556e+01
-5.117726090318559073e+01
-5.172630328183910819e+01
-5.183038936698680743e+01
-5.178279104861098858e+01
-5.132948231665908878e+01
-5.054759379578297285e+01
-4.960633813333108577e+01
-4.877508304926205795e+01
-4.808980177573988612e+01
-4.786463901554930089e+01
-4.773299650612184308e+01
-4.774701190864751510e+01
-4.756324706177505135e+01
-4.784357710882174786e+01
-4.771227558530443247e+01
-4.775154103312879528e+01
-4.740408963819832877e+01
-4.702545783628364262e+01
-4.610054016066319349e+01
-4.565213871219162201e+01
-4.556018556213783199e+01
-4.601533491381128727e+01
-4.686430563884735534e+01
-4.791590957034767939e+01
-4.915309089453810998e+01
-4.973901084194052657e+01
-5.016765349271813790e+01
-4.997932398826891642e+01
-4.944146488357001346e+01
-4.888476130875267955e+01
-4.793501215379623659e+01
-4.721283136396533564e+01
-4.674366379979483099e+01
-4.657423404028669012e+01
-4.592037932896051444e+01
-4.596700500005025702e+01
-4.603077703812397203e+01
-4.616973574599268204e+01
-4.604242460572304907e+01
-4.590711902251380394e+01
-4.529072824112901685e+01
-4.446207212763595606e+01
-4.395686302365800913e+01
-4.343537073702065499e+01
-4.347321364955681133e+01
-4.365870593292619617e+01
-4.427443389755437408e+01
-4.541444950080546761e+01
-4.661909390245872942e+01
-4.717378571379307317e+01
-4.752761949178766088e+01
-4.744984401702205901e+01
-4.711124940836101160e+01
-4.618852946018937189e+01
-4.527064515952753254e+01
-4.486112494320533273e+01
-4.423787832547934329e+01
-4.398573295374998793e+01
-4.365236200311311165e+01
-4.378200815278237457e+01
-4.468354780890138045e+01
-4.487608447413026624e+01
-4.468642127606322134e+01
-4.438221703917468375e+01
-4.443046024457523657e+01
-4.359516025101126502e+01
-4.318690401048166194e+01
-4.268865526087450490e+01
-4.247723008982212889e+01
-4.247669897999584521e+01
-4.345707076518651490e+01
-4.463811119611213485e+01
-4.522120593481888307e+01
-4.550121463255857890e+01
-4.547560557778198387e+01
-4.509657208582610366e+01
-4.477706007765042528e+01
-4.428693790384022577e+01
-4.397498999702435185e+01
-4.307256731990525367e+01
-4.352690713582484960e+01
-4.355775402470906954e+01
-4.396319852701440567e+01
-4.380005675574695090e+01
-4.397523500301505806e+01
-4.472490416637359800e+01
-4.465134301666007843e+01
-4.440443405973229574e+01
-4.396042884149802887e+01
-4.326404486022624951e+01
-4.307203597126180483e+01
-4.259802807811862380e+01
-4.264807010790367059e+01
-4.293904092211032975e+01
-4.381107831010304210e+01
-4.460710377158221718e+01
-4.554627887319989554e+01
-4.643043157028425583e+01
-4.629510303088924417e+01
-4.638453602517882501e+01
-4.594459229011150114e+01
-4.628653762448423947e+01
-4.603987102745370663e+01
-4.604504340612581359e+01
-4.623779549381052334e+01
-4.624903794402929691e+01
-4.640199354952729038e+01
-4.641960398733947102e+01
-4.667097402385202543e+01
-4.694270732395707313e+01
-4.722461579282527566e+01
-4.721315005351100069e+01
-4.644797747131470800e+01
-4.595918833732536513e+01
-4.564356901440059744e+01
-4.514216457171121277e+01
-4.469114394319404937e+01
-4.527833493386478381e+01
-4.638747027832748415e+01
-4.784946993417909056e+01
-4.872804195481824507e+01
-4.936197269628957685e+01
-4.966331299849066738e+01
-4.960450702240007104e+01
-4.904528630721785021e+01
-4.855720131318958721e+01
-4.798213103454838091e+01
-4.746401258952306534e+01
-4.690945081544286666e+01
-4.700739999635187161e+01
-4.688812295161368837e+01
-4.679895974998552788e+01
-4.660414100000002691e+01
-4.635902777617533133e+01
-4.649803263671776676e+01
-4.618550106452440218e+01
-4.572275173008702609e+01
-4.555978074747991258e+01
-4.543159400273924575e+01
-4.501648718124839377e+01
-4.514768891036428045e+01
-4.538691694196841553e+01
-4.626191294209736071e+01
-4.737773790187443979e+01
-4.869227585202042263e+01
-4.976427343435171480e+01
-4.991133615872589502e+01
-4.981062300402953724e+01
-4.974696172811766814e+01
-4.954769916037555788e+01
-4.881758110551292162e+01
-4.818056199745544177e+01
-4.775302414475117985e+01
-4.791883799594382509e+01
-4.796426849754258370e+01
-4.801835605074585089e+01
-4.828547600992129674e+01
-4.821447841104613730e+01
-4.816036388784127809e+01
-4.832630896563162537e+01
-4.803554652886245435e+01
-4.779533267576912436e+01
-4.731282007581410909e+01
-4.706389160547030315e+01
-4.719522451445443778e+01
-4.782057088145464263e+01
-4.899933188835517939e+01
-5.027061913236465784e+01
-5.130519090195544862e+01
-5.194387197998823069e+01
-5.250480055563537718e+01
-5.253925994534576205e+01
-5.244358826769376236e+01
-5.168629347995516099e+01
-5.111323505263883504e+01
-5.050348715087345397e+01
-5.033601369151690363e+01
-5.044392298292212473e+01
-5.032388059893904142e+01
-5.058403485496803142e+01
-5.065882798413283439e+01
-5.069432905577631487e+01
-5.098865319114666050e+01
-5.085908498206485007e+01
-5.051271586974263528e+01
-5.018256448099011635e+01
-4.949806213452728088e+01
-4.911987059498367358e+01
-4.921468041301501017e+01
-4.987446490933990617e+01
-5.040661818365094149e+01
-5.135561618479674451e+01
-5.271797085104479663e+01
-5.319139733371898870e+01
-5.346764251142750624e+01
-5.351399200617302654e+01
-5.309373208850225012e+01
-5.215843696394519213e+01
-5.173597704472328473e+01
-5.125745842696760235e+01
-5.094143288102264933e+01
-5.071308907672622013e+01
-5.099815218374032355e+01
-5.109574960148508893e+01
-5.124354494819235839e+01
-5.135309689503241515e+01
-5.148824920673595074e+01
-5.152223202869536323e+01
-5.126349585089973715e+01
-5.088657368432239991e+01
-5.003205810432867651e+01
-4.948295334319632133e+01
-4.931293918605292959e+01
-4.928871098823202601e+01
-5.043768354748748806e+01
-5.152057956940645056e+01
-5.217695587104308430e+01
-5.261413621673207075e+01
-5.289376918031116759e+01
-5.306929000740895930e+01
-5.280093810544865818e+01
-5.182323193437775899e+01
-5.139222704674281772e+01
-5.072860328990361722e+01
-5.034157334036252962e+01
-5.006977807365426969e+01
-5.087914174243555010e+01
-5.085249118818810388e+01
-5.099330098972948377e+01
-5.092716788947191020e+01
-5.091840598551868169e+01
-5.045185806855296562e+01
-5.029564193993212484e+01
-4.972844939784790341e+01
-4.913673304527372920e+01
-4.830619516752323506e+01
-4.822797640748569847e+01
-4.813343695491796126e+01
-4.885029804069057491e+01
-4.974770639436940911e+01
-5.090864488011522582e+01
-5.141514912371858514e+01
-5.169917080800563269e+01
-5.151545599434825817e+01
-5.118058103691133454e+01
-5.075951434632013104e+01
-5.024165304533907772e+01
-4.953643591790906697e+01
-4.909768357436144726e+01
-4.895240700461342698e+01
-4.941451239194486078e+01
-4.928794120301407133e+01
-4.940284604573969318e+01
-4.950616492086336251e+01
-4.932919204711469519e+01
-4.957063197972399848e+01
-4.936304782514195466e+01
-4.862595477812456579e+01
-4.834437503330570252e+01
-4.800077031523554183e+01
-4.778768267337218845e+01
-4.807850594647552356e+01
-4.905528509082183319e+01
-5.066604556661724956e+01
-5.199922080643803923e+01
-5.300542290840570558e+01
-5.332937709973091955e+01
-5.331239200565931213e+01
-5.291907135842930643e+01
-5.242522202209513438e+01
-5.177162114216248057e+01
-5.160602534878777448e+01
-5.190872974343085389e+01
-5.182032705177020659e+01
-5.206040816056167841e+01
-5.261693639632294150e+01
-5.282667495988081185e+01
-5.266393753916295850e+01
-5.257780134568405828e+01
-5.279603498605153078e+01
-5.272107489094224064e+01
-5.233101817211544926e+01
-5.219441097701730570e+01
-5.182356906408801933e+01
-5.209854159116412831e+01
-5.294673077918012893e+01
-5.417632569153217048e+01
-5.570341206105356946e+01
-5.700996283609725879e+01
-5.804519444884894597e+01
-5.845272975350744815e+01
-5.839436306761003692e+01
-5.810091962940092003e+01
-5.749991541225187319e+01
-5.666963113757021375e+01
-5.619970262022410878e+01
-5.627014634635249735e+01
-5.605970701328644168e+01
-5.669335090442572778e+01
-5.696025461805167822e+01
-5.728913794084504474e+01
-5.726015677252625125e+01
-5.736755870729367501e+01
-5.652760219435766231e+01
-5.631974973813113650e+01
-5.583693273985559813e+01
-5.520320008779024334e+01
-5.496590936536490801e+01
-5.476091415619544733e+01
-5.517591792557367114e+01
-5.617204678236495852e+01
-5.718739724493193677e+01
-5.803816089482939589e+01
-5.863897075264895165e+01
-5.855629828262370751e+01
-5.839198203355990557e+01
-5.778994455695303145e+01
-5.668830558936160458e+01
-5.589790312575145492e+01
-5.518376087956152531e+01
-5.494905757348234943e+01
-5.456904501553828624e+01
-5.442764591328580082e+01
-5.439038721356965311e+01
-5.401856900662330219e+01
-5.416664700579099900e+01
-5.429313034642451896e+01
-5.406990005441431890e+01
-5.346505745389821840e+01
-5.273057088410723736e+01
-5.182960414079501277e+01
-5.128287818134314335e+01
-5.108104861997123436e+01
-5.134620592817433504e+01
-5.186912788070795699e+01
-5.279203873136574288e+01
-5.354402090952222437e+01
-5.379893198695483392e+01
-5.377496411664172626e+01
-5.370039298830323560e+01
-5.342973236142975679e+01
-5.224471525394452698e+01
-5.129530312020409610e+01
-5.040437815159658896e+01
-4.935875480144865435e+01
-4.890241913853140687e+01
-4.929536321720296854e+01
-4.890982768551052118e+01
-4.937025392100851207e+01
-4.937650184704831702e+01
-4.948471192359188819e+01
-4.924757301792787700e+01
-4.890452094690149210e+01
-4.848078392731597575e+01
-4.830824193824120982e+01
-4.787498634612379789e+01
-4.751384407198514026e+01
-4.764533900800694255e+01
-4.855956694962971909e+01
-4.987259654144789778e+01
-5.096650588025901385e+01
-5.191623725847409787e+01
-5.252386157595914540e+01
-5.250501902392151266e+01
-5.236989336986823673e+01
-5.152783961358299081e+01
-5.025770521748417252e+01
-4.969842981204944721e+01
-4.902499019853172513e+01
-4.876057401507294031e+01
-4.855055003311402828e+01
-4.853921210122069851e+01
-4.889613306437469475e+01
-4.919224060659115594e+01
-4.910987178551435051e+01
-4.924732896377633296e+01
-4.902617016082820811e+01
-4.862807983620316321e+01
-4.770356719103622822e+01
-4.759523541883363151e+01
-4.757061728454994665e+01
-4.789527790472834567e+01
-4.879390774042296641e+01
-4.987637144469057660e+01
-5.086720191171826144e+01
-5.144032573774972406e+01
-5.168996440331252984e+01
-5.175996305129891084e+01
-5.147304563900345897e+01
-5.082858279558210057e+01
-4.967860316152304279e+01
-4.888368693863331771e+01
-4.783104655591903054e+01
-4.791969203512149278e+01
-4.773510078708768845e+01
-4.751136046045741068e+01
-4.770582492729350577e+01
-4.726768491064890299e+01
-4.716001346395670168e+01
-4.712434307306080683e+01
-4.685433241265877768e+01
-4.588474683464609427e+01
-4.547572206501300940e+01
-4.466360925459204623e+01
-4.462454300237050120e+01
-4.463246098404817275e+01
-4.509769472886611652e+01
-4.618239280839452476e+01
-4.724574185578018160e+01
-4.780988637965226218e+01
-4.820071964064843684e+01
-4.809803703301628985e+01
-4.779155788400500171e+01
-4.702852744516889061e+01
-4.617726111884269358e+01
-4.523982889850615408e+01
-4.425775203297079941e+01
-4.384504607535930631e+01
-4.369637193748732074e+01
-4.342629405807072374e+01
-4.350056396500096412e+01
-4.362693202041084817e+01
-4.363123951138814505e+01
-4.319831809645181409e+01
-4.278288192103460830e+01
-4.192434056293234335e+01
-4.123786809908261830e+01
-4.064561577055481223e+01
-4.040806081320356213e+01
-4.073823487278369981e+01
-4.193186361597542344e+01
-4.317382637458477035e+01
-4.428657481633555193e+01
-4.489970909656576481e+01
-4.505596028083829196e+01
-4.478010503549585763e+01
-4.458640018499949065e+01
-4.387947654057388291e+01
-4.328462112181816224e+01
-4.251309006269465840e+01
-4.216264186188234220e+01
-4.181990000144645592e+01
-4.172450524860212084e+01
-4.174571086787641150e+01
-4.213380390857482638e+01
-4.215829317889684802e+01
-4.225064764431955666e+01
-4.256147692363511936e+01
-4.241476513415361893e+01
-4.155594628928248824e+01
-4.116328314775736885e+01
-4.104378324297437075e+01
-4.117547656814767976e+01
-4.160713087017936118e+01
-4.267983252122598259e+01
-4.438053161757841991e+01
-4.568812471981296852e+01
-4.653859142464589382e+01
-4.664903279669926661e+01
-4.653559810319746504e+01
-4.640919718034650288e+01
-4.575886577603588279e+01
-4.504127407335114697e+01
-4.410056924906284337e+01
-4.381922392961272550e+01
-4.343641605852685217e+01
-4.344470301648318156e+01
-4.365971491108742697e+01
-4.396162296470059516e+01
-4.436124241767901566e+01
-4.473049831325840131e+01
-4.477644300501198416e+01
-4.484340391039446416e+01
-4.386039378526761112e+01
-4.368751406140567184e+01
-4.323907394990523301e+01
-4.310525311014982464e+01
-4.386573683670916779e+01
-4.467474116602778622e+01
-4.556352134720624036e+01
-4.705146674486640990e+01
-4.778227493991938246e+01
-4.799756934525618135e+01
-4.797730907117670540e+01
-4.797849703569873014e+01
-4.761606108873809262e+01
-4.689247110165393906e+01
-4.646055395555635670e+01
-4.610237244311876736e+01
-4.584205505872399300e+01
-4.584048684893501502e+01
-4.612001412842536041e+01
-4.628315697018006603e+01
-4.661215502938752309e+01
-4.702480673086577667e+01
-4.696034201907211525e+01
-4.682426625173857815e+01
-4.649213067614735451e+01
-4.613185008386295038e+01
-4.583595099201483691e+01
-4.617238032561589023e+01
-4.637678395331100489e+01
-4.740279115117904496e+01
-4.862759083936531113e+01
-4.975788783281420535e+01
-5.075269272509222418e+01
-5.114333447859422677e+01
-5.109956305011716182e+01
-5.048623944607527392e+01
-5.017410562034151411e+01
-4.963606208887347293e+01
-4.941571515998861486e+01
-4.954055179588398516e+01
-4.930042903463488813e+01
-4.945575829480856100e+01
-4.963382495519452675e+01
-4.984315404226825308e+01
-4.994515445625982863e+01
-5.016499909440747018e+01
-5.036079297747252781e+01
-5.038745004401805261e+01
-5.032925529607915394e+01
-4.987678404230916840e+01
-4.930972478090132682e+01
-4.981073907944017520e+01
-5.049085880302374107e+01
-5.150516875240858639e+01
-5.259338841675731402e+01
-5.323463390870077916e+01
-5.417528513841177329e+01
-5.456893428500779208e+01
-5.452149904546764247e+01
-5.410032886908568628e+01
-5.368039197294046971e+01
-5.287409908672897529e+01
-5.235578946800622901e+01
-5.205603602524735152e+01
-5.184876901007504557e+01
-5.207861334058955549e+01
-5.189054271982470823e+01
-5.203334002291493476e+01
-5.230604659499675080e+01
-5.202289683964544054e+01
-5.178828298969559540e+01
-5.128836691072841347e+01
-5.066110237385960602e+01
-5.024934301033506046e+01
-4.987079289109598079e+01
-4.998260205929154409e+01
-5.039832997913688217e+01
-5.120249973976630997e+01
-5.243950696545356749e+01
-5.308112993754741638e+01
-5.386759733227562919e+01
-5.405541571073105445e+01
-5.396546901683031905e+01
-5.360075604588436704e+01
-5.271938736776620971e+01
-5.165614211804009415e+01
-5.111545443959320068e+01
-5.081257530947497969e+01
-5.027546607271753487e+01
-5.038384742398553584e+01
-5.032119268726361838e+01
-5.010566602928307134e+01
-5.063990609291533929e+01
-5.064591979826762724e+01
-5.035200404161118826e+01
-5.012088121389103890e+01
-4.962624654739182262e+01
-4.934028502473277200e+01
-4.863402572392357115e+01
-4.872539217933365308e+01
-4.916609092476827669e+01
-4.984804537956419068e+01
-5.064176187269410434e+01
-5.161573684249464122e+01
-5.220816073688579451e+01
-5.227518269387477545e+01
-5.208723405979060317e+01
-5.175511698226531365e+01
-5.098143350865662882e+01
-5.016639614736376274e+01
-4.920462093787433133e+01
-4.883937641028846599e+01
-4.867793201843404916e+01
-4.873831291059502036e+01
-4.876522964840544461e+01
-4.912275595792792160e+01
-4.961016668615005187e+01
-4.957450096106263970e+01
-4.973829599758764886e+01
-4.962082133961285280e+01
-4.880240332045797658e+01
-4.820906008473467352e+01
-4.769129032915082433e+01
-4.768814732195959039e+01
-4.814570486417019879e+01
-4.906964314209107414e+01
-5.023480532041342883e+01
-5.140644783714581223e+01
-5.198618241216377100e+01
-5.230583981972893071e+01
-5.218525600578856682e+01
-5.188679006588000675e+01
-5.112849606353753984e+01
-5.063661110001273613e+01
-5.000707951510711524e+01
-4.981969796628082037e+01
-4.929017607982866878e+01
-4.961355929006400345e+01
-5.002137571241782865e+01
-5.022633294848418473e+01
-5.008765475629136432e+01
-4.955686131419061269e+01
-4.943330297939051121e+01
-4.923632455159340537e+01
-4.909425344958062709e+01
-4.869544902591166391e+01
-4.807754514777011678e+01
-4.801199269434857797e+01
-4.876618886836387645e+01
-4.995481000915069103e+01
-5.130417753830583649e+01
-5.217579581593262361e+01
-5.297895027697625636e+01
-5.293343338451245472e+01
-5.294911105729110545e+01
-5.253185906727313181e+01
-5.251464306466689891e+01
-5.148951615106646074e+01
-5.085891695223126874e+01
-5.087009820762649781e+01
-5.083851498255943824e+01
-5.097280140668733139e+01
-5.103576385946999494e+01
-5.147108395513359369e+01
-5.155382806282528207e+01
-5.163650047075813632e+01
-5.145930402451365637e+01
-5.068603405772434911e+01
-5.011325487335628281e+01
-4.946601810598442484e+01
-4.930989739817994177e+01
-4.941227518161819887e+01
-4.974122491350709652e+01
-5.059300709210894098e+01
-5.161118230314844624e+01
-5.255958485132092051e+01
-5.304802532587999764e+01
-5.343095179056267341e+01
-5.342634504425136299e+01
-5.303575470391389501e+01
-5.196891576359530518e+01
-5.130268816614699290e+01
-5.080779028933706343e+01
-5.014863912253570533e+01
-4.993714798203362903e+01
-4.999677846339471898e+01
-4.980581217799068128e+01
-4.979157899424698286e+01
-4.956692996333361378e+01
-4.950132993090254274e+01
-4.904396015633007977e+01
-4.834120914401915314e+01
-4.779135784767163386e+01
-4.683033716189156337e+01
-4.639303866355263750e+01
-4.605268541998762544e+01
-4.615955997764132235e+01
-4.704722753793241452e+01
-4.823948356179062813e+01
-4.940363981920068426e+01
-5.015310113737263009e+01
-5.017543146649067154e+01
-4.999024905968014565e+01
-4.984459362444158614e+01
-4.890731734010856968e+01
-4.781642118243546946e+01
-4.726945496588624707e+01
-4.668485163119246550e+01
-4.649604709267161695e+01
-4.650092128963810012e+01
-4.640426315374848087e+01
-4.622706505617004780e+01
-4.627441857675874104e+01
-4.614610118023777829e+01
-4.586891107554222913e+01
-4.568464492340684302e+01
-4.538806118389324240e+01
-4.450886508910038231e+01
-4.432582489358762956e+01
-4.412704481164056602e+01
-4.443806394148300143e+01
-4.532049260557750614e+01
-4.641999643427526934e+01
-4.748249688658018641e+01
-4.839497383882195436e+01
-4.860202385800723590e+01
-4.883357198500576146e+01
-4.875929623778024791e+01
-4.821540195695155973e+01
-4.737269515841514078e+01
-4.650629183258393340e+01
-4.588594545242661127e+01
-4.613453591652741892e+01
-4.618731039805777527e+01
-4.621485321125354062e+01
-4.641621295313525053e+01
-4.652214345087018188e+01
-4.689743098477013206e+01
-4.692280499554057371e+01
-4.640764415225696382e+01
-4.581996311065280025e+01
-4.499220212942411479e+01
-4.483313283281144379e+01
-4.469267168584580929e+01
-4.514527792971809816e+01
-4.609784222205352933e+01
-4.642011900000011337e+01
-4.744630285372946332e+01
-4.810612795620856019e+01
-4.865821961890720360e+01
-4.885377399658601405e+01
-4.880322234266895265e+01
-4.858104744199335556e+01
-4.780201610755898400e+01
-4.731079560834866271e+01
-4.664853305047694931e+01
-4.629664506870956586e+01
-4.637641411442849204e+01
-4.666883389251421477e+01
-4.685468890746459891e+01
-4.718070770016157667e+01
-4.734872465198997560e+01
-4.698963811937703383e+01
-4.663425316664556419e+01
-4.609481452883717623e+01
-4.551917901746411843e+01
-4.476457964877310047e+01
-4.472322289262307038e+01
-4.520741086638485484e+01
-4.635111549292039967e+01
-4.794305431611180524e+01
-4.902039987405343879e+01
-4.990133351151428087e+01
-5.036782638457472672e+01
-5.042500202630952089e+01
-5.022220421753113584e+01
-4.938420945956782049e+01
-4.855372515370491726e+01
-4.819741968586677672e+01
-4.802149147211635949e+01
-4.796455303882696342e+01
-4.820431673481452606e+01
-4.820255925502680583e+01
-4.858405889107727660e+01
-4.906559836172835531e+01
-4.920930949125118303e+01
-4.899220113948521060e+01
-4.852651262686710965e+01
-4.784203414714473723e+01
-4.711256313594599732e+01
-4.668238745028892822e+01
-4.691405877969544491e+01
-4.744636384662823758e+01
-4.842641326622734255e+01
-4.985762439005558377e+01
-5.078571991977555200e+01
-5.144387876006022964e+01
-5.200691729126165797e+01
-5.198414503588563917e+01
-5.133362893288080642e+01
-5.052688594979081671e+01
-4.988655015955740168e+01
-4.907606199988633477e+01
-4.902929382094401944e+01
-4.909046799142437578e+01
-4.936497584093133639e+01
-4.972090720963149835e+01
-4.987055795267245628e+01
-5.000512716017523474e+01
-4.976340988947596600e+01
-4.973841705322233508e+01
-4.938162898143345814e+01
-4.870502918527449765e+01
-4.804878112154286640e+01
-4.778440326040609420e+01
-4.767424761733829541e+01
-4.813532894015234831e+01
-4.920401922851691978e+01
-5.033082380250795040e+01
-5.144856086433841114e+01
-5.233295262435500916e+01
-5.244103918434377931e+01
-5.223536601132715163e+01
-5.189315218757030834e+01
-5.124543305216666766e+01
-5.037373220935706541e+01
-4.957330166012008732e+01
-4.910543453052068230e+01
-4.923005489792751632e+01
-4.937278883065850721e+01
-4.904559478598811495e+01
-4.951417385590520581e+01
-4.949257633925569877e+01
-4.972301453906082003e+01
-4.956819006938194860e+01
-4.895331637978890882e+01
-4.826616537246853511e+01
-4.766639619428305963e+01
-4.753299563934476168e+01
-4.723594787582512566e+01
-4.790901084891044803e+01
-4.866637789410213344e+01
-4.967691740920111698e+01
-5.115485973063863412e+01
-5.198262592169687224e+01
-5.222876020064825298e+01
-5.224763403372312354e+01
-5.186754941116215889e+01
-5.151321529796499021e+01
-5.066950912596756496e+01
-5.017881616649123799e+01
-5.006719373084687419e+01
-4.999464299044927174e+01
-5.008366146311097822e+01
-5.004109776024532152e+01
-5.011402796502773782e+01
-5.009521636356745233e+01
-5.030662943143432386e+01
-5.008991896161396085e+01
-4.964090763658320782e+01
-4.903197995818285193e+01
-4.866535802513028841e+01
-4.841577301941600098e+01
-4.826663847761367521e+01
-4.857215785581538370e+01
-4.960238939143850700e+01
-5.053371914576627688e+01
-5.164796284295223927e+01
-5.282172107433873265e+01
-5.293772354054893015e+01
-5.316706699078854825e+01
-5.280007010609639195e+01
-5.217388994610118402e+01
-5.168263109514621334e+01
-5.109461949741167786e+01
-5.119567091298248585e+01
-5.083399808404041664e+01
-5.120564875239748659e+01
-5.118941670834737323e+01
-5.117432994183058526e+01
-5.125379756940748877e+01
-5.137490177281423342e+01
-5.101863018845529751e+01
-5.056432792953192035e+01
-5.011086348301991933e+01
-4.954780419382302625e+01
-4.937675783630413662e+01
-4.950354412917057800e+01
-5.007777289988361247e+01
-5.088581015771248417e+01
-5.187302918889235315e+01
-5.286598083471330511e+01
-5.334988272931835951e+01
-5.375298795570510180e+01
-5.379743802610908432e+01
-5.373823764123430635e+01
-5.327311715687913818e+01
-5.248829513616902886e+01
-5.200978483615894277e+01
-5.157582277878133681e+01
-5.125691107672904678e+01
-5.137287774548950381e+01
-5.133264861132869328e+01
-5.209541184935122260e+01
-5.241606724353840008e+01
-5.225956428026874789e+01
-5.249647392974925708e+01
-5.231295621120594319e+01
-5.169364307839893513e+01
-5.105085609045284656e+01
-5.059165568153940740e+01
-5.098861449595185036e+01
-5.145472592168752612e+01
-5.230067072765800162e+01
-5.344746667914623117e+01
-5.438892988169065745e+01
-5.515647228200354135e+01
-5.555401449583386864e+01
-5.577210900700006846e+01
-5.579146040634946502e+01
-5.513070612969062978e+01
-5.426948417096212296e+01
-5.370576539824209306e+01
-5.316541948869635803e+01
-5.321662793977175454e+01
-5.310179608035677745e+01
-5.327427949508774674e+01
-5.360029491186187300e+01
-5.387842260296932295e+01
-5.413885308915725858e+01
-5.382765101702594279e+01
-5.342699458488247188e+01
-5.334911189605921322e+01
-5.270509213011970218e+01
-5.282618532449637172e+01
-5.290801591541609383e+01
-5.318287484665492570e+01
-5.371819933812617620e+01
-5.446098643195320221e+01
-5.527558793156437389e+01
-5.566524216415697168e+01
-5.543300126570836994e+01
-5.497944513666434574e+01
-5.481770410740934096e+01
-5.417415631296636747e+01
-5.351881312904976795e+01
-5.279963951561355628e+01
-5.206073894640486088e+01
-5.169465500709204520e+01
-5.152248159762016400e+01
-5.139900895532212388e+01
-5.155738699987118423e+01
-5.144871529293328649e+01
-5.147949636367710013e+01
-5.145576300941026204e+01
-5.084263016526365675e+01
-4.975276065942223624e+01
-4.938331506166654350e+01
-4.912865850114656752e+01
-4.912020614700018939e+01
-4.953443786795794779e+01
-5.063156682172903800e+01
-5.184109407507322942e+01
-5.325440773500691449e+01
-5.433493334493066840e+01
-5.476906288333893258e+01
-5.453053212529874116e+01
-5.431103597490594836e+01
-5.380074917824163094e+01
-5.336079307541360350e+01
-5.267509370751582054e+01
-5.272202813907826879e+01
-5.258582894372544558e+01
-5.256668969585096107e+01
-5.260349536830680250e+01
-5.294965993911659297e+01
-5.309309777694523547e+01
-5.347493656163872799e+01
-5.357044908275539541e+01
-5.294088047023728905e+01
-5.189645769103728412e+01
-5.131178209517630506e+01
-5.056100590838727982e+01
-5.071760739600148327e+01
-5.073280196127018371e+01
-5.153063850919890143e+01
-5.262832841094075320e+01
-5.354597279149039935e+01
-5.435680407123330582e+01
-5.434289993040104605e+01
-5.399909809177420783e+01
-5.363495146361159271e+01
-5.308840178747741589e+01
-5.207276824477406052e+01
-5.114220000551313916e+01
-5.063655121720159258e+01
-5.039826800582933686e+01
-5.016558249566185168e+01
-5.011943318182510154e+01
-5.061146386038359424e+01
-5.060736685555586689e+01
-5.009205180005172053e+01
-5.033387604718243580e+01
-4.999986896194062780e+01
-4.932126687514475094e+01
-4.871906908276447012e+01
-4.831876415934255675e+01
-4.814113434956197324e+01
-4.866126880708966951e+01
-4.973630429650422258e+01
-5.105633530236688244e+01
-5.246937372682887002e+01
-5.324693920504569178e+01
-5.396482898632584124e+01
-5.435078297123344981e+01
-5.399874782908066351e+01
-5.358729480742682227e+01
-5.323725805062145611e+01
-5.283850043008208530e+01
-5.311708601127762108e+01
-5.325019689773539255e+01
-5.349511150971628126e+01
-5.386106535538880991e+01
-5.418830692228011969e+01
-5.484443970225817822e+01
-5.505069020139893610e+01
-5.512000903084037162e+01
-5.483848866360519736e+01
-5.451119678714271544e+01
-5.416169606540331927e+01
-5.353961702992395999e+01
-5.365877830844790708e+01
-5.418446191003906165e+01
-5.501042526405585420e+01
-5.556203229428965784e+01
-5.668342480396369609e+01
-5.761359946588672187e+01
-5.793415729338935449e+01
-5.771156207349336142e+01
-5.705692837783173843e+01
-5.624594667126211789e+01
-5.489771924395072489e+01
-5.445074273718752522e+01
-5.427650772685562686e+01
-5.395741204316974660e+01
-5.364891700471816449e+01
-5.346264941528700376e+01
-5.362452596204870048e+01
-5.346138311157930900e+01
-5.304993974295229719e+01
-5.288575598787074483e+01
-5.199123635352687955e+01
-5.099673234174243674e+01
-5.009522919405761598e+01
-4.913913641420896994e+01
-4.909660223276078028e+01
-4.933369280769338161e+01
-4.996765338324474470e+01
-5.117180447091797646e+01
-5.198628082372805892e+01
-5.222309058930913039e+01
-5.218139052836419012e+01
-5.185426209963821975e+01
-5.147131670116992552e+01
-5.066339550180492068e+01
-5.005073419980196547e+01
-4.982186587317247728e+01
-4.984671623757401449e+01
-4.971949702350492828e+01
-4.958613686006297883e+01
-4.972688429434256108e+01
-4.996497996280832155e+01
-5.042277336009690458e+01
-5.018666492598039497e+01
-5.004872010001929539e+01
-4.939949820103790046e+01
-4.850330101082091971e+01
-4.776356415221088980e+01
-4.724498057978245669e+01
-4.763777301318394564e+01
-4.789546098750734160e+01
-4.912540041448281869e+01
-5.013929116413235931e+01
-5.131025586905138880e+01
-5.213786678336610692e+01
-5.277519150593199271e+01
-5.252809008525517243e+01
-5.195793449878658521e+01
-5.136194926970246399e+01
-5.058131310236248623e+01
-4.994215818809862384e+01
-4.951109335404915868e+01
-4.945191899437160998e+01
-4.921462024576274530e+01
-4.937530134883625266e+01
-4.973371791952771304e+01
-4.982250062212701636e+01
-4.972983455767025163e+01
-4.955665500306781723e+01
-4.898742465098177945e+01
-4.858623543513002829e+01
-4.817835908739779427e+01
-4.754550096721858665e+01
-4.741362242330905019e+01
-4.833070274049709525e+01
-4.907838128663964028e+01
-5.016065430383953583e+01
-5.159895180331771769e+01
-5.218063325088498061e+01
-5.252226549332507943e+01
-5.252308607768295445e+01
-5.239814196787704503e+01
-5.184410129267514122e+01
-5.098249720077033231e+01
-5.020865020979628923e+01
-5.025427891832488569e+01
-4.980415207438176850e+01
-4.994791625655948764e+01
-4.965108777605606605e+01
-4.982160795722305835e+01
-5.014778699891829916e+01
-4.997277890589721494e+01
-4.978095900302283638e+01
-4.925445853700198029e+01
-4.839555821088779908e+01
-4.760670411872236940e+01
-4.703223937594549398e+01
-4.693202553269764365e+01
-4.749403283945274978e+01
-4.835824215779013002e+01
-4.931949234320133257e+01
-5.030055084511417363e+01
-5.083864606422746846e+01
-5.129391541123570875e+01
-5.087422117426135770e+01
-5.073710892239040504e+01
-5.003269554076214121e+01
-4.924891627228822699e+01
-4.851575481437271975e+01
-4.747680312054020391e+01
-4.686225817506709035e+01
-4.692598826134204160e+01
-4.716933739623910782e+01
-4.773206985389075641e+01
-4.831106551405555649e+01
-4.851978790830126087e+01
-4.847492903159823641e+01
-4.805846999515364359e+01
-4.744756957522857732e+01
-4.669264116629793193e+01
-4.645155345884863607e+01
-4.598476775440209252e+01
-4.681031669820136187e+01
-4.735242933337691085e+01
-4.878359066843596281e+01
-4.962666177050198257e+01
-5.026248392194151648e+01
-5.051148596989006734e+01
-5.079725495371334887e+01
-5.028832011466445095e+01
-4.991562591950290084e+01
-4.908357111801062445e+01
-4.802988495796491719e+01
-4.727249312007497650e+01
-4.713294903840596106e+01
-4.656067673717035404e+01
-4.658779188396278670e+01
-4.666596897718393677e+01
-4.688572497480282664e+01
-4.716430553743586529e+01
-4.683833216285950130e+01
-4.650227289530308639e+01
-4.562958999537423921e+01
-4.465058822059461363e+01
-4.413580692905696168e+01
-4.432688935500618754e+01
-4.447901792038431523e+01
-4.546047251294617553e+01
-4.650197746849089953e+01
-4.766773877499640832e+01
-4.812858717588854773e+01
-4.860214550926165344e+01
-4.847175507272414308e+01
-4.813383391790341648e+01
-4.759662154485352659e+01
-4.640107623153650707e+01
-4.591118996008162156e+01
-4.552736922059322922e+01
-4.511134202642018209e+01
-4.482228266289509833e+01
-4.459047137227451429e+01
-4.512965282313179216e+01
-4.497159395012415928e+01
-4.496245428817799450e+01
-4.471101307485110254e+01
-4.394160076346664567e+01
-4.351057684162248762e+01
-4.296162305794043590e+01
-4.247138147543881814e+01
-4.235721864430094286e+01
-4.290827795024843994e+01
-4.370344535647122797e+01
-4.497297832451607746e+01
-4.595832682954288373e+01
-4.655785697696033765e+01
-4.715409602835103442e+01
-4.688899114255492151e+01
-4.663629800579338536e+01
-4.618247558374864781e+01
-4.559339803249644518e+01
-4.495179805611164880e+01
-4.403697382008447647e+01
-4.374269001495483167e+01
-4.370141653803811010e+01
-4.380669146684228821e+01
-4.424854891695072467e+01
-4.482329533827579127e+01
-4.474997083736597148e+01
-4.437483098988745667e+01
-4.348539070695209574e+01
-4.296020304132168377e+01
-4.226045113470109982e+01
-4.170317257211291206e+01
-4.187504616441692207e+01
-4.226295400063336416e+01
-4.341467019382449166e+01
-4.501441890725490680e+01
-4.606843478562142025e+01
-4.708367786785670717e+01
-4.757085343038323799e+01
-4.771394193510886339e+01
-4.730333908163320444e+01
-4.674344408127718253e+01
-4.609669414560892164e+01
-4.554125600071864710e+01
-4.535505761369319799e+01
-4.479060300433076236e+01
-4.481711831137997137e+01
-4.469726638330608637e+01
-4.499580296831438631e+01
-4.496822275429862259e+01
-4.517633267573083344e+01
-4.462489213607796046e+01
-4.433733790314830969e+01
-4.341795226391915463e+01
-4.304670610039848810e+01
-4.281466930754965716e+01
-4.291887085820714276e+01
-4.365839978021904244e+01
-4.444664849269820905e+01
-4.590040786766731884e+01
-4.686048786057431670e+01
-4.818228186609963615e+01
-4.861981294980373747e+01
-4.896137883990724049e+01
-4.844315248836934984e+01
-4.764265292523965201e+01
-4.697596613607719718e+01
-4.646295927085328259e+01
-4.622028438955672414e+01
-4.589588801187773726e+01
-4.588186335479324640e+01
-4.601692535941258910e+01
-4.624024897712543947e+01
-4.647552834751942186e+01
-4.663681645001742027e+01
-4.638771001700511931e+01
-4.576006833335181057e+01
-4.510884778400487960e+01
-4.450782720543314497e+01
-4.435108109749749872e+01
-4.459084057913464960e+01
-4.521449191622561159e+01
-4.622477241066193443e+01
-4.736340298234222246e+01
-4.849720673290093487e+01
-4.946762019759154327e+01
-5.022767467547038933e+01
-5.017420907300774502e+01
-5.019488370656335974e+01
-4.939238516651744249e+01
-4.865614211637351616e+01
-4.801721281952513465e+01
-4.760569375192190478e+01
-4.763496295718674389e+01
-4.756750025015472261e+01
-4.736065351571370741e+01
-4.766273407377727978e+01
-4.789373444458055928e+01
-4.801910228277232306e+01
-4.786128094560439195e+01
-4.715438029172994305e+01
-4.656131340450773592e+01
-4.608552411243213953e+01
-4.582626656264510245e+01
-4.605841437262706961e+01
-4.644898884759312807e+01
-4.742127292077817913e+01
-4.851303236876270830e+01
-4.958058078166774862e+01
-5.071227446883924017e+01
-5.103811158013414229e+01
-5.103779494723504939e+01
-5.073007955752616738e+01
-5.032190443326832252e+01
-4.931800710797874387e+01
-4.863795403842895126e+01
-4.851706914398832282e+01
-4.862153497118991652e+01
-4.851611500516158060e+01
-4.885549634653177264e+01
-4.939784086147774644e+01
-4.968175782868478763e+01
-4.977553145718239591e+01
-4.961921611554185318e+01
-4.921377108222654329e+01
-4.855542114247124630e+01
-4.811793413768300098e+01
-4.794579729707078286e+01
-4.809283356899093320e+01
-4.915656876010938703e+01
-4.984436764666850195e+01
-5.116606290836183035e+01
-5.229517978458409289e+01
-5.319221302070428692e+01
-5.394106599031922400e+01
-5.425062491260199948e+01
-5.394215457646477319e+01
-5.316972950175836843e+01
-5.228956519975333350e+01
-5.164000057595660564e+01
-5.133228377668142173e+01
-5.133759994642716862e+01
-5.138632393779847263e+01
-5.161032692120583931e+01
-5.214082185855686191e+01
-5.229891136187889344e+01
-5.282623237726554066e+01
-5.235932811905301776e+01
-5.196782569703729138e+01
-5.128189987354002710e+01
-5.088001901670678251e+01
-4.991943797529134486e+01
-5.044577966737389119e+01
-5.073347389058118750e+01
-5.162647126366905326e+01
-5.271459370060396310e+01
-5.331483397195233209e+01
-5.421778420947374855e+01
-5.463710993419591233e+01
-5.431324713337316723e+01
-5.404352123069477898e+01
-5.337536794560098485e+01
-5.261323413151655615e+01
-5.190291279804505820e+01
-5.172766897286047794e+01
-5.149690109436394891e+01
-5.164199671677171466e+01
-5.179627364335059525e+01
-5.209541187906785353e+01
-5.232848263602848249e+01
-5.232594285425177105e+01
-5.210230910728288478e+01
-5.146954316738229096e+01
-5.093904509666423763e+01
-4.976228229530305924e+01
-4.958193564111182638e+01
-5.015821855602656143e+01
-5.058668383085331044e+01
-5.130888721655845330e+01
-5.290801242061611021e+01
-5.355445788736581392e+01
-5.457129859150334283e+01
-5.457889934968221013e+01
-5.453926004273427708e+01
-5.420628955123113712e+01
-5.359951105713692954e+01
-5.258058121982014654e+01
-5.200994793301882169e+01
-5.162115161487555071e+01
-5.206110984099704808e+01
-5.230639159269759375e+01
-5.260904693953175126e+01
-5.294111491861054475e+01
-5.275502568073274290e+01
-5.244829601799842322e+01
-5.217231597082134442e+01
-5.159578823533959735e+01
-5.095462939503653388e+01
-5.027961608327938592e+01
-4.967450717803080096e+01
-4.956030033862569439e+01
-5.002448886969897757e+01
-5.069020119141938352e+01
-5.161617701607884356e+01
-5.242060784405578033e+01
-5.282176402457231745e+01
-5.334206779075226734e+01
-5.292274412697159391e+01
-5.254755814405760361e+01
-5.184857940162162038e+01
-5.094172612547488654e+01
-5.015707653597955584e+01
-4.959457332678967134e+01
-4.938880806422603342e+01
-4.920333857780092757e+01
-4.963299827494338956e+01
-4.984260491413477467e+01
-4.991890112475091001e+01
-4.994465640773218951e+01
-4.956666513241436434e+01
-4.896987773107011321e+01
-4.763860138445829762e+01
-4.713380309488995579e+01
-4.684233034422145181e+01
-4.673054532926082771e+01
-4.710548296486032882e+01
-4.770273485033511207e+01
-4.860926884687296479e+01
-4.968202076816744750e+01
-5.026766323816443816e+01
-5.046474312062217393e+01
-5.022730907666475986e+01
-4.979400139089752741e+01
-4.890084376025871649e+01
-4.817213305264664314e+01
-4.744164283528529324e+01
-4.717825295279961040e+01
-4.694850102796415570e+01
-4.672534261421915858e+01
-4.681490041508538269e+01
-4.703291198888486946e+01
-4.721844389080797555e+01
-4.714525513078847752e+01
-4.652705303606929021e+01
-4.576780614402016312e+01
-4.475959652226119090e+01
-4.393025122219187040e+01
-4.352606702063089728e+01
-4.357706266137302720e+01
-4.437617379690826169e+01
-4.481302622171943995e+01
-4.592083456943412045e+01
-4.725569075494647109e+01
-4.798828567347423757e+01
-4.860887006032277213e+01
-4.857459907466266458e+01
-4.840883024241040289e+01
-4.777607521398989121e+01
-4.677790727019667116e+01
-4.623368343906521716e+01
-4.579255912405496787e+01
-4.592243890299665310e+01
-4.592226464543867337e+01
-4.625473924302109197e+01
-4.639668196885914142e+01
-4.661262644810501854e+01
-4.698925772832694747e+01
-4.663917418180492547e+01
-4.618271160429502942e+01
-4.529089086661122110e+01
-4.515693602998726419e+01
-4.467306299319712082e+01
-4.475523805049937920e+01
-4.539985587479252871e+01
-4.606965727542085176e+01
-4.703689167828593298e+01
-4.789546084537850135e+01
-4.921861105945497883e+01
-4.928378979886036859e+01
-4.919489895831954129e+01
-4.892563889976631941e+01
-4.819565494494851521e+01
-4.755818117221041774e+01
-4.673873069367239452e+01
-4.664867971476007824e+01
-4.658674497872088693e+01
-4.645816969530564933e+01
-4.663822019270679675e+01
-4.721839791470925007e+01
-4.733742629298148330e+01
-4.692042794603243294e+01
-4.660133307833351779e+01
-4.604179753696329414e+01
-4.514989082948252985e+01
-4.463447518218134746e+01
-4.446410307565117392e+01
-4.483736996183856149e+01
-4.519911081700681166e+01
-4.593618891636184287e+01
-4.681033117992554082e+01
-4.793598781502779360e+01
