1.576227419999999881e+02
1.576592830767128817e+02
1.576335491182319402e+02
1.576947939999893151e+02
1.576592888404199471e+02
1.576646871357479256e+02
1.576834259999934602e+02
1.576151334634286343e+02
1.576057754965240463e+02
1.575984040000038533e+02
1.575912025761178938e+02
1.576260324266657165e+02
1.576629029999742500e+02
1.576629030000000000e+02
1.577826658363229342e+02
1.578677369999257110e+02
1.579247854360737620e+02
1.579303281138257660e+02
1.578712160000619065e+02
1.577826920820085945e+02
1.576793385368709437e+02
1.574726720002526292e+02
1.574003047894672704e+02
1.574116351860506313e+02
1.575574039997963212e+02
1.574743266463065936e+02
1.575021165521554849e+02
1.575574339999130586e+02
1.575388654855108257e+02
1.574928663602859444e+02
1.574592750000586534e+02
1.574392566015073669e+02
1.574651298596446054e+02
1.574060670001134667e+02
1.574116365544247742e+02
1.574523254892404793e+02
1.575093229998805384e+02
1.575093229999999949e+02
1.577216760203418175e+02
1.577844999998574451e+02
1.578140086392410808e+02
1.578657607192621697e+02
1.577640840002486300e+02
1.576921447553174005e+02
1.576921389999999974e+02
1.576921389999999974e+02
1.576458477034262557e+02
1.576089998956268516e+02
1.576089939999999956e+02
1.576549803209645972e+02
1.576958554599267757e+02
1.576588750001098163e+02
1.577049983099970234e+02
1.576420240774642139e+02
1.576162720000809259e+02
1.576089945822164964e+02
1.575394401297320712e+02
1.575535739999530733e+02
1.575737593851016811e+02
1.576034192541996504e+02
1.576717529997613099e+02
1.577401985241171474e+02
1.578201472077798257e+02
1.579248049996162138e+02
1.579580203426498599e+02
1.579339488522614090e+02
1.578123470004672413e+02
1.577619360330724021e+02
1.576254038467842520e+02
1.574795230005859139e+02
1.574908440942666914e+02
1.574964441040488623e+02
1.575369419998302760e+02
1.574982030992754574e+02
1.575075824986402893e+02
1.575350339998801417e+02
1.575961411111626660e+02
1.575442593027651412e+02
1.574354400004941112e+02
1.574279945956663767e+02
1.573890442326403729e+02
1.573781740000512173e+02
1.574003282275567415e+02
1.575238912280323973e+02
1.576404109994302871e+02
1.576752752106917512e+02
1.577548852614254713e+02
1.577326970001124380e+02
1.577659583389235252e+02
1.577639473222245385e+02
1.577455450000964277e+02
1.576328980123522285e+02
1.574576240455641596e+02
1.573523870005696494e+02
1.573449105981528362e+02
1.573449099999999987e+02
1.573116610001858362e+02
1.573318463850558544e+02
1.573485383292394886e+02
1.573449100000209171e+02
1.573207109360652396e+02
1.573558443776853721e+02
1.572911070003844713e+02
1.572635212070279920e+02
1.572818120727645521e+02
1.572081300004504385e+02
1.572322980664063152e+02
1.572763909446125297e+02
1.572839359999526039e+02
1.573762896111280156e+02
1.575127501648814814e+02
1.575847929995346135e+02
1.576034225095183672e+02
1.576312215518547077e+02
1.575831450003190923e+02
1.574975958445024844e+02
1.573723960333149989e+02
1.572763980006537565e+02
1.572062896091506730e+02
1.572230813120997084e+02
1.572430729998603738e+02
1.572635173643074893e+02
1.572800113608950028e+02
1.572250370003936837e+02
1.573024688048990924e+02
1.571877013660788123e+02
1.572135929998099471e+02
1.571341773538363498e+02
1.571437364693317704e+02
1.571250920001400289e+02
1.571250919999999951e+02
1.571194928959706942e+02
1.572025759993615566e+02
1.572690836788728461e+02
1.573835576826595286e+02
1.574740909992886202e+02
1.574997689455618683e+02
1.574945988276547268e+02
1.574445190004023516e+02
1.573133804921376679e+02
1.572655106584944065e+02
1.571565090008946868e+02
1.571009264470619655e+02
1.571271628009191090e+02
1.570934750002824671e+02
1.571122574972422683e+02
1.571383928180340490e+02
1.571416169999724275e+02
1.572008162635507631e+02
1.571619022278369471e+02
1.570974730005625872e+02
1.570457801358819268e+02
1.570568682250045356e+02
1.570088350004278652e+02
1.570298143214668869e+02
1.570861879792564935e+02
1.571176449997144005e+02
1.571712147139349725e+02
1.572304595202171527e+02
1.573133699992326342e+02
1.573429386342347698e+02
1.574151034524119268e+02
1.573238220008610142e+02
1.572480380634316361e+02
1.571189176611717926e+02
1.570330050008250566e+02
1.569624386459880157e+02
1.569451317685856395e+02
1.568887480005514590e+02
1.568977192822094651e+02
1.569497746700744472e+02
1.569221340002752356e+02
1.568719220174598092e+02
1.569118286133914353e+02
1.568314520008142665e+02
1.568342587754294755e+02
1.568433825400238959e+02
1.567658690007987445e+02
1.568286539765532837e+02
1.568335562163319707e+02
1.568294680000428798e+02
1.569345615914086522e+02
1.570013473140714950e+02
1.571278079986528553e+02
1.571465744984797084e+02
1.571260412860370081e+02
1.570745090005579812e+02
1.570060784751847791e+02
1.569138027654229006e+02
1.568140110010978674e+02
1.567917957774628235e+02
1.567605789951455506e+02
1.567549740000625889e+02
1.568250373941435214e+02
1.567326657825749692e+02
1.567420659998931001e+02
1.567549729672957710e+02
1.567213953733931646e+02
1.566486360008386498e+02
1.566659076180710031e+02
1.566607678227137512e+02
1.566271820003929918e+02
1.566254431391292883e+02
1.566476554454632435e+02
1.567326509989906071e+02
1.568008675418647044e+02
1.569248001685880070e+02
1.569487459997116616e+02
1.570077472791851108e+02
1.569873382667057626e+02
1.569857940000188421e+02
1.568526866502187715e+02
1.567196262912905240e+02
1.566197660012380197e+02
1.566197659999999985e+02
1.565089897270014774e+02
1.566108549987188496e+02
1.566123958767104511e+02
1.566346554379238398e+02
1.566071320003509584e+02
1.565792712292176248e+02
1.565239958451200835e+02
1.565515749996434636e+02
1.564942525865354241e+02
1.564478224292882089e+02
1.564317320002106726e+02
1.564349517423783595e+02
1.564814075659037087e+02
1.564646150002230058e+02
1.566365832402536853e+02
1.567509736967398908e+02
1.567696689997488591e+02
1.568064700554197088e+02
1.567639987969897390e+02
1.566183930019834634e+02
1.565904102390028072e+02
1.564925236640856383e+02
1.564187170010181376e+02
1.563909632206859897e+02
1.564112057602987704e+02
1.564002230001535168e+02
1.564166706839550613e+02
1.563888904457940328e+02
1.563650820003367414e+02
1.563851913909637403e+02
1.563963912079843510e+02
1.563576050005555089e+02
1.563168822584035809e+02
1.562651452788014126e+02
1.562873379996781864e+02
1.561838612796403254e+02
1.562412938078996092e+02
1.563060459990501840e+02
1.564259854030850647e+02
1.565219576433354973e+02
1.565239869999701057e+02
1.566271737435260150e+02
1.565904138839171083e+02
1.565016630013329575e+02
1.564535868468156252e+02
1.563560486082215846e+02
1.561656800028923442e+02
1.561191447235304111e+02
1.561379519897139687e+02
1.561599119996625689e+02
1.562189432765891013e+02
1.562873270574207822e+02
1.562006380013476701e+02
1.562947314710573323e+02
1.562357124459250315e+02
1.561266480017142158e+02
1.561139080193990480e+02
1.561173244531098305e+02
1.560546720009957653e+02
1.560751633603649680e+02
1.560526006109509751e+02
1.562006379976212997e+02
1.562505610053561327e+02
1.563927232505680820e+02
1.564925079983796365e+02
1.565386313093848969e+02
1.565496352396415887e+02
1.564906010009692068e+02
1.563650920427803044e+02
1.562895320901972127e+02
1.561616520021215706e+02
1.560751719198435126e+02
1.560692909400225687e+02
1.561045529994087815e+02
1.561116634310461393e+02
1.561487370672110160e+02
1.561748659995574542e+02
1.562116360577715284e+02
1.562260876877794260e+02
1.561803890007822417e+02
1.560343746836482239e+02
1.560192134243861801e+02
1.560083160001883869e+02
1.559807912024604377e+02
1.560192048523055064e+02
1.561487429977377133e+02
1.562207582375214088e+02
1.563375363128891991e+02
1.564074559987669488e+02
1.564112086997177471e+02
1.564220712617068898e+02
1.563760070008206640e+02
1.561998580950549069e+02
1.560841555137060936e+02
1.559620820021956717e+02
1.559789716485238387e+02
1.560156801257276413e+02
1.560991209984845227e+02
1.561045525653759967e+02
1.561433807863497520e+02
1.561709749994940921e+02
1.561173292926417275e+02
1.560930668820556093e+02
1.560627140005618401e+02
1.559362441199349973e+02
1.559225941827986333e+02
1.558754880008802957e+02
1.558161517480105260e+02
1.558754785050876421e+02
1.558884279997559190e+02
1.560363651622328121e+02
1.561320346917351856e+02
1.562568669976238596e+02
1.562791882138774042e+02
1.562867267938726172e+02
1.561238100031299325e+02
1.559870719416751399e+02
1.557922371780591959e+02
1.558985749979378852e+02
1.558153146624432566e+02
1.556739886156580610e+02
1.557534489984452648e+02
1.557340405530559053e+02
1.557551846160159528e+02
1.557850039994115718e+02
1.558070962321848469e+02
1.556277297047732588e+02
1.556464389996269517e+02
1.556914943946702010e+02
1.556433027128251467e+02
1.555546110017812111e+02
1.556352325486547841e+02
1.556381985263782894e+02
1.556008760007561591e+02
1.557044287136823471e+02
1.558540410583963478e+02
1.558743439995856193e+02
1.558985730611793770e+02
1.558632566521114597e+02
1.557720190018801816e+02
1.556092810223962033e+02
1.555546197455495587e+02
1.555418400002654380e+02
1.554725855417977982e+02
1.555048318386208734e+02
1.554301300015657432e+02
1.555546010397049770e+02
1.555269664240669556e+02
1.555288389999603282e+02
1.554820437446105359e+02
1.554897147717756809e+02
1.554346920011724364e+02
1.554125687703303242e+02
1.553755709206366475e+02
1.554031829994067095e+02
1.554031830000000127e+02
1.554162879027655606e+02
1.553748470008975460e+02
1.554468632371395813e+02
1.556111497094165657e+02
1.556746979986132260e+02
1.558356041239932210e+02
1.557689776646052735e+02
1.556933440016641441e+02
1.555787601692309181e+02
1.553937526061926064e+02
1.552906340022865948e+02
1.553238953383543333e+02
1.553293601258684760e+02
1.553045500005546558e+02
1.553219896044413417e+02
1.553645261928713808e+02
1.552821660018557566e+02
1.553031753187806316e+02
1.552535329448055847e+02
1.552867129992465038e+02
1.552111880437131788e+02
1.552241949174704416e+02
1.551574400015273625e+02
1.552275793872425140e+02
1.551683904732396968e+02
1.552552339979976921e+02
1.552997864347769905e+02
1.553995510346519495e+02
1.554566189986747702e+02
1.555530322846952629e+02
1.555084911294268863e+02
1.554327550017723070e+02
1.553145234612930778e+02
1.551574651335132842e+02
1.551021270013041544e+02
1.551039428546887677e+02
1.550392403547806737e+02
1.550725559992084470e+02
1.550559703272481897e+02
1.551169332434891714e+02
1.550592500013804624e+02
1.551260626533874074e+02
1.550670414464198359e+02
1.550948179993303029e+02
1.550502355676702280e+02
1.550541833676351473e+02
1.549525150024681750e+02
1.549783149353781937e+02
1.550502204927711034e+02
1.550634459996769010e+02
1.551944475166722270e+02
1.553364792712980034e+02
1.553812559988978990e+02
1.553903802698335141e+02
1.554624064732245756e+02
1.554011690015190084e+02
1.553365071745512864e+02
1.551908653073551534e+02
1.550650180031424838e+02
1.549505101634896391e+02
1.549467016080464816e+02
1.549726869993464788e+02
1.549505027752964565e+02
1.549876340572995161e+02
1.550354769987885675e+02
1.550964311221250966e+02
1.550909278815092875e+02
1.550817410002342456e+02
1.550354807020046053e+02
1.549431297790974327e+02
1.549226080005264805e+02
1.548988059047793229e+02
1.548970952734620994e+02
1.549949189974714159e+02
1.551666582564160137e+02
1.551832553460227757e+02
1.553052519968253478e+02
1.553663741086392065e+02
1.553327543812463318e+02
1.553272860001431468e+02
1.550981633358213401e+02
1.550465932502933128e+02
1.549079130036571144e+02
1.548858657643608296e+02
1.549079094718596821e+02
1.549525149988159569e+02
1.548949786044405244e+02
1.548799314074075539e+02
1.548545080006792887e+02
1.549079087265135968e+02
1.548858675281480259e+02
1.549005739996043758e+02
1.548638639377932691e+02
1.548174814225761509e+02
1.548359379995001746e+02
1.548212291771043851e+02
1.547990305524779160e+02
1.548562929984397840e+02
1.549745235383327326e+02
1.550872619588458576e+02
1.551740419976209751e+02
1.551963332160909204e+02
1.551483386813441712e+02
1.551335450004080201e+02
1.549858058232146618e+02
1.548910061698872198e+02
1.547990270025537995e+02
1.547420085630597555e+02
1.547398533441923121e+02
1.547748869990210210e+02
1.547508259255589280e+02
1.547932982023945954e+02
1.547748870005179072e+02
1.547139178792455709e+02
1.547436472413029946e+02
1.547159880007827155e+02
1.546510821943024894e+02
1.546638929489207896e+02
1.546252290011007631e+02
1.546345512539540721e+02
1.546195703976755169e+02
1.546863559980870377e+02
1.547970031450564079e+02
1.548949583245232873e+02
1.548767400005254729e+02
1.549450325346275292e+02
1.548971026716502308e+02
1.548673550008622328e+02
1.547066478612343303e+02
1.546345635344506491e+02
1.546203160004152153e+02
1.545755195850208850e+02
1.545737462832290419e+02
1.546217799985906254e+02
1.545917844005288089e+02
1.545717652035321237e+02
1.545917819994090792e+02
1.545680408999893416e+02
1.545034433380430698e+02
1.545328679991260685e+02
1.544976838157802490e+02
1.544848960461365834e+02
1.543997190025437760e+02
1.544589182622895578e+02
1.544795656962866701e+02
1.545034329992831204e+02
1.545957266137361614e+02
1.547266940407756124e+02
1.547785189984347767e+02
1.548323776896761785e+02
1.548120762497946430e+02
1.548063360001743547e+02
1.546530122705615611e+02
1.545790528347444308e+02
1.545040130022931635e+02
1.544163130186811372e+02
1.544180447217290180e+02
1.544368589994216734e+02
1.544089992296386811e+02
1.544114526069958231e+02
1.544368589992146212e+02
1.544870409838887610e+02
1.544533893863713274e+02
1.543684390026407414e+02
1.544241135443043049e+02
1.543276524387290465e+02
1.542915350011286364e+02
1.543204326872808849e+02
1.543128522135803848e+02
1.544959569942436701e+02
1.545667673329455738e+02
1.545935477148596533e+02
1.546956029967739994e+02
1.547213119424712602e+02
1.547066373489168427e+02
1.546381380021772713e+02
1.545199374598033160e+02
1.544072450343051628e+02
1.542817080040117332e+02
1.542534812590421325e+02
1.542465371110133958e+02
1.543413089969543819e+02
1.542858014423897544e+02
1.543000007267646367e+02
1.542931670002208762e+02
1.543636423596924203e+02
1.542722926209870025e+02
1.543136899986547235e+02
1.541578494723085271e+02
1.542691471853232486e+02
1.542377930010246132e+02
1.542003050002652742e+02
1.541337386531653237e+02
1.543652799923971486e+02
1.544217024843472643e+02
1.545208891263279440e+02
1.546104129970454153e+02
1.545888997217729184e+02
1.545724366345735064e+02
1.544441380042573542e+02
1.543055230937956708e+02
1.541946287464258205e+02
1.541286320022009591e+02
1.541191417595360633e+02
1.540636078878644923e+02
1.540857849992560489e+02
1.541267207237683863e+02
1.541379222077672466e+02
1.540840150018171641e+02
1.540948321342643794e+02
1.541177333348800573e+02
1.540879980010076338e+02
1.540307355829349376e+02
1.539933989748689385e+02
1.539790040004900504e+02
1.540140661938295352e+02
1.540397448906529121e+02
1.541230619971480564e+02
1.541730459995677904e+02
1.542396283443297875e+02
1.543301089968872759e+02
1.543793910557387505e+02
1.543854360331491762e+02
1.542839200035105307e+02
1.541805352743557194e+02
1.539717744103173516e+02
1.539589540004444359e+02
1.539125707122762208e+02
1.538693919100701066e+02
1.539326479977902125e+02
1.538957089564146941e+02
1.539528108604933720e+02
1.539396210004633758e+02
1.539920768016931447e+02
1.539842692502546413e+02
1.539180300023368488e+02
1.538809229698724437e+02
1.538215125080584471e+02
1.537904660011004125e+02
1.537510411553863037e+02
1.538294404518199201e+02
1.538994139975073949e+02
1.540026317389008739e+02
1.541414117897850247e+02
1.541843109984648663e+02
1.542359118700816509e+02
1.542008876062475338e+02
1.541029210035244716e+02
1.540104903977759250e+02
1.539102030496893576e+02
1.537925420042531925e+02
1.537738664947160601e+02
1.537904633434515631e+02
1.537977449997355848e+02
1.538734379418131084e+02
1.538623067825025998e+02
1.539216459978339344e+02
1.539104778938564380e+02
1.538791100202650455e+02
1.538791050000000098e+02
1.537717375933330288e+02
1.537386073011125234e+02
1.536924440017009772e+02
1.536315968700141923e+02
1.537959636923584128e+02
1.538957059963079246e+02
1.539677372348324695e+02
1.540400424284848384e+02
1.540899809981426642e+02
1.540953675688739963e+02
1.541007681357079662e+02
1.540216220029581393e+02
1.538921613616928141e+02
1.538941186850715610e+02
1.537202910065272476e+02
1.536445070655622942e+02
1.536425483125284188e+02
1.536722259988804069e+02
1.537406105266564680e+02
1.537479538255767579e+02
1.537129520013265847e+02
1.537463503268672866e+02
1.536425646114102221e+02
1.536608889993016760e+02
1.536296415009903740e+02
1.535963643256426678e+02
1.535207830028906812e+02
1.535353988301742163e+02
1.535963492450058823e+02
1.536630399974378918e+02
1.537940725123611685e+02
1.538645367237912467e+02
1.539825589954450322e+02
1.539790042845145308e+02
1.539569585284098423e+02
1.538071900058067740e+02
1.537590218553203272e+02
1.536666407851238887e+02
1.535833130032447968e+02
1.535207880044362980e+02
1.535336889343818996e+02
1.535500949993582367e+02
1.535759719288327290e+02
1.535264359286664160e+02
1.536315919958674385e+02
1.535814100165318621e+02
1.535612522256550108e+02
1.534465030045291485e+02
1.534615157983832034e+02
1.534117359675702232e+02
1.533708950016188624e+02
1.533895095101007655e+02
1.533617904367455651e+02
1.534023439983849642e+02
1.534926837692189565e+02
1.535612380288644090e+02
1.536482539965202250e+02
1.537444533002062030e+02
1.536998211447362053e+02
1.535963590041557723e+02
1.534818361664297868e+02
1.533982063837328553e+02
1.533339230025929396e+02
1.532878606868445104e+02
1.533192699722531813e+02
1.532878570012730393e+02
1.532861791342972992e+02
1.533007946607141605e+02
1.532861790005948706e+02
1.534134728113120332e+02
1.533118142724409836e+02
1.532377780030250847e+02
1.532287607217510015e+02
1.532063635846297700e+02
1.532010650002173122e+02
1.531411177982379854e+02
1.531715951212175924e+02
1.532027739987150881e+02
1.533819436590380576e+02
1.535207607840486332e+02
1.536556239944186473e+02
1.536258573825622022e+02
1.535759819823884698e+02
1.535536810009266731e+02
1.534226334892512398e+02
1.533020522978744395e+02
1.531716000054445033e+02
1.531176193207088545e+02
1.530788642022434374e+02
1.530677030004675601e+02
1.531176110052664399e+02
1.530512806171347222e+02
1.530753789989852294e+02
1.530364871129888797e+02
1.531401964003170235e+02
1.531012270016477714e+02
1.530807056425764188e+02
1.530547981463646465e+02
1.529790650032139752e+02
1.530070477601909431e+02
1.530233433921562494e+02
1.530917359970855784e+02
1.531583196704673639e+02
1.532767760412625364e+02
1.533007969989729702e+02
1.533377050457762039e+02
1.532990941803599299e+02
1.531674650056550888e+02
1.530528201765142171e+02
1.530512702466065775e+02
1.529627380038191689e+02
1.529680625738042750e+02
1.529718473942849926e+02
1.529993129988104101e+02
1.529811114569122594e+02
1.529200997650646912e+02
1.529718479977491370e+02
1.530603569154356194e+02
1.530455343735758333e+02
1.529775240029694316e+02
1.528995122443485002e+02
1.528609221755927194e+02
1.528866269988729130e+02
1.528476441203402203e+02
1.528736228414323080e+02
1.528736269999999990e+02
1.530696253115041827e+02
1.531346785902868248e+02
1.532155149964285670e+02
1.532915439143255867e+02
1.531918649552937381e+02
1.531346890025357084e+02
1.530548003946342988e+02
1.529975681594089565e+02
1.529403990025456892e+02
1.528440937087146381e+02
1.528055021756264011e+02
1.528609159975221417e+02
1.527831792224197045e+02
1.528665026624567815e+02
1.528366850013389922e+02
1.528516678007030976e+02
1.528313482524930009e+02
1.528720549981656234e+02
1.528329961264708174e+02
1.527482895574567294e+02
1.527093200017621655e+02
1.527460600591325033e+02
1.527238655528810511e+02
1.527926329968771597e+02
1.528571268375628733e+02
1.529680452474177059e+02
1.530788579949495158e+02
1.531214105938518060e+02
1.531047846616660024e+02
1.530399480029667245e+02
1.529217774590533736e+02
1.528626044696328847e+02
1.527904510033138195e+02
1.526927268224252998e+02
1.527019795177727417e+02
1.527685239969318616e+02
1.527977576599586200e+02
1.527222110922801335e+02
1.527333529994837704e+02
1.527739837476587468e+02
1.527131137433212018e+02
1.527592769978549256e+02
1.526485528630774979e+02
1.525871988188677335e+02
1.525798490003422785e+02
1.525686808939695425e+02
1.525224533990062241e+02
1.524762880021605156e+02
1.525503630705254636e+02
1.525816449939748622e+02
1.525042420036367048e+02
1.526665980038882537e+02
1.526037850559105777e+02
1.525337830033005275e+02
1.523913074047694920e+02
1.525132404815644804e+02
1.524243620042075804e+02
1.524890238239921132e+02
1.524984114982355550e+02
1.524762880010510742e+02
1.525686726048407138e+02
1.525132688691257954e+02
1.525594939977955846e+02
1.525337850579417704e+02
1.525355227215392517e+02
1.525632779986717935e+02
1.524671096980684695e+02
1.523248367710740467e+02
1.522859960018643903e+02
1.522764447645577945e+02
1.522840567814914436e+02
1.524854429902925119e+02
1.524243668890343884e+02
1.525613490737034112e+02
1.526593929952578605e+02
1.525484398816197995e+02
1.525726581221768470e+02
1.524727020048533461e+02
1.523580871747535639e+02
1.522934823392726855e+02
1.522581790017197534e+02
1.523080560074078846e+02
1.522492614113953948e+02
1.523045349972965425e+02
1.523987044618357913e+02
1.524025563846610112e+02
1.524115449995589131e+02
1.524652816984256845e+02
1.524318753477736834e+02
1.523949890018164695e+02
1.523562041047027265e+02
1.522380709081518546e+02
1.521993710019118566e+02
1.522454343126571814e+02
1.522343767704856816e+02
1.523098299962573776e+02
1.523860259005467981e+02
1.524929338890206623e+02
1.525686799962305429e+02
1.527054490516649707e+02
1.526426490536855454e+02
1.525042420069129605e+02
1.523562128497295305e+02
1.522101523769528910e+02
1.521882330010975295e+02
1.521973562696809097e+02
1.520422608251565748e+02
1.521567229942413633e+02
1.522492445936165950e+02
1.522877288412752534e+02
1.524243619931038722e+02
1.523045445914431468e+02
1.523675129195442821e+02
1.521529390108684083e+02
1.523322156487838299e+02
1.522712957533492784e+02
1.521103970081769319e+02
1.521843510799133128e+02
1.520606278045506770e+02
1.522823489886916377e+02
1.524378535517018634e+02
1.523434751085702032e+02
1.524115449965159144e+02
1.524284806442814215e+02
1.523949943601666632e+02
1.523064420045466534e+02
1.522601507056815535e+02
1.521548018619859590e+02
1.521361080009622810e+02
1.519996749216786895e+02
1.520514447117524242e+02
1.519460140054508770e+02
1.520514445601023681e+02
1.522120872881440050e+02
1.521085820053702946e+02
1.521603348570857861e+02
1.521603390000000218e+02
1.521693569995306632e+02
1.520806041048528812e+02
1.519830476142332145e+02
1.519588620012621902e+02
1.519127086946756435e+02
1.519643167387629035e+02
1.520790859939870927e+02
1.521160860380574888e+02
1.522804456922042107e+02
1.523322299972790859e+02
1.523119216257380231e+02
1.522860001488721196e+02
1.521659090063339477e+02
1.520347395004814359e+02
1.520422347985798126e+02
1.519422610052905895e+02
1.518867844410617636e+02
1.519033783431732729e+02
1.518647160020528872e+02
1.519827485511264342e+02
1.519903097912153669e+02
1.519862210002178813e+02
1.520438033903401447e+02
1.520974494138266095e+02
1.520696560014858392e+02
1.519257775179711700e+02
1.518630620367915753e+02
1.518498690007068603e+02
1.518370680247646760e+02
1.519774405309034080e+02
1.519626470007970056e+02
1.520236611155872879e+02
1.521120918459708946e+02
1.521584019975015281e+02
1.521603388449478587e+02
1.521584023099998149e+02
1.521584019999999953e+02
1.521289703561256772e+02
1.521400292294621863e+02
1.521605839988836237e+02
1.520959531739781028e+02
1.520701041367541961e+02
1.520904089988933379e+02
1.521251812163271495e+02
1.521622570658125824e+02
1.522119459972840616e+02
1.522621889778140485e+02
1.521955986595912975e+02
1.521605840019196307e+02
1.521899856462552236e+02
1.520663357927244306e+02
1.520125740029566259e+02
1.519794806492894281e+02
1.520106920036407985e+02
1.520994579951013179e+02
1.522972411664266019e+02
1.524154790764228551e+02
1.525135359945722087e+02
1.525523808902572966e+02
1.524413027805735226e+02
1.524412850000000219e+02
1.523063318037539204e+02
1.521846674728852804e+02
1.520810860057698051e+02
1.520719007353331165e+02
1.519942154348575230e+02
1.520440839972122262e+02
1.520548711364259873e+02
1.520570536507858890e+02
1.520810859986526964e+02
1.521787801789864432e+02
1.521271302687974014e+02
1.520145120063329216e+02
1.520201115517208450e+02
1.519942071465665094e+02
1.519495710025178141e+02
1.519405227243726983e+02
1.519702262452630919e+02
1.520810859937270720e+02
1.522119355246307180e+02
1.522860451389918239e+02
1.523710789951740310e+02
1.524397075058225255e+02
1.524322991867262829e+02
1.523844310027253641e+02
1.522272015873086275e+02
1.521661487706970775e+02
1.520975810039154226e+02
1.520755637626369321e+02
1.520513968681119650e+02
1.520016030028522493e+02
1.520070955602804190e+02
1.521031046318843494e+02
1.521348279981780536e+02
1.521532745232177888e+02
1.521196813775019621e+02
1.521846479962553644e+02
1.521160034955182425e+02
1.520793528658047649e+02
1.520257120031006082e+02
1.519444505056190735e+02
1.520256989934588034e+02
1.521289679940128110e+02
1.522343675619211751e+02
1.523122295379184834e+02
1.523710789965781203e+02
1.524471539095810897e+02
1.523785059895174072e+02
1.523676610006319834e+02
1.522695098578190880e+02
1.521160225676358948e+02
1.520181740057234947e+02
1.519756974006141377e+02
1.520145057873440919e+02
1.520810859960932646e+02
1.520663171823724156e+02
1.521914639673718170e+02
1.522157299985729537e+02
1.522417129198365444e+02
1.522234379256426848e+02
1.521289680055765814e+02
1.519977535049084167e+02
1.518703063990178350e+02
1.519774029936579609e+02
1.520513870768918707e+02
1.520866193612435495e+02
1.522674879892601325e+02
1.523436529022833383e+02
1.523896576368950946e+02
1.524100049987886507e+02
1.524506967422362891e+02
1.524208737743560107e+02
1.523823100023031714e+02
1.522087088984613104e+02
1.520701221817100190e+02
1.519756940056554129e+02
1.520162787507878193e+02
1.519259494597795026e+02
1.519647229976696394e+02
1.519515860517454087e+02
1.520330079663864069e+02
1.520366679997802635e+02
1.520495449690663179e+02
1.520296371868657559e+02
1.519756940032595480e+02
1.518905108198038931e+02
1.518351688576782408e+02
1.518316050002154327e+02
1.518757754636850166e+02
1.517906796221521972e+02
1.518093729988630116e+02
1.519479269072632519e+02
1.519865058263077060e+02
1.520606699954798557e+02
1.520883927804871689e+02
1.519886189715293483e+02
1.519479380024857846e+02
1.518259387673988670e+02
1.517596396112068362e+02
1.517206280023908676e+02
1.516540893271742902e+02
1.516687606506474424e+02
1.516708839998696021e+02
1.517005146277275287e+02
1.517092276056555988e+02
1.516652840027093134e+02
1.517131471679946628e+02
1.516206818019617515e+02
1.516652839972415165e+02
1.516281469732590210e+02
1.515411219300305845e+02
1.515524449992971086e+02
1.515027209810055808e+02
1.514913208242412566e+02
1.516926739874806174e+02
1.516634403405110447e+02
1.518112563379742426e+02
1.518775339958690438e+02
1.519591924622297938e+02
1.519129114094957913e+02
1.518593000033516205e+02
1.517316092232488529e+02
1.515820259429647479e+02
1.514802870063774947e+02
1.514247184489694291e+02
1.514451267324204480e+02
1.514119730020847499e+02
1.514747879708515086e+02
1.514784094210987462e+02
1.514913189991860918e+02
1.515063777943466903e+02
1.514930601320299104e+02
1.514894110002306036e+02
1.514268250108374332e+02
1.513400418910998724e+02
1.513526009992029060e+02
1.513414628917550431e+02
1.514765873696363769e+02
1.514675460005761636e+02
1.515931919403343500e+02
1.517575586903672331e+02
1.517575850000000059e+02
1.518239546861927352e+02
1.518552969836819386e+02
1.516966560101410266e+02
1.516356568838298529e+02
1.515506736030683896e+02
1.514726880049977638e+02
1.513511917274919938e+02
1.513655996920597318e+02
1.513843089987976782e+02
1.514195381794006607e+02
1.514268188349850561e+02
1.513953100020306977e+02
1.514729407845325397e+02
1.514657771477306483e+02
1.513953100045535791e+02
1.512957089745205224e+02
1.512939012880933660e+02
1.512771010010885675e+02
1.512678387415810448e+02
1.512678380000000118e+02
1.514158639903827179e+02
1.514528330400741254e+02
1.516188554239707855e+02
1.517906659888091951e+02
1.517981723989989291e+02
1.517596351690591234e+02
1.516966560041133789e+02
1.516060112575022458e+02
1.515079966888319802e+02
1.514394540044881126e+02
1.513636700676796352e+02
1.513048354171827441e+02
1.512990880003768268e+02
1.512957012711607945e+02
1.513454060432897847e+02
1.513435370001235754e+02
1.514284152041531684e+02
1.513861007747269127e+02
1.514158639980346379e+02
1.513085875891974013e+02
1.513290537224293928e+02
1.512067580080953064e+02
1.512455118971221850e+02
1.512938932556546376e+02
1.514101269922863935e+02
1.514360039281278318e+02
1.516021933968498558e+02
1.516966559937160639e+02
1.517559012564359193e+02
1.517206336463773084e+02
1.516373300055573736e+02
1.515855921424815165e+02
1.514657951763845745e+02
1.514173590032386869e+02
1.513400341911587645e+02
1.513473968204010589e+02
1.512939010035878198e+02
1.512754234794412866e+02
1.512789764310069529e+02
1.513511819951448842e+02
1.513750290906287432e+02
1.513899066187094604e+02
1.513918919998663171e+02
1.512975545533575712e+02
1.512401221925790082e+02
1.512049570023762044e+02
1.511718026545892712e+02
1.511972779214828506e+02
1.513584599890778577e+02
1.514028444462356617e+02
1.515173926636186366e+02
1.516188819931061573e+02
1.516523113233822642e+02
1.517038347525167410e+02
1.516909950008751480e+02
1.515488553808542918e+02
1.515246168783012592e+02
1.513860940094592706e+02
1.513214931724791086e+02
1.513048286668452249e+02
1.513344279979733642e+02
1.513119987958723982e+02
1.513138437043771489e+02
1.513085790003613909e+02
1.512754246546240040e+02
1.513564330316326618e+02
1.513677229992240143e+02
1.513860925291732258e+02
1.512678569275883831e+02
1.511939860050948425e+02
1.511439410070529732e+02
1.511901945949987009e+02
1.512436989963000826e+02
1.513545301258422739e+02
1.514712193215781326e+02
1.514970559982098735e+02
1.515411044730670369e+02
1.515117696965400853e+02
1.515356759983379220e+02
1.514101370518449130e+02
1.513322274703414791e+02
1.512417310063054572e+02
1.512713306299662861e+02
1.512216279569098845e+02
1.511828320027097732e+02
1.511865846995218021e+02
1.511586964644726550e+02
1.512124639962340780e+02
1.512084063248982773e+02
1.512510771690756997e+02
1.512252050018169598e+02
1.512180345741376755e+02
1.511607001781742667e+02
1.511013650041756478e+02
1.511049807104886042e+02
1.510589223732144433e+02
1.511790019915267749e+02
1.512694487578756082e+02
1.514173353269716245e+02
1.515027169939623377e+02
1.515580255714009184e+02
1.516355015980681173e+02
1.515653090049781326e+02
1.514548288462486312e+02
1.511790461469178410e+02
1.512401129956560624e+02
1.511458515476186051e+02
1.511717958455262476e+02
1.511902019986887069e+02
1.512344484571295880e+02
1.512732337916510801e+02
1.512771009997242118e+02
1.512197475923707088e+02
1.512288505420255831e+02
1.511865850030266074e+02
1.510810184528853313e+02
1.510901945296994597e+02
1.510090040058281033e+02
1.510589110038562239e+02
1.510421176889915102e+02
1.510961619961109932e+02
1.512180242422492995e+02
1.512642905950214356e+02
1.513214879958748611e+02
1.513677192981604662e+02
1.513918881315251213e+02
1.512916880072453125e+02
1.513178549047550518e+02
1.511769185621532756e+02
1.510901960062840601e+02
1.510531809638865468e+02
1.510165168689096902e+02
1.510478219977250944e+02
1.510829451875924008e+02
1.511439272381072101e+02
1.510901960039139453e+02
1.511273330263324510e+02
1.510181004870425454e+02
1.510552679972853412e+02
1.510037131281545726e+02
1.509997726301571674e+02
1.509111800064830504e+02
1.509350120916881508e+02
1.509165379577564465e+02
1.510295109917128400e+02
1.512436818506172642e+02
1.512826177696414902e+02
1.513290569965858765e+02
1.513953046953118928e+02
1.513677274155963630e+02
1.513697209998527455e+02
1.512180461451704616e+02
1.511312408944100412e+02
1.510256660077985771e+02
1.509536507665404770e+02
1.508983408534604678e+02
1.509183509985175533e+02
1.509849966634102714e+02
1.510016923280969081e+02
1.510645759953325751e+02
1.510460844806945033e+02
1.510147310190473320e+02
1.510239109993166267e+02
1.509706172674648599e+02
1.509053454485036525e+02
1.508816390017671552e+02
1.508277333164759000e+02
1.508629863557403041e+02
1.509461369937848758e+02
1.510384606072082363e+02
1.511496562001465804e+02
1.512271429941956171e+02
1.512106803182483645e+02
1.512012655069852656e+02
1.511678780025072797e+02
1.510514173256026140e+02
1.509519209266827318e+02
1.508093880107279290e+02
1.507686962584032528e+02
1.508114561541263754e+02
1.508555919966705119e+02
1.508076828363488175e+02
1.508406637195319888e+02
1.508150490019374956e+02
1.507798648173961169e+02
1.507666501150706608e+02
1.507373510022206915e+02
1.507782107281238098e+02
1.507318194272450000e+02
1.506966100026744186e+02
1.506633946597514182e+02
1.507741682659567175e+02
1.507782139996932926e+02
1.508721094812096055e+02
1.510365956687728897e+02
1.511105049943610936e+02
1.511533175717258075e+02
1.510939285080955585e+02
1.509165350135693870e+02
1.509146891478094403e+02
1.507687163686649114e+02
1.506615460082151685e+02
1.507022677391377954e+02
1.506117704881847033e+02
1.506190649994383364e+02
1.506506484708945948e+02
1.507353844350491556e+02
1.506894390035398317e+02
1.507114552370048557e+02
1.506004827658521208e+02
1.505876630009882717e+02
1.505820934459943885e+02
1.505359273906550470e+02
1.505191350012986788e+02
1.505377035130819365e+02
1.505265377877616118e+02
1.506654059892313455e+02
1.507741772898598924e+02
1.508721013246958762e+02
1.509183509964067014e+02
1.509477826431805170e+02
1.509722110896131255e+02
1.508277290112546325e+02
1.507983583519402657e+02
1.506581804408112362e+02
1.505099190115728618e+02
1.505025645889271857e+02
1.504213240057862606e+02
1.504286509994256846e+02
1.505005902392305757e+02
1.505099175077095310e+02
1.506264049908653817e+02
1.507297897211129225e+02
1.507278303150092142e+02
1.506302350076702794e+02
1.505801440112169303e+02
1.505191447648159055e+02
1.504583900047847465e+02
1.504399434771752055e+02
1.505468738811009644e+02
1.506097419950384051e+02
1.507463890574453274e+02
1.508685424459955016e+02
1.508963479978016835e+02
1.509868257546194457e+02
1.509536503122821216e+02
1.509224410024742440e+02
1.507521816342529348e+02
1.506691422917643877e+02
1.505524610092711555e+02
1.505359213244887258e+02
1.505176279284203247e+02
1.504916090020719537e+02
1.505083006633372520e+02
1.505949881222017552e+02
1.505451820039764073e+02
1.506486897111194594e+02
1.506783102592941361e+02
1.506981819984108313e+02
1.505856270134045474e+02
1.505306797952138993e+02
1.504858710035913987e+02
1.503955622319429040e+02
1.504472127299576982e+02
1.504841319970346092e+02
1.506133636510828637e+02
1.507168424354069600e+02
1.508591779885413189e+02
1.508277315182510847e+02
1.508315123943036440e+02
1.507134100095295821e+02
1.505894119298534122e+02
1.504806244145898688e+02
1.503712170088456332e+02
1.503694471417318255e+02
1.503473255415067058e+02
1.503694469982070530e+02
1.503326299483484831e+02
1.503936072374359867e+02
1.503970959997174646e+02
1.504378027401540407e+02
1.504340835959348510e+02
1.504676369972691248e+02
1.503602386006150198e+02
1.503083283091622206e+02
1.503252269986210479e+02
1.502251980104797724e+02
1.502162044385382842e+02
1.503122869921464257e+02
1.504583783007519457e+02
1.505747043786962536e+02
1.506190649963678823e+02
1.507003274923426375e+02
1.505726534409901092e+02
1.504712530083218951e+02
1.503712250104521218e+02
1.502195382829962682e+02
1.501828780030137125e+02
1.501867986860225415e+02
1.501238510776553312e+02
1.502236489917723077e+02
1.501571413260978716e+02
1.502514509006279866e+02
1.502195140026395563e+02
1.502326969442751476e+02
1.501921614897117365e+02
1.501717390016901277e+02
1.501458620722969499e+02
1.501421375959407101e+02
1.500995040035367936e+02
1.500461632716844633e+02
1.500754513104235173e+02
1.501366429949133021e+02
1.501737500283521172e+02
1.502587004002613753e+02
1.504304509856928576e+02
1.504249284422648145e+02
1.503175231950979480e+02
1.503029640012140078e+02
1.502607313821360151e+02
1.501681068283110676e+02
1.499832010154675856e+02
1.499923862644102428e+02
1.500573785950718104e+02
1.500424360012535487e+02
1.500754533558429387e+02
1.500815890181240775e+02
1.500866249995770261e+02
1.500866249999999980e+02
1.501014086331866224e+02
1.501090249993590362e+02
1.501161964256820909e+02
1.499998516265503383e+02
1.499704290024804152e+02
1.500273554410814540e+02
1.500073741996710339e+02
1.500441449968914753e+02
1.501496045543189268e+02
1.503401045028070087e+02
1.504084939942096355e+02
1.504027724582081191e+02
1.504896420923095093e+02
1.503991860076791340e+02
1.502033706818503163e+02
1.501697453808241676e+02
1.501403970024957744e+02
1.499979674064847472e+02
1.500815766125141124e+02
1.500330820041343145e+02
1.499923902588082854e+02
1.500924069869909374e+02
1.501220259974717806e+02
1.502385476683127479e+02
1.501385670082243564e+02
1.501588449982632767e+02
1.501052302937658851e+02
1.500478771814564425e+02
1.500478679999999940e+02
1.499590691115277252e+02
1.500094079396847633e+02
1.500223249988907526e+02
1.502161874743398755e+02
1.503142403043461570e+02
1.503769539946015357e+02
1.504783868766341470e+02
1.504526571206078529e+02
1.504100810036730138e+02
1.503269726558395973e+02
1.502070971908931938e+02
1.501238410071960345e+02
1.500441513820603916e+02
1.499444899547044372e+02
1.500405589916764484e+02
1.500256521938361232e+02
1.500350334978669196e+02
1.499872600041469752e+02
1.500405547317943160e+02
1.500554796112151621e+02
1.499832010062867198e+02
1.500129376184835621e+02
1.499721755263856551e+02
1.499407210027407018e+02
1.498962445619920913e+02
1.498945932638025909e+02
1.499776619927459649e+02
1.500815816773489075e+02
1.501883229120407748e+02
1.503013929901078711e+02
1.502990731857881883e+02
1.502659513027957416e+02
1.502494520014461159e+02
1.501588522559246712e+02
1.500223468534265692e+02
1.499129040096125607e+02
1.498779028031712812e+02
1.498632543447798469e+02
1.498931129973715031e+02
1.499093476997946652e+02
1.499610367247494764e+02
1.498526930095565319e+02
1.499794068517133496e+02
1.499313137013891435e+02
1.498724990051969712e+02
1.498724990000000048e+02
1.498483628642251801e+02
1.498539589995041297e+02
1.498315757926390290e+02
1.497878190052363720e+02
1.498814859916889759e+02
1.499333468465300143e+02
1.500793236295506574e+02
1.502216349873509955e+02
1.502326971140472551e+02
1.501648828573236756e+02
1.501403970021800376e+02
1.500273690523057155e+02
1.499481486818852431e+02
1.498745430065679329e+02
1.498520837987409493e+02
1.498300675245639582e+02
1.497984170028299218e+02
1.498057254146731623e+02
1.497742520390530387e+02
1.497669990006493776e+02
1.497984144839459475e+02
1.498075255417001017e+02
1.497891550016492488e+02
1.497044757819408574e+02
1.497191606478285166e+02
1.497429969978562383e+02
1.497059209694180026e+02
1.497448987590710487e+02
1.497805489967877861e+02
1.499258923594300370e+02
1.500370312082025350e+02
1.500187690016506110e+02
1.500486746048507030e+02
1.500350371837776606e+02
1.499650580063307643e+02
1.499839014908156116e+02
1.498673296637795147e+02
1.498113570050718977e+02
1.497267377772097063e+02
1.496565062432297850e+02
1.498763899800294723e+02
1.497209144521669657e+02
1.496141690883320621e+02
1.496726239946794692e+02
1.496437263144449332e+02
1.496624580006142651e+02
1.496784979985379493e+02
1.496600824749212961e+02
1.496357928886245361e+02
1.495603490068908741e+02
1.495493948773306272e+02
1.495366550395611398e+02
1.496713109876764918e+02
1.497984068207003929e+02
1.498707474195830684e+02
1.499299019945770794e+02
1.499959067135695250e+02
1.499447871853156755e+02
1.498856060054360171e+02
1.498856059999999957e+02
1.498856059999999957e+02
1.497841500093381057e+02
1.497972569502373403e+02
1.497527551251284876e+02
1.497418530010046709e+02
1.497214686326295521e+02
1.497324212461695367e+02
1.498009499936687803e+02
1.497175826770897800e+02
1.496735920420627224e+02
1.496605240012089837e+02
1.496362179467346323e+02
1.496069086922590259e+02
1.495828720022286973e+02
1.496252416065012767e+02
1.496233383052724832e+02
1.497174689912538668e+02
1.497527451746276768e+02
1.498765681756745778e+02
1.500172889869022868e+02
1.500152141661798737e+02
1.500301656061588744e+02
1.499669350058973123e+02
1.498840406392814941e+02
1.497694593441043196e+02
1.496641400098391443e+02
1.495828785085138293e+02
1.496654997707732662e+02
1.495699320089476032e+02
1.495589318810394843e+02
1.495828681675044436e+02
1.495330820046696658e+02
1.495604698064063314e+02
1.495976510473872736e+02
1.495564890038682222e+02
1.495146533507837034e+02
1.495572911728572194e+02
1.495255750029863009e+02
1.494864851308700793e+02
1.495493079411270685e+02
1.496345989919570059e+02
1.496769696063546178e+02
1.498544645823242831e+02
1.499654249895184535e+02
1.499744422777655757e+02
1.498786483374294392e+02
1.498473220029639208e+02
1.497819892328070921e+02
1.496677442906369606e+02
1.496123360052529279e+02
1.495218592467224141e+02
1.494628254506049529e+02
1.496086129861477900e+02
1.495624586967302889e+02
1.496383408500779524e+02
1.496401989998242925e+02
1.496437847128015903e+02
1.496309850493750844e+02
1.495644700063426455e+02
1.496457924864446056e+02
1.495163187308556871e+02
1.494864820028484473e+02
1.494254358895220207e+02
1.493923253005004597e+02
1.495624549837166057e+02
1.496050235904377246e+02
1.497418310964915236e+02
1.498285839916839279e+02
1.498598164984048253e+02
1.498913229559410922e+02
1.498561410033799746e+02
1.497343557545204362e+02
1.496717950149707121e+02
1.496345990035785007e+02
1.495715850471814292e+02
1.495624564607616094e+02
1.495552070006987435e+02
1.495016842869780476e+02
1.495330769730535394e+02
1.496420149894790370e+02
1.495790920399152242e+02
1.496068995469485401e+02
1.496069039999999859e+02
1.495712468560222419e+02
1.493628883597422998e+02
1.493242200037449265e+02
1.493608990621189605e+02
1.493535031846228094e+02
1.494904029867061013e+02
1.495644640679213637e+02
1.497160417318547161e+02
1.498192609899611227e+02
1.497877845211809529e+02
1.497749360567658243e+02
1.497160660057369910e+02
1.496214685770146673e+02
1.495104407754834881e+02
1.493354200170855108e+02
1.493334511576996420e+02
1.493218868515414783e+02
1.493372359984985849e+02
1.493448793877812477e+02
1.494073549970865145e+02
1.494406599967377645e+02
1.493389531465153937e+02
1.493557423105684450e+02
1.492984170056269591e+02
1.492723730860699050e+02
1.492743686801493652e+02
1.492723710001964434e+02
1.492480959443918209e+02
1.492462782907153667e+02
1.492906959956246737e+02
1.493334475756619497e+02
1.495199451401684030e+02
1.495589309961559081e+02
1.495458240498496139e+02
1.495493174404997490e+02
1.494645550083790226e+02
1.494555077246765222e+02
1.493094723818532543e+02
1.492077340100725280e+02
1.492187201200222546e+02
1.491965075566364192e+02
1.491949170001574316e+02
1.491965038728927198e+02
1.491801336210951661e+02
1.491801309999999887e+02
1.491949158157451905e+02
1.492093956817858214e+02
1.492132579996157347e+02
1.490857052169230883e+02
1.491116148499102394e+02
1.490173050094055327e+02
1.490561198909371399e+02
1.490301111648222445e+02
1.491171119913081498e+02
1.492262192605172118e+02
1.493462647805793324e+02
1.493521589994120689e+02
1.493719934112617977e+02
1.493149821284983432e+02
1.493407599974148638e+02
1.494645450847814345e+02
1.494645549999999901e+02
1.494459390018694762e+02
1.494682612119809164e+02
1.494000219263026281e+02
1.493830430017069375e+02
1.495034253572987950e+02
1.495716460784880439e+02
1.494779520094429870e+02
1.494909369598944124e+02
1.495142952601841273e+02
1.494942790020209600e+02
1.495126955248185538e+02
1.493978163939717092e+02
1.493542490044037834e+02
1.493591166100988801e+02
1.493777450173938632e+02
1.493977979979689792e+02
1.494779455800733103e+02
1.495272301098767684e+02
1.495296489997553238e+02
1.495757733053743550e+02
1.496457417976328941e+02
1.494889230159412818e+02
1.494590493929256922e+02
1.493542657769941684e+02
1.492814960074078101e+02
1.492814960000000042e+02
1.491767457720497418e+02
1.492174699958445672e+02
1.492671480206904278e+02
1.493681488289069250e+02
1.493634660004800878e+02
1.493966963381771222e+02
1.494445893320378502e+02
1.494369520007824121e+02
1.492729641358156130e+02
1.491841892121121873e+02
1.491584030026421317e+02
1.491783144050459100e+02
1.491436835451887646e+02
1.492649699875439637e+02
1.493134741146888018e+02
1.494558801991923644e+02
1.496073619844194980e+02
1.495944850314823782e+02
1.495944839999999942e+02
1.495500350045801952e+02
1.494058965459316255e+02
1.492912793501876081e+02
1.491748210120187537e+02
1.491233421236246386e+02
1.490916510735865188e+02
1.491139849976902951e+02
1.492081084603896386e+02
1.492397879288093065e+02
1.492338580006146742e+02
1.492156554580888894e+02
1.492190404577724792e+02
1.491767290043895571e+02
1.490827115311528814e+02
1.490531987242846128e+02
1.490420390011591962e+02
1.490271781904093302e+02
1.490510841720605697e+02
1.490860909963564609e+02
1.491656296286288637e+02
1.492950242827420766e+02
1.494094709880691880e+02
1.494170383938193254e+02
1.494078554704403814e+02
1.493396320071251751e+02
1.493189116597916382e+02
1.492248850550207635e+02
1.491363690092586012e+02
1.490510948308561581e+02
1.490310412098415043e+02
1.490420389988471754e+02
1.490014392522350306e+02
1.490310332609560078e+02
1.490105450021510194e+02
1.490291595088850443e+02
1.489699354830611639e+02
1.490456249920410130e+02
1.489735787712745605e+02
1.489164531459169893e+02
1.489275369988317550e+02
1.488960305238367710e+02
1.489368844581383655e+02
1.490070969925940290e+02
1.491343448067498230e+02
1.492713260684181193e+02
1.493724839893135652e+02
1.494243138481346307e+02
1.494833755437930449e+02
1.494020550086078458e+02
1.493079615374374498e+02
1.491995123635340690e+02
1.491312120072389007e+02
1.489443519686155923e+02
1.489809831322624518e+02
1.489072580078293129e+02
1.490235816817511250e+02
1.489275523776131251e+02
1.490456249874398793e+02
1.490046892792124424e+02
1.490070966140143298e+02
1.489495100061351422e+02
1.489090012450168388e+02
1.488763192325046418e+02
1.488554400022274820e+02
1.488800650273695680e+02
1.488536282333640770e+02
1.488467420007355599e+02
1.489126547199360004e+02
1.490973224318975383e+02
1.492344979853170059e+02
1.492326831453826799e+02
1.492386170498403999e+02
1.492304700008737655e+02
1.490833417860372094e+02
1.489133582158989668e+02
1.489319619979988261e+02
1.487858867017165778e+02
1.488613939078917667e+02
1.488338480029648281e+02
1.489568091498769604e+02
1.487750091114809550e+02
1.488626719905503535e+02
1.489042036729899507e+02
1.490370127350628877e+02
1.491139849916943376e+02
1.489522389571443455e+02
1.488521290276071056e+02
1.487801990077745131e+02
1.488128193868418805e+02
1.487709886983889476e+02
1.489208079837762853e+02
1.490093329084198785e+02
1.491552206414242789e+02
1.492053389945667732e+02
1.492845406552760608e+02
1.491774171537725806e+02
1.491460590034046447e+02
1.489721069350653124e+02
1.488930196613413273e+02
1.488706220024356526e+02
1.487949290636722424e+02
1.487967996994997293e+02
1.487728290026124114e+02
1.488502907946130449e+02
1.487877920084146410e+02
1.489447799828625705e+02
1.490370266102001153e+02
1.490906304180332143e+02
1.490589610034633949e+02
1.489522345497865388e+02
1.488838779440407620e+02
1.488284770060655262e+02
1.487192637490215930e+02
1.487488212657794406e+02
1.488060159937273568e+02
1.489186779746830780e+02
1.490888717495848255e+02
1.491257489959518239e+02
1.491606432046296504e+02
1.490517464372941276e+02
1.490314650022296519e+02
1.488779432986309246e+02
1.487988876566488727e+02
1.488172159979787352e+02
1.488080927308671164e+02
1.486712729078928703e+02
1.487025309965473241e+02
1.488374841888463607e+02
1.488300501920867873e+02
1.488172160014187284e+02
1.488819848113334672e+02
1.489409095655977353e+02
1.488634810085745812e+02
1.488151448722432804e+02
1.486729827628876706e+02
1.486896219981521199e+02
1.486859602933427027e+02
1.486398403848465080e+02
1.486656509971321896e+02
1.487341725106666388e+02
1.487910838880048630e+02
1.489169169860017234e+02
1.489389032386544613e+02
1.489005351439392939e+02
1.489005289999999775e+02
1.487785757698495388e+02
1.486176267702801113e+02
1.486030590016229098e+02
1.485882741844355053e+02
1.485697369680721920e+02
1.485992749966979716e+02
1.485844141905261040e+02
1.485328012643106206e+02
1.485773019950171658e+02
1.485861212934690343e+02
1.485861219999999889e+02
1.484734820126298587e+02
1.484992969319104361e+02
1.485254798077983764e+02
1.484697580062580471e+02
1.484811560868728293e+02
1.484515287442293072e+02
1.485364389904491702e+02
1.485992699664545853e+02
1.487709545097602302e+02
1.488137219951853183e+02
1.487121221394358770e+02
1.486905264567164409e+02
1.486570300037788286e+02
1.484568960333009500e+02
1.483610243489521281e+02
1.483626109998189690e+02
1.483461173213583493e+02
1.483064343540578136e+02
1.483349929967671983e+02
1.483221150316951480e+02
1.483885553610080876e+02
1.483515180041993347e+02
1.483461164327377446e+02
1.483285258166494316e+02
1.483116930019105837e+02
1.482288596360741053e+02
1.483064155801842219e+02
1.481823900141028503e+02
1.481727317737563965e+02
1.482288440148158486e+02
1.482603619964119730e+02
1.483241538893835525e+02
1.484923910615489433e+02
1.484687510026991504e+02
1.484801180893362584e+02
1.483645065126705163e+02
1.483221140048400173e+02
1.481975209816749270e+02
1.480975520061423936e+02
1.480737010027266365e+02
1.481161326006171635e+02
1.481103689234661545e+02
1.481290749978567192e+02
1.480772151547301689e+02
1.481706710344843430e+02
1.481640490007615369e+02
1.481715244011100197e+02
1.481936774527806904e+02
1.480587170155100978e+02
1.480511346074628989e+02
1.480384250350583955e+02
1.479812030065857300e+02
1.480858546158239903e+02
1.480089703126691063e+02
1.481069199887079719e+02
1.482451689241476913e+02
1.484382790794047366e+02
1.484226550018072714e+02
1.484447472300707886e+02
1.484575189551686663e+02
1.484633959993207384e+02
1.482917177541119713e+02
1.482048949006094176e+02
1.480384230192747737e+02
1.479593123380148825e+02
1.479553246375302251e+02
1.479183820042840694e+02
1.479183819999999798e+02
1.479811929421571506e+02
1.480197159955269797e+02
1.480587138756399384e+02
1.480197222441915414e+02
1.480865029922314875e+02
1.480384268516848181e+02
1.479868722547786604e+02
1.479464430047087262e+02
1.479609838350390305e+02
1.480016124943454656e+02
1.480069899993733884e+02
1.481640364179616540e+02
1.483207159130006403e+02
1.483985909909038696e+02
1.484505128401852403e+02
1.485093455797968147e+02
1.484575210060654058e+02
1.483301352057719669e+02
1.481768445447810052e+02
1.479850170224775354e+02
1.479940342775608997e+02
1.479648196782510752e+02
1.479979569961102470e+02
1.479996048679771263e+02
1.480423831499250014e+02
1.480511339989722330e+02
1.480197185169317606e+02
1.479684692061698286e+02
1.480181749941479268e+02
1.479332048076191484e+02
1.478778938558846221e+02
1.478701640009102221e+02
1.478757945488922019e+02
1.479183751816033805e+02
1.480772109812479869e+02
1.480330705364492587e+02
1.482546965102606862e+02
1.482989209947751306e+02
1.483932124455337771e+02
1.484226502872956246e+02
1.483744220057114092e+02
1.482989270485370241e+02
1.481216723830475530e+02
1.479314440225554392e+02
1.478963508116173102e+02
1.478630593305629759e+02
1.478906869967182161e+02
1.479593005027698496e+02
1.479665228443549552e+02
1.479812029982541048e+02
1.479148623151463084e+02
1.480476337382216343e+02
1.479721240089966159e+02
1.479132137198403711e+02
1.478666474559920800e+02
1.478434160027703115e+02
1.478299740769575124e+02
1.478369448835772744e+02
1.478943039931479291e+02
1.480662722219956891e+02
1.481365107547466664e+02
1.482398539876377583e+02
1.483052477606745470e+02
1.483430279510026253e+02
1.482859510068391273e+02
1.482824572799162581e+02
1.482109964431701314e+02
1.481823900034309816e+02
1.480521514347141760e+02
1.479730366672022512e+02
1.480239729938779476e+02
1.479839522064730772e+02
1.479635662639491613e+02
1.479757699985310637e+02
1.480143569084033004e+02
1.480596097540121150e+02
1.480790879976535450e+02
1.480642111919376873e+02
1.479738774652535653e+02
1.478167890189562854e+02
1.478066428129196197e+02
1.477701338461802152e+02
1.478084119953730635e+02
1.479007656005486240e+02
1.480521167647594325e+02
1.482146319803331949e+02
1.483235862704693773e+02
1.482534762283922021e+02
1.481851060082856293e+02
1.481575502078038085e+02
1.480022078752468246e+02
1.479172990103033953e+02
1.478045610327237398e+02
1.477549529425077424e+02
1.477660689986477962e+02
1.477808538154173164e+02
1.478045482059021651e+02
1.478066419997455512e+02
1.478066419999999823e+02
1.477826738381319274e+02
1.477626810024367785e+02
1.477527637945855759e+02
1.477345319194299123e+02
1.476402910115046723e+02
1.476481023741363003e+02
1.475758335728608017e+02
1.476828929869099341e+02
1.478289542972368622e+02
1.479064215966386655e+02
1.480245529855386621e+02
1.479933664987387942e+02
1.479916552736273729e+02
1.478915570122725001e+02
1.478199537370411747e+02
1.477455269174550097e+02
1.476422590126777266e+02
1.475518882407579611e+02
1.475443752019458259e+02
1.475463119997617127e+02
1.475833570318419561e+02
1.475297035923128135e+02
1.476130689897342450e+02
1.475924866491226908e+02
1.476075275911397000e+02
1.475500650070856352e+02
1.475094802517847938e+02
1.475039088916555272e+02
1.475240489975130060e+02
1.474004629021501387e+02
1.474225444623539829e+02
1.474614269951924825e+02
1.475723501124331278e+02
1.477123045896005635e+02
1.478377849844648324e+02
1.478254109914531398e+02
1.478824688627824173e+02
1.477955030107850973e+02
1.476718099107874593e+02
1.475924976992220081e+02
1.475110180101162882e+02
1.474560754022313347e+02
1.473653575265873030e+02
1.474519359892320267e+02
1.474004571247123749e+02
1.473747001239938754e+02
1.474244249938074347e+02
1.474614240354691788e+02
1.473820637090303762e+02
1.474004529977052584e+02
1.473820524743369162e+02
1.472858754013262512e+02
1.472676250022770716e+02
1.472768712591444853e+02
1.472786567141998830e+02
1.472207500072412643e+02
1.474317780913600018e+02
1.475240342290021545e+02
1.476191269880938819e+02
1.476867485818043804e+02
1.476098923084844614e+02
1.476130689996001024e+02
1.475629480159647073e+02
1.474281235899065052e+02
1.472889420174748807e+02
1.471483582643549255e+02
1.471449905374986429e+02
1.472026839927450510e+02
1.472582365488094922e+02
1.473423645285747341e+02
1.473163620032760264e+02
1.473036370196010125e+02
1.472951843534364116e+02
1.472556170049892046e+02
1.472432119939649340e+02
1.472417012417710964e+02
1.471474010119075047e+02
1.471151925807411089e+02
1.471631863139116660e+02
1.471652389997414048e+02
1.473838644823131006e+02
1.475048646259254497e+02
1.475195629981413106e+02
1.475306861087426853e+02
1.475638086959085911e+02
1.474771890109837216e+02
1.473516810565515698e+02
1.472832609551614382e+02
1.471523910166153257e+02
1.471023770074705794e+02
1.471169576644142012e+02
1.471078350011601970e+02
1.471854507808676829e+02
1.471705363893867684e+02
1.472721109870671512e+02
1.472166954403012369e+02
1.472390264232011532e+02
1.471432510122113513e+02
1.472166851159069836e+02
1.470471931434478847e+02
1.470939959940212134e+02
1.470799891223387021e+02
1.471280153088810323e+02
1.470854510054425646e+02
1.472906345590802175e+02
1.473850418841767862e+02
1.474195879955793771e+02
1.475343698027595849e+02
1.474880914125351978e+02
1.473801280138392826e+02
1.472535821398933251e+02
1.471928667214076256e+02
1.471466380059330561e+02
1.471355608875911400e+02
1.471321125520785529e+02
1.471631939960046225e+02
1.471432525978758292e+02
1.471483461840500411e+02
1.471503459997426830e+02
1.471503459999999848e+02
1.471577608125801646e+02
1.471745309978386160e+02
1.470395018197409058e+02
1.470081850133957175e+02
1.469473890078461125e+02
1.469896986097697322e+02
1.469546736095141455e+02
1.470652629857065108e+02
1.471781389553333952e+02
1.473053556287022730e+02
1.474237229846839625e+02
1.473813833926487007e+02
1.474086276365013077e+02
1.473885510026022985e+02
1.472649499041073113e+02
1.471483656684998209e+02
1.470016340190383062e+02
1.469138730322672188e+02
1.469510760410861110e+02
1.469215710038346572e+02
1.469769255644411032e+02
1.470266350400953854e+02
1.469601610086502887e+02
1.468956671678992336e+02
1.469398749196112703e+02
1.468993850052763435e+02
1.468861410612408633e+02
1.468716923136980768e+02
1.468108080079429101e+02
1.468861339640942560e+02
1.469232130629962398e+02
1.469251269997507450e+02
1.470119570422517654e+02
1.471631697853756293e+02
1.472683879862391905e+02
1.473330648173929092e+02
1.473273639137936186e+02
1.472068500157857898e+02
1.471201869443977444e+02
1.471068451354965987e+02
1.470041210134733092e+02
1.469500183353103182e+02
1.469048242368706951e+02
1.468672350049359068e+02
1.468672349999999938e+02
1.468781582507047005e+02
1.469152389951236444e+02
1.469086015318704597e+02
1.469344758562872073e+02
1.468837290066832111e+02
1.468473859122335057e+02
1.468569334705441634e+02
1.468412790020643968e+02
1.467269391622659214e+02
1.468893949820897546e+02
1.468635420034169670e+02
1.469740981409094900e+02
1.470950446324546874e+02
1.471329509949909209e+02
1.472482377618150053e+02
1.473089822735449559e+02
1.472567610069146156e+02
1.471523993627486675e+02
1.470241915305362284e+02
1.469711620070268623e+02
1.468956680495247440e+02
1.468376722867873241e+02
1.468691729958175074e+02
1.468376655247806752e+02
1.468449098394505370e+02
1.468045820053600892e+02
1.468432299030304478e+02
1.468376638918691413e+02
1.468215040021505047e+02
1.468327341000972410e+02
1.467893609461790447e+02
1.467995159986458020e+02
1.467552995432094747e+02
1.467767775598114497e+02
1.468487259904001405e+02
1.468540965696377327e+02
1.469318585467760556e+02
1.470553759834987488e+02
1.470574198362199638e+02
1.470647888199094666e+02
1.470839699974340533e+02
1.469389926175884113e+02
1.467987904510465569e+02
1.467123120115814174e+02
1.466897618070365468e+02
1.466791257030488680e+02
1.466696030012770677e+02
1.467490486336918138e+02
1.467396725025787703e+02
1.467434249994958293e+02
1.467657922076189720e+02
1.467248915504116553e+02
1.466641400081690563e+02
1.466918327808529057e+02
1.466455774080306469e+02
1.465886090076701294e+02
1.465886089999999911e+02
1.465330299008549844e+02
1.466254129875427168e+02
1.467067054856391053e+02
1.468022776953740163e+02
1.468764509899882853e+02
1.469409908280994728e+02
1.469427957117799792e+02
1.469241960025143499e+02
1.468209472738568877e+02
1.466844408599103815e+02
1.466107040099776668e+02
1.466049974572959229e+02
1.466401323731325022e+02
1.465772720085201684e+02
1.466583355039319088e+02
1.466455720450877891e+02
1.466049970055059077e+02
1.465737195064444620e+02
1.466271594412694412e+02
1.465091870160310634e+02
1.464740948121438464e+02
1.464461274784830209e+02
1.464075030052543696e+02
1.463724408097461094e+02
1.464000515777153453e+02
1.464333819954600813e+02
1.463984877962904250e+02
1.466180688338479854e+02
1.467361459838987798e+02
1.467104070626262455e+02
1.467729859777021773e+02
1.467047440093216721e+02
1.465571728258511257e+02
1.464612593585944751e+02
1.464225940052854469e+02
1.463154245882102771e+02
1.463114946280062156e+02
1.463042770009881792e+02
1.464038480206828297e+02
1.463761654346382954e+02
1.464057629959415294e+02
1.464225926513202580e+02
1.464428077627665346e+02
1.463908090071385857e+02
1.463504842315177257e+02
1.463026826549117345e+02
1.462949690010591723e+02
1.462503715739247241e+02
1.462987762474038504e+02
1.463652969908461614e+02
1.464333765442659114e+02
1.465977686733935172e+02
1.467248849824870547e+02
1.467879759440295686e+02
1.467673992961735507e+02
1.466752640127118354e+02
1.466360821399555050e+02
1.465403453318274103e+02
1.464480450127490485e+02
1.464370138840133677e+02
1.464649935188914753e+02
1.464437730029358988e+02
1.464556740462699054e+02
1.465037473011637417e+02
1.465682229910712806e+02
1.465397372828030313e+02
1.464997334063097867e+02
1.464866960018070472e+02
1.464295405803603671e+02
1.463553908744559635e+02
1.463263720040275473e+02
1.463263719999999921e+02
1.463218867183255156e+02
1.464179699866421913e+02
1.465028781955388695e+02
1.466874414429371143e+02
1.467887889858968435e+02
1.468887109923301750e+02
1.469237173949348403e+02
1.468283090132979680e+02
1.467777310532856632e+02
1.466040938077442775e+02
1.465415660087216168e+02
1.464568567885590937e+02
1.463775167054185147e+02
1.464272169930540599e+02
1.465193426170773137e+02
1.465737082943785197e+02
1.466049969956240773e+02
1.465636643123979184e+02
1.464845876638131585e+02
1.464881609994976941e+02
1.464048996725699112e+02
1.462557018933938195e+02
1.462629099989857480e+02
1.462184345642729966e+02
1.461837375562629404e+02
1.462480329909708985e+02
1.464179563822661976e+02
1.465625698418601814e+02
1.467075509796197821e+02
1.466726577963626141e+02
1.466375956148818318e+02
1.465879990069808514e+02
1.464420756944081745e+02
1.462906292528252550e+02
1.462500320057185093e+02
1.462184335323314883e+02
1.461670322317085606e+02
1.461411910036455026e+02
1.460894981427241817e+02
1.461743654075059169e+02
1.462426309903564743e+02
1.461760933324157179e+02
1.461299673864080830e+02
1.461247570007360537e+02
1.460968362376113134e+02
1.460285159414331417e+02
1.460801409926861822e+02
1.459474916307403305e+02
1.460490417345904746e+02
1.460582139987015182e+02
1.460930772059987817e+02
1.462776364424214250e+02
1.463332079921135005e+02
1.463091459283827191e+02
1.463074052784646994e+02
1.462039810147033734e+02
1.460301359323229633e+02
1.460325026187319111e+02
1.460285050005690834e+02
1.458920409365515525e+02
1.459214902817824679e+02
1.458793200060105448e+02
1.458867954009024572e+02
1.459361051028817826e+02
1.458826770076247783e+02
1.459952009820236469e+02
1.459418125518980105e+02
1.458605820116037251e+02
1.459308123715357510e+02
1.458018256588626969e+02
1.457279520105638539e+02
1.458516150892622534e+02
1.457958779282227511e+02
1.457865610013330127e+02
1.459453162768394066e+02
1.461559732640402842e+02
1.461776289968996423e+02
1.462758421288655200e+02
1.462833258027034162e+02
1.463018049973472330e+02
1.462593584018222828e+02
1.460801696976782864e+02
1.459361130207022370e+02
1.458423095177631410e+02
1.457997368170951518e+02
1.457849130021323276e+02
1.457279565647124286e+02
1.457813804430726350e+02
1.458107619957677059e+02
1.458090531369552707e+02
1.458332491248223448e+02
1.457831430072289436e+02
1.457498816657056011e+02
1.456831786825313202e+02
1.456424730058778323e+02
1.456630553504387819e+02
1.457332817529929514e+02
1.457704329946291466e+02
1.458107587681063535e+02
1.460045789587647107e+02
1.459837810030157357e+02
1.460378536663569093e+02
1.460545183317203737e+02
1.460281080038288337e+02
1.459173838739824021e+02
1.457771844526134544e+02
1.456310740212024655e+02
1.456705608353216235e+02
1.456258171665634222e+02
1.456222550005165601e+02
1.456183333143047491e+02
1.455889037133408692e+02
1.456479959914022970e+02
1.456540995108310881e+02
1.455836762789470242e+02
1.456025099972550549e+02
1.455150840068151581e+02
1.454911098385452419e+02
1.455229509953558988e+02
1.454541995101465091e+02
1.455450914419838284e+02
1.455318620019337175e+02
1.456147713551448533e+02
1.457037377523061252e+02
1.457901169873748870e+02
1.458238662951223148e+02
1.458269205112728457e+02
1.458090530026150873e+02
1.456960550563753145e+02
1.456183454444606866e+02
1.454378680264439083e+02
1.454179565958302760e+02
1.454080995784383958e+02
1.453915720024244820e+02
1.453730954808324327e+02
1.453786931032500149e+02
1.454320689921601968e+02
1.453861436807717951e+02
1.453434678343633095e+02
1.453620919972601939e+02
1.453361550787682859e+02
1.452235610327207951e+02
1.452788559918562044e+02
1.453195777362649892e+02
1.452364653118167155e+02
1.452843789929353022e+02
1.454578580960978798e+02
1.455538496281969287e+02
1.456367959877610474e+02
1.457771507509042124e+02
1.457698241752293029e+02
1.457345290052148243e+02
1.456277255600575131e+02
1.454711110821011744e+02
1.454524860027514706e+02
1.453434697374293592e+02
1.452588195562410363e+02
1.452032940082215475e+02
1.452548798654898974e+02
1.452843742768086202e+02
1.453066879966920339e+02
1.454080898728128943e+02
1.453600556945106632e+02
1.453660139991143012e+02
1.452882462329674240e+02
1.451978464775458804e+02
1.452382519939924350e+02
1.452955744056869776e+02
1.453138870677524892e+02
1.453802049901321425e+02
1.454727565821000894e+02
1.456257854918223700e+02
1.456682749936736627e+02
1.458287241401630752e+02
1.457878345510116560e+02
1.457827010007647175e+02
1.456590999065246876e+02
1.454948553041604669e+02
1.454727640032948841e+02
1.453434713627197539e+02
1.453085245954911784e+02
1.452438520096677905e+02
1.452588048015401796e+02
1.452990675516145416e+02
1.453214579966496274e+02
1.452936742268608157e+02
1.453434530269441325e+02
1.453766189950312651e+02
1.453030009004807539e+02
1.452107097806515128e+02
1.452012040014238892e+02
1.451849243048182245e+02
1.453730638668145900e+02
1.452973650113744668e+02
1.453674583820003647e+02
1.454395654520102994e+02
1.455722979800421513e+02
1.456903605372416450e+02
1.457087690531479893e+02
1.456773700047275497e+02
1.455577195900478387e+02
1.454243083660614388e+02
1.453214580154987630e+02
1.453398285275886224e+02
1.453085240140791257e+02
1.453214579980474923e+02
1.453050413158122183e+02
1.452254017551611582e+02
1.453029949882757990e+02
1.452341685165175420e+02
1.453452442087958900e+02
1.453301410022870073e+02
1.453134483379379276e+02
1.452455418759641077e+02
1.452157610045078400e+02
1.452344665007272226e+02
1.452382513940353590e+02
1.452806719935692286e+02
1.453817678970008842e+02
1.454710716980023335e+02
1.455645609858131309e+02
1.456601953347372103e+02
1.456787090359874242e+02
1.456182880091811853e+02
1.455333488080428310e+02
1.454297355941006629e+02
1.453697370091244920e+02
1.453782203200437664e+02
1.453483487844830506e+02
1.453431560007901169e+02
1.453840927188273895e+02
1.453782219408196568e+02
1.453853009989205134e+02
1.454278085929107647e+02
1.453763222468736842e+02
1.454060839954557594e+02
1.453724866929134976e+02
1.453507734772769879e+02
1.452732250118503998e+02
1.452304884254575654e+02
1.452602502326310798e+02
1.453578349850708094e+02
1.454409123411010967e+02
1.455258823917651227e+02
1.456182879858484114e+02
1.456787071572121874e+02
1.456694514832202572e+02
1.456106120090224181e+02
1.455518857071095908e+02
1.454868584144211354e+02
1.453946550141533010e+02
1.453281773284202245e+02
1.453043718119900802e+02
1.452047290153137737e+02
1.452602505497419259e+02
1.452397052913761399e+02
1.452507339983025361e+02
1.453043637013712157e+02
1.452618948027933072e+02
1.452431810028816699e+02
1.451771462929496579e+02
1.451218368578935269e+02
1.451163950008378549e+02
1.451145491479528289e+02
1.450812903269446679e+02
1.451455239900820402e+02
1.452507255676308091e+02
1.454166464262614511e+02
1.454392409965117281e+02
1.454960604456611293e+02
1.454682674522618697e+02
1.454261030065238458e+02
1.453134560291904052e+02
1.452047464103134473e+02
1.451106580145730334e+02
1.450647936762516395e+02
1.450647899999999879e+02
1.450313120051920919e+02
1.450534362266303106e+02
1.450666348862816619e+02
1.450961469954181382e+02
1.450331480496984682e+02
1.450498793193749805e+02
1.450609139982852014e+02
1.450349610802680616e+02
1.449685636344332806e+02
1.449595660013984855e+02
1.449705201219654498e+02
1.449652578429918606e+02
1.450202499914327063e+02
1.450849728120909958e+02
1.451694214748021068e+02
1.452637949852832833e+02
1.452471033379364656e+02
1.452767302544771155e+02
1.452101910103900195e+02
1.451550804174522398e+02
1.449705505552570060e+02
1.449079600097790603e+02
1.449061901418652951e+02
1.448211816157232192e+02
1.448414929968193690e+02
1.449481584500706504e+02
1.449576564800760821e+02
1.449850479957090101e+02
1.449889226894177625e+02
1.449924474354928350e+02
1.449720320032019458e+02
1.448820882096110267e+02
1.448061661592576002e+02
1.447487500090130652e+02
1.448559954035274018e+02
1.448135607981224950e+02
1.448190319991389288e+02
1.450517103491549449e+02
1.451346167238688167e+02
1.452195749866330061e+02
1.452637914557249701e+02
1.452270578841922202e+02
1.451376810140790496e+02
1.450607531663466432e+02
1.449370938055819806e+02
1.448414930150740361e+02
1.448377393008879892e+02
1.448282495199354969e+02
1.447879190063673036e+02
1.448025358283457535e+02
1.448484586446956257e+02
1.448927169930057346e+02
1.448116534978941559e+02
1.447672661085285313e+02
1.447545940020040405e+02
1.446749043877796908e+02
1.447252439360359517e+02
1.447026230035846197e+02
1.447711145098285783e+02
1.446623874158367755e+02
1.448005229780912657e+02
1.448981101775486877e+02
1.450439846363292133e+02
1.451471419836266818e+02
1.452062042656413041e+02
1.451417203292552074e+02
1.450828410093562013e+02
1.450440111125628562e+02
1.449220945271003984e+02
1.448116470175698680e+02
1.447802775145503915e+02
1.447784592908257082e+02
1.447563030035290410e+02
1.447381924517287928e+02
1.447678342519765806e+02
1.448316969898174307e+02
1.448727707075533431e+02
1.448243957488569436e+02
1.447524120114895823e+02
1.447100723939278168e+02
1.446271352837005679e+02
1.446234760005826274e+02
1.446181814244122279e+02
1.446105072291283875e+02
1.446345379961553590e+02
1.447449871463970226e+02
1.448613113694359527e+02
1.450091109763321526e+02
1.449514216243900933e+02
1.450330389263693007e+02
1.449353190156694779e+02
1.448098110607595572e+02
1.446529041306732495e+02
1.446345380029437990e+02
1.445237068842797044e+02
1.445422040358258187e+02
1.445790879940740012e+02
1.445182098800322876e+02
1.445182049999999947e+02
1.444961870035416780e+02
1.445587269867403961e+02
1.445296076649531187e+02
1.444722460092360734e+02
1.444611078928422785e+02
1.443985710166321041e+02
1.443911760011904732e+02
1.443597755171009283e+02
1.443634194159386936e+02
1.443560190011943689e+02
1.445388053475919889e+02
1.446989813462771792e+02
1.447768109874305935e+02
1.448227063209591847e+02
1.448243877312703773e+02
1.448169870011969351e+02
1.447563078641451568e+02
1.445128879889007862e+02
1.444116990163763319e+02
1.442987010581314564e+02
1.443007666676905671e+02
1.443358319943167771e+02
1.443081392199111121e+02
1.442857105921486323e+02
1.442949689984972110e+02
1.442492116680113554e+02
1.442803770075005332e+02
1.442750560008650496e+02
1.442435035293229930e+02
1.442471934085673411e+02
1.442194690045080847e+02
1.441568060232280288e+02
1.443303412031166886e+02
1.442322400159729057e+02
1.443337028664536774e+02
1.445087929561350961e+02
1.446086289837363381e+02
1.446877696558504738e+02
1.446419913335963656e+02
1.446378190006794000e+02
1.445790927076838557e+02
1.444645883400966113e+02
1.443525250182967739e+02
1.442378491927925666e+02
1.441809951051973542e+02
1.441881269988326153e+02
1.442322364640315300e+02
1.442047484035033449e+02
1.442400219942268222e+02
1.442690726711917932e+02
1.442765957953451732e+02
1.442621020023746041e+02
1.442322423936605844e+02
1.441881340647427407e+02
1.440941790154072066e+02
1.440941789999999969e+02
1.440941789999999969e+02
1.441366899930208660e+02
1.443485560159332977e+02
1.444148013917322260e+02
1.445697649745339959e+02
1.446231357215702076e+02
1.446288760812104783e+02
1.446380169984962549e+02
1.445296116902612482e+02
1.444072326009710707e+02
1.443191080145105332e+02
1.442818949831707016e+02
1.441879740435494739e+02
1.440994120145987836e+02
1.441863960269355118e+02
1.442400134128052684e+02
1.442084360052130876e+02
1.442434371941272104e+02
1.442007678351383220e+02
1.441990830002772270e+02
1.441138998287288189e+02
1.440496332929970151e+02
1.440776529953639908e+02
1.439925468225714553e+02
1.439979251374180080e+02
1.440700389880603041e+02
1.442119036273394670e+02
1.444204845916486875e+02
1.445327619813962485e+02
1.445089149117198701e+02
1.446415507542685930e+02
1.445011150233044077e+02
1.444478362711389536e+02
1.443741887960790677e+02
1.442523820202292768e+02
1.441604093730874467e+02
1.441269753542454168e+02
1.441198590011823342e+02
1.441715208584609229e+02
1.441695423175843302e+02
1.442028969944482810e+02
1.442523780332809054e+02
1.442360576148287521e+02
1.442507489975517103e+02
1.440645609260705555e+02
1.439945192168540871e+02
1.439428570086149648e+02
1.439851516093762598e+02
1.439999076369276167e+02
1.440516679913581299e+02
1.440626681181537379e+02
1.443058250513038274e+02
1.443613449907268489e+02
1.444350230934368824e+02
1.444906080973396456e+02
1.444333820095762917e+02
1.443631966265739379e+02
1.442523997465633556e+02
1.441438310181812028e+02
1.441030322707322853e+02
1.440073713224811058e+02
1.440404369944534722e+02
1.440553898012686318e+02
1.440314228392327891e+02
1.441363229823929544e+02
1.440752468963401043e+02
1.441342695449260418e+02
1.440314190172819337e+02
1.439664982045721331e+02
1.439407711201534141e+02
1.439147960043680143e+02
1.438378221708535136e+02
1.438726764160217044e+02
1.439521349866230082e+02
1.441326925249962301e+02
1.442137490185895956e+02
1.443576519757490360e+02
1.444093448558585919e+02
1.444333781509767789e+02
1.443463910146764704e+02
1.441955090960100563e+02
1.441471957369726908e+02
1.440200970214640677e+02
1.439575410150445691e+02
1.438912016255565902e+02
1.438892380003301525e+02
1.439058076716247569e+02
1.439147945606755457e+02
1.438817610055907323e+02
1.439112996319099977e+02
1.439537452013586289e+02
1.439186420059480156e+02
1.438523013184942840e+02
1.438557134525846379e+02
1.437974870098744873e+02
1.437658115394089862e+02
1.437879924466010664e+02
1.439004679809066545e+02
1.439113011315102710e+02
1.440716613132235295e+02
1.441656969840243789e+02
1.443006801784054858e+02
1.442766008588263560e+02
1.442523820041191982e+02
1.441695486407606097e+02
1.440275507445822427e+02
1.439722460094136522e+02
1.438250258026870938e+02
1.438378139496637118e+02
1.438116620044581850e+02
1.439172295366006722e+02
1.437989099541802034e+02
1.438137069974718827e+02
1.438581674355780819e+02
1.439094777815000157e+02
1.437822740217289095e+02
1.437933961083314216e+02
1.437178481017003264e+02
1.436865250053536442e+02
1.437012028232642820e+02
1.437326469633450188e+02
1.437194380022616826e+02
1.437676061383039325e+02
1.439851961461749283e+02
1.441138929779559987e+02
1.441675686967471393e+02
1.442100771915000053e+02
1.441290750138936403e+02
1.440347535618930976e+02
1.439336421952498881e+02
1.438099230212375517e+02
1.437952141792310954e+02
1.437734574848973921e+02
1.437583940025881475e+02
1.437879936269425514e+02
1.437454308182919362e+02
1.437842419933220697e+02
1.437952121205030096e+02
1.437711998465445902e+02
1.437604380018525774e+02
1.436991949099944179e+02
1.436145165634207501e+02
1.436202409990108606e+02
1.436532883505147993e+02
1.436123275617385673e+02
1.437032179843152448e+02
1.436937277608568309e+02
1.438669632500777880e+02
1.439721849818298551e+02
1.440330321217193159e+02
1.440163006809172828e+02
1.439977580032056608e+02
1.440167694757944901e+02
1.438340302724647870e+02
1.437974870063198125e+02
1.436032575719738702e+02
1.436386063351304472e+02
1.437730879767015324e+02
1.436219621162558155e+02
1.436515162638948198e+02
1.436791089952154437e+02
1.437381712647749339e+02
1.437067780295246280e+02
1.436957720019098019e+02
1.435853528527023286e+02
1.435610708882241227e+02
1.435832229961497717e+02
1.435722068832038474e+02
1.435906050527174500e+02
1.437050639800901024e+02
1.437250973938433845e+02
1.437360682428718235e+02
1.439372569649679008e+02
1.439832743106016721e+02
1.439610945534996347e+02
1.439852609957871152e+02
1.439169384777113976e+02
1.438321685781729116e+02
1.437067730218761881e+02
1.436184010851731330e+02
1.435721674049155467e+02
1.435184950093726570e+02
1.435683410036133978e+02
1.435333166111107346e+02
1.436162119855067658e+02
1.436697507075427325e+02
1.437158756120454655e+02
1.436018080199631299e+02
1.435443176092928184e+02
1.434855154186592756e+02
1.434374250084225650e+02
1.434707473283760351e+02
1.435150699004818193e+02
1.435021680022635735e+02
1.436551247366381574e+02
1.437583774620942449e+02
1.438043529919330865e+02
1.438007062923767307e+02
1.438026436896045936e+02
1.437527020087747474e+02
1.436918858759760269e+02
1.435058138058373913e+02
1.434173140155595263e+02
1.433839916716472089e+02
1.434228317778242285e+02
1.433951580048729966e+02
1.433509725426159207e+02
1.433343396638353511e+02
1.433766489925436360e+02
1.433711564403727436e+02
1.434080920832423658e+02
1.433399370120234266e+02
1.432791658724108572e+02
1.432402422343685089e+02
1.432495589983538196e+02
1.432420526018373721e+02
1.432734799655717381e+02
1.432973339957847543e+02
1.433786564798270717e+02
1.435794368381159245e+02
1.436754159830249193e+02
1.437396808474415195e+02
1.438301565075483097e+02
1.437747210098199844e+02
1.437032847275537790e+02
1.436123355682251770e+02
1.434243940333139165e+02
1.434025607505306255e+02
1.433858076833957682e+02
1.433786630012673129e+02
1.433913579821486053e+02
1.434357398906111598e+02
1.434134840039543235e+02
1.434522078952097104e+02
1.434634392013489332e+02
1.434058850102331348e+02
1.433804360404417650e+02
1.432606401898499939e+02
1.431592120180476968e+02
1.432035194475182607e+02
1.432197104069256852e+02
1.432695329911248621e+02
1.433414722320449641e+02
1.435262014089699107e+02
1.435572069944763882e+02
1.435610666905364212e+02
1.435518214810506663e+02
1.435112470072419910e+02
1.433930774746559962e+02
1.432897675478401993e+02
1.431205760302261467e+02
1.432606097722768652e+02
1.431519814031440490e+02
1.430872210115788050e+02
1.430835132972793531e+02
1.431205090735356293e+02
1.431739519904338351e+02
1.431461982252707514e+02
1.430745364792738314e+02
1.431388559884724145e+02
1.430338994153354690e+02
1.429934924715235525e+02
1.430207839951036419e+02
1.431055852006923601e+02
1.429620299975181865e+02
1.431017779749053602e+02
1.432680546680109330e+02
1.433674780752603795e+02
1.434632729827869753e+02
1.435794906816978198e+02
1.435940846636450203e+02
1.435279100119045950e+02
1.434819236871781243e+02
1.434337557155696459e+02
1.433195810205574787e+02
1.434152923258584451e+02
1.432828592160778669e+02
1.432571270046341283e+02
1.432717138304242610e+02
1.433436174817178710e+02
1.434060529887377982e+02
1.434282682187742637e+02
1.434522071654268416e+02
1.434614729983273662e+02
1.433858110666193397e+02
1.433030082634955704e+02
1.431978930189986272e+02
1.431335671576959498e+02
1.432421566038358094e+02
1.432735609943208885e+02
1.434617479109944895e+02
1.436183689127024650e+02
1.436550759933564052e+02
1.437176939792199164e+02
1.436201956194548757e+02
1.436844799883431847e+02
1.434984599153322620e+02
1.433397944148968008e+02
1.432402050180671154e+02
1.431169088860642660e+02
1.431017804219105187e+02
1.430300610130264545e+02
1.430411691093334525e+02
1.430247386322148486e+02
1.430138110019862836e+02
1.429839363954002920e+02
1.429860546602814964e+02
1.429639140040293341e+02
1.429269449642511915e+02
1.428256092329880289e+02
1.428326729987103079e+02
1.428643174626782013e+02
1.427944611910340313e+02
1.429196029771801477e+02
1.430856356871092885e+02
1.431370327685666268e+02
1.432293409831543158e+02
1.431921579814282097e+02
1.431921549999999854e+02
1.430926990181690996e+02
1.430264193144839453e+02
1.428866663869463878e+02
1.428165140128239159e+02
1.427590846048538253e+02
1.427703092011299191e+02
1.428219159905545155e+02
1.427886546669950008e+02
1.427646538444062116e+02
1.428698129807332009e+02
1.428828279564188506e+02
1.428993823482185235e+02
1.428326730122338688e+02
1.426986507463594194e+02
1.427074885824902140e+02
1.427207349975687691e+02
1.427074910619462287e+02
1.427405047111612078e+02
1.427668619951582798e+02
1.428843915760384107e+02
1.430061764919798861e+02
1.430688949884691965e+02
1.431609136215862179e+02
1.432200085343673948e+02
1.431739520084799153e+02
1.431057354698806989e+02
1.429363841286924242e+02
1.428275160200547020e+02
1.427275790133742248e+02
1.426429285594757630e+02
1.426670849955422682e+02
1.427058698900551690e+02
1.427241500720623719e+02
1.428073589846396487e+02
1.427299572064332835e+02
1.427133526590123154e+02
1.427019970020977837e+02
1.426873041781408631e+02
1.426082746601543647e+02
1.426320509956000819e+02
1.426282973009902264e+02
1.425933445992985753e+02
1.426724869853473194e+02
1.428866268291673123e+02
1.429398424777102719e+02
1.430704969757906895e+02
1.431755295779294386e+02
1.431245211728025879e+02
1.431132060020972006e+02
1.430505590233785824e+02
1.428922993521333638e+02
1.427962360178298127e+02
1.427275765055073009e+02
1.426670946882158830e+02
1.426486220034309440e+02
1.427222400968709906e+02
1.427241526945500141e+02
1.426927660058380525e+02
1.426853965909235455e+02
1.426912690591425417e+02
1.426709460037838539e+02
1.425821771180384303e+02
1.425472485943759295e+02
1.424939740099268022e+02
1.425342997664233735e+02
1.424811655125841696e+02
1.425804299814828653e+02
1.427277881838572000e+02
1.428495145014101979e+02
1.429878859741694441e+02
1.429601632229984034e+02
1.429839301921855963e+02
1.428993850158002203e+02
1.427575203756828444e+02
1.426635140579658980e+02
1.425506910211008744e+02
1.424827494480335304e+02
1.423834249109102643e+02
1.424461989882440776e+02
1.424106948469799363e+02
1.424296709595688242e+02
1.425108049847960103e+02
1.425643277081524900e+02
1.426137170884954344e+02
1.425585340103524459e+02
1.424551942865622891e+02
1.423372238975813104e+02
1.423337870006417347e+02
1.424106858336546111e+02
1.423243868261423302e+02
1.423867509882776687e+02
1.425379068791219481e+02
1.426651266212379880e+02
1.427483229843546724e+02
1.427738949494336964e+02
1.428308788714489594e+02
1.427927720071762394e+02
1.427209387601843673e+02
1.425859146300973066e+02
1.424756940207668379e+02
1.423723852841668815e+02
1.423576853536210933e+02
1.423242960062975726e+02
1.423134638686138089e+02
1.422581278647712963e+02
1.422800459958602346e+02
1.422436719167944261e+02
1.423043132846844117e+02
1.423354659941148270e+02
1.422379398205252699e+02
1.421715966270489844e+02
1.421991129947933246e+02
1.421789426174459834e+02
1.422307516998213828e+02
1.422618119941211887e+02
1.423409526537637078e+02
1.424959181752004440e+02
1.425345019926932082e+02
1.426747647523988576e+02
1.426212105813068263e+02
1.425989700042167385e+02
1.425456292773756388e+02
1.423926495070627141e+02
1.422618120248342564e+02
1.421825943524518436e+02
1.421570180963680059e+02
1.420461740210618302e+02
1.421494227204817662e+02
1.421086655307460092e+02
1.421494309922453567e+02
1.421364620399835701e+02
1.422121168796961683e+02
1.420665910277059822e+02
1.420850375207664626e+02
1.420607958838257616e+02
1.420167100083995706e+02
1.419871403712049585e+02
1.420147215810161185e+02
1.421053179827223971e+02
1.422339386858132286e+02
1.423114055911760829e+02
1.424461989742711694e+02
1.424756916349589062e+02
1.425547063419253959e+02
1.425108050083905766e+02
1.424016827506310108e+02
1.423134771294860172e+02
1.422029740211302169e+02
1.420959415830637909e+02
1.420259982038419935e+02
1.420352799982211707e+02
1.419725560299247888e+02
1.420017823170176428e+02
1.421086589795241650e+02
1.421237797874397870e+02
1.420700176131344961e+02
1.420665910006554498e+02
1.419854055104088104e+02
1.419560307049370351e+02
1.419209910067246483e+02
1.419171773058275789e+02
1.419801849058302707e+02
1.420240799915689820e+02
1.421843451479967655e+02
1.423541767941823366e+02
1.424756939766386097e+02
1.425051256398090231e+02
1.425366479503412620e+02
1.425712749933364591e+02
1.425051333040664190e+02
1.423522134977191911e+02
1.422415630213109807e+02
1.421769021853221773e+02
1.421165266716592726e+02
1.420719920085850561e+02
1.420480839172567187e+02
1.420443595963502048e+02
1.420850389921491796e+02
1.420795614392620223e+02
1.421086543390765939e+02
1.420646830084945691e+02
1.419504651594913298e+02
1.418896287448933151e+02
1.418948839989820669e+02
1.418896194221841256e+02
1.419320781977728814e+02
1.420167099836239402e+02
1.420810358414840380e+02
1.422673821469586528e+02
1.423542039831894215e+02
1.424551779025291864e+02
1.425271814658541700e+02
1.424461990157016942e+02
1.424258756298097808e+02
1.422231934707855032e+02
1.421570140128349919e+02
1.420959378979399048e+02
1.420905328651388970e+02
1.419742600225813760e+02
1.420223671420851019e+02
1.419523132237519576e+02
1.420556349799134637e+02
1.420646822744592725e+02
1.420632342321031274e+02
1.419562240208199739e+02
1.420003034650661391e+02
1.418822229179475300e+02
1.418491530064362109e+02
1.418100321372876920e+02
1.418564235672374139e+02
1.418842789945721279e+02
1.421164983771851666e+02
1.422045308994884465e+02
1.423205119773765546e+02
1.424995596412571217e+02
1.424811599500772843e+02
1.424021160154335064e+02
1.423358373152370859e+02
1.423318806330410951e+02
1.420722210507462933e+02
1.420719920183632894e+02
1.419930866412937860e+02
1.419930739999999787e+02
1.419838127427122743e+02
1.420389181715240170e+02
1.420337390010157321e+02
1.420607898306371339e+02
1.420700075235933753e+02
1.419560260223358910e+02
1.419043331455585815e+02
1.418271623627765905e+02
1.418327499989016474e+02
1.417830099889571045e+02
1.418197741094178070e+02
1.418679209905495497e+02
1.419577577954196954e+02
1.421200769961284323e+02
1.422140359815438160e+02
1.422788658008772700e+02
1.423300557997163480e+02
1.422916730075498606e+02
1.421586266698724046e+02
1.420500213978899353e+02
1.419966900104938929e+02
1.419194261963131396e+02
1.418933011844876546e+02
1.418826460020983120e+02
1.418716148846625345e+02
1.419670117163435634e+02
1.420004439934107836e+02
1.420337363300486118e+02
1.420485216316737933e+02
1.420151990065768643e+02
1.419175508311260216e+02
1.417939208055397557e+02
1.417887430010188439e+02
1.417462354090042993e+02
1.417941223274714275e+02
1.419140489762914115e+02
1.420889459736621347e+02
1.421478195700743754e+02
1.422511459795556732e+02
1.423580094297783205e+02
1.424482295471403006e+02
1.423782360138653758e+02
1.423484993848189788e+02
1.421661532134667425e+02
1.420337390262425288e+02
1.419907584469646906e+02
1.418586191696267349e+02
1.419194199879327130e+02
1.419066490242120153e+02
1.419708317170448879e+02
1.420207229900947254e+02
1.420647714673750386e+02
1.420595568360095911e+02
1.420480820022804949e+02
1.419320943020699985e+02
1.418072270037023088e+02
1.417439740125787466e+02
1.417297081441064961e+02
1.418177818893635447e+02
1.418733529889384783e+02
1.419527076358285740e+02
1.421271100596631527e+02
1.421530469948369273e+02
1.421478294184463209e+02
1.422049028560749093e+02
1.421627360084120539e+02
1.420741811020552063e+02
1.419614450605651825e+02
1.418236710274996710e+02
1.417752588826342333e+02
1.417427132136008652e+02
1.417741259937226630e+02
1.417850501238872880e+02
1.418606308911436713e+02
1.418879099945472717e+02
1.418826464221388619e+02
1.419061102407272017e+02
1.417694870273458889e+02
1.416942670326534710e+02
1.416670743556544210e+02
1.416443190045575875e+02
1.416025133528269464e+02
1.416868014953901422e+02
1.417812669810624300e+02
1.418789761636752189e+02
1.419654721434430371e+02
1.420485239833364233e+02
1.422105750033985316e+02
1.421110249513489805e+02
1.420700090082347913e+02
1.420057131565819191e+02
1.418937269409020416e+02
1.416942920400874470e+02
1.416155163178911778e+02
1.415969129795010701e+02
1.416760269840818296e+02
1.416727002668080218e+02
1.417296978681395956e+02
1.418492139759345605e+02
1.418459332631196332e+02
1.418050315529943930e+02
1.417530380104778374e+02
1.415823666881051395e+02
1.415248672100524061e+02
1.414956680058882625e+02
1.415032053954878108e+02
1.415750784849790591e+02
1.415858469978282130e+02
1.417165135202958197e+02
1.418306867094480026e+02
1.418662429928187976e+02
1.419250452839343950e+02
1.419212976011903322e+02
1.418606430122669906e+02
1.417698302833848061e+02
1.416337058080318627e+02
1.415174570235267026e+02
1.414938538930265679e+02
1.414624390328376933e+02
1.414346480056292990e+02
1.415286804583517721e+02
1.415325023888759119e+02
1.415307940003465319e+02
1.414864855536606001e+02
1.414902963888752367e+02
1.414586810064162705e+02
1.414126636907241732e+02
1.413499110533736598e+02
1.413112810078444284e+02
1.413133248360779533e+02
1.413407716026153480e+02
1.413701799940223509e+02
1.414974887894144047e+02
1.416225699616101679e+02
1.417407999759479935e+02
1.417812637546660710e+02
1.417517607273869942e+02
1.416942920117021174e+02
1.416320409927582205e+02
1.413996202368434751e+02
1.412780470247711548e+02
1.412726914295372467e+02
1.412855519394628629e+02
1.412597520052634081e+02
1.413333240992231197e+02
1.412780558558500275e+02
1.413903969770618119e+02
1.413059777707748594e+02
1.413280314655375491e+02
1.412763380105638191e+02
1.411325965286915789e+02
1.411844416916653699e+02
1.411459360078767133e+02
1.411844469112505749e+02
1.411787129191801000e+02
1.413077559735858415e+02
1.413352497948683890e+02
1.414938265935651600e+02
1.416797189619222479e+02
1.416041490610776066e+02
1.417165059974547887e+02
1.416984570037044477e+02
1.415583312387937838e+02
1.414313113490608202e+02
1.413112810246278173e+02
1.412171715480698140e+02
1.412266534796137307e+02
1.412282269996771333e+02
1.412266551260727852e+02
1.412266549999999938e+02
1.412597519931964314e+02
1.413426463514108775e+02
1.413685278543712798e+02
1.412984330144220735e+02
1.412044765358486131e+02
1.410645834122744873e+02
1.410755319977409101e+02
1.410591303155122489e+02
1.411639552048727921e+02
1.412246869874873596e+02
1.413685204636790047e+02
1.414088235445306339e+02
1.414938519824631271e+02
1.415969017347647707e+02
1.415784649552491032e+02
1.415969099961916129e+02
1.414370718200526653e+02
1.413465584999275961e+02
1.412414720217091144e+02
1.411566698016978876e+02
1.410443000027414087e+02
1.411269849828981080e+02
1.411309366830481338e+02
1.411719764246773821e+02
1.412487809841057640e+02
1.412670895315281143e+02
1.411309588110765958e+02
1.410755320114763549e+02
1.410591303155322862e+02
1.409818103879886166e+02
1.410054949950873606e+02
1.410238345290354971e+02
1.410385736387327995e+02
1.411074689857057081e+02
1.412874165668562796e+02
1.413426441537287701e+02
1.414294139819832026e+02
