41459	686.219299	24.598877
41459.04167	686.239197	24.604248
41459.08333	686.227844	24.60083
41459.125	686.307312	24.598877
41459.16667	686.363037	24.598877
41459.20833	686.399048	24.60083
41459.25	686.312012	24.60083
41459.29167	686.143982	24.60083
41459.33333	685.945862	24.60376
41459.375	685.913086	24.601807
41459.41667	685.823608	24.599854
41459.45833	685.95105	24.599854
41459.5	686.108032	24.600372
41459.54167	686.354309	24.599365
41459.58333	686.588379	24.602295
41459.625	686.680664	24.601349
41459.66667	686.629822	24.60083
41459.70833	686.542419	24.601349
41459.75	686.321289	24.600372
41459.79167	686.173767	24.599365
41459.83333	685.939819	24.603271
41459.875	685.736206	24.601807
41459.91667	685.620728	24.604248
41459.95833	685.665588	24.60376
41460	685.649475	24.603271
41460.04167	685.767883	24.601807
41460.08333	685.783752	24.604248
41460.125	685.833862	24.605743
41460.16667	685.856567	24.600372
41460.20833	685.823608	24.602295
41460.25	685.755554	24.602783
41460.29167	685.687378	24.603271
41460.33333	685.513672	24.604736
41460.375	685.387085	24.601807
41460.41667	685.400879	24.605743
41460.45833	685.504211	24.606689
41460.5	685.63855	24.605255
41460.54167	685.932739	24.604736
41460.58333	686.045166	24.604248
41460.625	686.12085	24.606232
41460.66667	686.067261	24.603271
41460.70833	685.862671	24.605255
41460.75	685.680664	24.604248
41460.79167	685.467285	24.605743
41460.83333	685.286865	24.607666
41460.875	685.153198	24.60376
41460.91667	685.135559	24.605743
41460.95833	685.126404	24.606689
41461	685.088196	24.607178
41461.04167	685.115601	24.604736
41461.08333	685.148193	24.604248
41461.125	685.227661	24.605255
41461.16667	685.317139	24.604736
41461.20833	685.241272	24.605255
41461.25	685.202209	24.605743
41461.29167	685.083557	24.606232
41461.33333	684.923706	24.607666
41461.375	684.881042	24.608154
41461.41667	684.788086	24.60376
41461.45833	684.907715	24.605255
41461.5	684.999023	24.605743
41461.54167	685.307922	24.606689
41461.58333	685.488037	24.607178
41461.625	685.501099	24.609131
41461.66667	685.559448	24.607178
41461.70833	685.439514	24.606232
41461.75	685.288574	24.609131
41461.79167	685.072205	24.607178
41461.83333	684.874451	24.605743
41461.875	684.672607	24.605255
41461.91667	684.59375	24.60376
41461.95833	684.616821	24.606232
41462	684.598145	24.609131
41462.04167	684.618713	24.606689
41462.08333	684.688599	24.607178
41462.125	684.839539	24.608643
41462.16667	684.75177	24.608643
41462.20833	684.69873	24.609131
41462.25	684.64679	24.608154
41462.29167	684.522095	24.611084
41462.33333	684.401672	24.608154
41462.375	684.33136	24.610138
41462.41667	684.300659	24.613037
41462.45833	684.425293	24.612549
41462.5	684.523987	24.609131
41462.54167	684.740417	24.611572
41462.58333	684.944641	24.610626
41462.625	685.045349	24.610138
41462.66667	685.105896	24.608154
41462.70833	685.145813	24.611084
41462.75	684.802063	24.609619
41462.79167	684.563965	24.607178
41462.83333	684.312073	24.610138
41462.875	684.184204	24.609131
41462.91667	684.117676	24.610626
41462.95833	684.100159	24.610626
41463	684.161804	24.613037
41463.04167	684.373718	24.611084
41463.08333	684.373718	24.61203
41463.125	684.343872	24.608643
41463.16667	684.384521	24.612549
41463.20833	684.495239	24.610626
41463.25	684.291016	24.611572
41463.29167	684.177246	24.611572
41463.33333	684.09198	24.609619
41463.375	683.993835	24.609131
41463.41667	683.926453	24.609619
41463.45833	683.995178	24.610626
41463.5	684.112	24.611084
41463.54167	684.321228	24.61203
41463.58333	684.633118	24.611572
41463.625	684.620178	24.612549
41463.66667	684.725708	24.61203
41463.70833	684.488708	24.610626
41463.75	684.439941	24.61203
41463.79167	684.13031	24.611572
41463.83333	684.019165	24.609131
41463.875	683.9552	24.614014
41463.91667	683.976013	24.614502
41463.95833	683.838257	24.61499
41464	683.848633	24.613525
41464.04167	683.929443	24.61203
41464.08333	684.101746	24.613037
41464.125	684.089355	24.613037
41464.16667	684.080811	24.613525
41464.20833	684.056152	24.611572
41464.25	684.059387	24.614502
41464.29167	683.850281	24.613525
41464.33333	683.815674	24.614014
41464.375	683.709717	24.615967
41464.41667	683.766418	24.61203
41464.45833	683.846985	24.615479
41464.5	684.019165	24.611084
41464.54167	684.23468	24.614014
41464.58333	684.291016	24.613525
41464.625	684.471619	24.615967
41464.66667	684.48584	24.614502
41464.70833	684.24939	24.614014
41464.75	684.076294	24.615967
41464.79167	684.090759	24.61499
41464.83333	683.818909	24.614502
41464.875	683.755188	24.612549
41464.91667	683.708069	24.614014
41464.95833	683.783569	24.614502
41465	683.78064	24.616455
41465.04167	683.785339	24.614502
41465.08333	683.782654	24.615967
41465.125	683.833191	24.615479
41465.16667	683.861389	24.616913
41465.20833	683.870544	24.615967
41465.25	683.821167	24.61792
41465.29167	683.602173	24.615479
41465.33333	683.600098	24.614014
41465.375	683.556885	24.614502
41465.41667	683.498291	24.615967
41465.45833	683.575012	24.61499
41465.5	683.694519	24.615479
41465.54167	683.948425	24.617432
41465.58333	684.125244	24.613525
41465.625	684.147888	24.617432
41465.66667	684.119934	24.615967
41465.70833	684.068481	24.619385
41465.75	683.919861	24.616913
41465.79167	683.742798	24.616913
41465.83333	683.602173	24.61792
41465.875	683.399719	24.616913
41465.91667	683.333374	24.618896
41465.95833	683.325623	24.618896
41466	683.308899	24.616913
41466.04167	683.359192	24.613525
41466.08333	683.307068	24.615967
41466.125	683.317993	24.617432
41466.16667	683.262817	24.618408
41466.20833	683.314514	24.617432
41466.25	683.265686	24.618896
41466.29167	683.245117	24.615967
41466.33333	683.227966	24.617432
41466.375	683.161072	24.61792
41466.41667	683.138794	24.61792
41466.45833	683.192871	24.621338
41466.5	683.317993	24.62085
41466.54167	683.474182	24.616455
41466.58333	683.694519	24.621796
41466.625	683.815674	24.617432
41466.66667	683.891724	24.616455
41466.70833	683.740295	24.616913
41466.75	683.773376	24.62085
41466.79167	683.541931	24.620392
41466.83333	683.392334	24.618896
41466.875	683.230042	24.618408
41466.91667	683.091003	24.618896
41466.95833	683.100891	24.617432
41467	683.04303	24.615967
41467.04167	683.07605	24.61792
41467.08333	683.093933	24.62085
41467.125	683.078613	24.61792
41467.16667	683.086792	24.618408
41467.20833	683.083252	24.616913
41467.25	683.048279	24.618896
41467.29167	683.046082	24.619385
41467.33333	683.019714	24.619904
41467.375	682.966919	24.619385
41467.41667	683.037415	24.618896
41467.45833	683.152649	24.619904
41467.5	683.111572	24.621796
41467.54167	683.311462	24.620392
41467.58333	683.451477	24.619904
41467.625	683.549805	24.61792
41467.66667	683.600098	24.618408
41467.70833	683.610962	24.62085
41467.75	683.486816	24.62085
41467.79167	683.333374	24.62085
41467.83333	683.137329	24.620392
41467.875	683.024963	24.621796
41467.91667	682.908447	24.61792
41467.95833	682.895752	24.622314
41468	682.872559	24.622314
41468.04167	682.827454	24.623779
41468.08333	682.843079	24.622314
41468.125	682.866699	24.622314
41468.16667	682.954468	24.618896
41468.20833	682.931335	24.621796
41468.25	682.995728	24.621338
41468.29167	682.892578	24.620392
41468.33333	682.83728	24.623779
41468.375	682.932556	24.619904
41468.41667	682.771606	24.621338
41468.45833	682.792725	24.622803
41468.5	682.943481	24.622803
41468.54167	682.961853	24.621338
41468.58333	683.13269	24.622314
41468.625	683.199219	24.620392
41468.66667	683.199219	24.623779
41468.70833	683.170105	24.623291
41468.75	682.982239	24.621796
41468.79167	682.849609	24.621796
41468.83333	682.664368	24.623779
41468.875	682.578857	24.621796
41468.91667	682.674866	24.62619
41468.95833	682.48877	24.622314
41469	682.599609	24.624786
41469.04167	682.586731	24.622314
41469.08333	682.565247	24.625732
41469.125	682.611084	24.624786
41469.16667	682.589966	24.622803
41469.20833	682.541138	24.622314
41469.25	682.654419	24.621796
41469.29167	682.48114	24.623291
41469.33333	682.384827	24.623291
41469.375	682.281921	24.626678
41469.41667	682.350037	24.622314
41469.45833	682.309265	24.625732
41469.5	682.445129	24.623291
41469.54167	682.622559	24.625244
41469.58333	682.718323	24.625732
41469.625	682.792725	24.622803
41469.66667	682.756653	24.625244
41469.70833	682.686768	24.627686
41469.75	682.637817	24.623291
41469.79167	682.553833	24.623291
41469.83333	682.32135	24.627197
41469.875	682.429382	24.628174
41469.91667	682.25946	24.625732
41469.95833	682.343445	24.623291
41470	682.198486	24.626678
41470.04167	682.254822	24.624786
41470.08333	682.198486	24.627197
41470.125	682.186646	24.62619
41470.16667	682.205688	24.628174
41470.20833	682.227661	24.623291
41470.25	682.003479	24.627197
41470.29167	681.917236	24.625244
41470.33333	681.909302	24.628662
41470.375	681.923218	24.624786
41470.41667	681.792725	24.62619
41470.45833	681.850769	24.627686
41470.5	681.893311	24.627686
41470.54167	682.096436	24.624786
41470.58333	682.236511	24.625244
41470.625	682.33252	24.624786
41470.66667	682.385681	24.626678
41470.70833	682.224182	24.625244
41470.75	682.220703	24.627197
41470.79167	681.993958	24.62619
41470.83333	681.856262	24.62619
41470.875	681.709351	24.626678
41470.91667	681.828186	24.625244
41470.95833	681.719238	24.625732
41471	681.801575	24.627197
41471.04167	681.80304	24.62619
41471.08333	681.809326	24.627686
41471.125	681.833557	24.62912
41471.16667	681.822937	24.627686
41471.20833	681.679932	24.628174
41471.25	681.843811	24.628662
41471.29167	681.597534	24.626678
41471.33333	681.578064	24.628174
41471.375	681.610535	24.625732
41471.41667	681.535828	24.626678
41471.45833	681.660889	24.627686
41471.5	681.767761	24.628662
41471.54167	681.964111	24.627686
41471.58333	682.356628	24.627197
41471.625	682.299683	24.628174
41471.66667	682.271973	24.628174
41471.70833	682.103271	24.629639
41471.75	682.060669	24.624786
41471.79167	682.045776	24.62619
41471.83333	681.870056	24.629639
41471.875	681.852661	24.630127
41471.91667	681.792175	24.627686
41471.95833	681.755615	24.626678
41472	681.923584	24.630615
41472.04167	681.975098	24.628174
41472.08333	681.880005	24.627686
41472.125	681.937134	24.625732
41472.16667	681.817993	24.630615
41472.20833	681.801575	24.62912
41472.25	681.826111	24.628174
41472.29167	681.602478	24.632568
41472.33333	681.573669	24.62912
41472.375	681.53772	24.627686
41472.41667	681.707214	24.62619
41472.45833	681.703613	24.62912
41472.5	681.87561	24.627197
41472.54167	682.177917	24.62619
41472.58333	682.318298	24.62912
41472.625	682.457581	24.629639
41472.66667	682.391052	24.628174
41472.70833	682.290222	24.630127
41472.75	682.274902	24.631073
41472.79167	681.965576	24.627686
41472.83333	681.896667	24.632568
41472.875	681.692139	24.630127
41472.91667	681.602478	24.627197
41472.95833	681.658936	24.629639
41473	681.913818	24.630127
41473.04167	681.853577	24.631073
41473.08333	682.03418	24.628174
41473.125	681.889771	24.630127
41473.16667	681.942932	24.630127
41473.20833	681.690979	24.631073
41473.25	681.557434	24.629639
41473.29167	681.611206	24.628662
41473.33333	681.333435	24.630615
41473.375	681.418457	24.630127
41473.41667	681.330566	24.629639
41473.45833	681.455383	24.63208
41473.5	681.740601	24.630615
41473.54167	681.847778	24.631073
41473.58333	681.94696	24.631073
41473.625	682.021484	24.631561
41473.66667	681.939148	24.631561
41473.70833	681.817993	24.630127
41473.75	681.779724	24.630615
41473.79167	681.335144	24.630615
41473.83333	681.29126	24.63208
41473.875	681.145691	24.632568
41473.91667	681.227417	24.629639
41473.95833	681.078918	24.631073
41474	681.204529	24.630127
41474.04167	681.143616	24.633057
41474.08333	681.154663	24.632568
41474.125	681.197693	24.633545
41474.16667	681.128052	24.631073
41474.20833	681.086487	24.633057
41474.25	681.038879	24.631073
41474.29167	680.869934	24.632568
41474.33333	680.881042	24.631073
41474.375	680.683228	24.632568
41474.41667	680.78125	24.633545
41474.45833	680.776794	24.630127
41474.5	680.897827	24.633057
41474.54167	681.130005	24.631073
41474.58333	681.291992	24.632568
41474.625	681.308289	24.630127
41474.66667	681.361145	24.631073
41474.70833	681.094543	24.633057
41474.75	680.904053	24.635498
41474.79167	680.779053	24.634033
41474.83333	680.734497	24.636963
41474.875	680.45166	24.633545
41474.91667	680.532288	24.633545
41474.95833	680.529053	24.635498
41475	680.495667	24.631561
41475.04167	680.474915	24.634552
41475.08333	680.528809	24.631561
41475.125	680.620422	24.634033
41475.16667	680.769592	24.634552
41475.20833	680.532043	24.63504
41475.25	680.608215	24.63504
41475.29167	680.422668	24.632568
41475.33333	680.175781	24.633057
41475.375	680.22406	24.635498
41475.41667	680.144287	24.633545
41475.45833	680.39325	24.63504
41475.5	680.563599	24.633057
41475.54167	680.7677	24.631073
41475.58333	680.98584	24.634033
41475.625	681.088318	24.634552
41475.66667	681.096436	24.633545
41475.70833	681.070618	24.634552
41475.75	680.938843	24.63504
41475.79167	680.783936	24.634552
41475.83333	680.427795	24.633057
41475.875	680.380981	24.63208
41475.91667	680.066589	24.635498
41475.95833	680.117371	24.631561
41476	680.229065	24.635986
41476.04167	680.343018	24.633545
41476.08333	680.399048	24.636963
41476.125	680.286438	24.633057
41476.16667	680.360657	24.63504
41476.20833	680.309326	24.63504
41476.25	680.276917	24.633057
41476.29167	680.257568	24.63504
41476.33333	680.168823	24.635986
41476.375	680.140137	24.635498
41476.41667	680.102234	24.63504
41476.45833	680.106384	24.63504
41476.5	680.361328	24.635986
41476.54167	680.456604	24.636444
41476.58333	680.669922	24.637451
41476.625	680.671265	24.634033
41476.66667	680.682373	24.63504
41476.70833	680.725342	24.631561
41476.75	680.70813	24.631561
41476.79167	680.296814	24.634033
41476.83333	679.999268	24.637451
41476.875	679.935852	24.635986
41476.91667	679.749084	24.637451
41476.95833	679.771545	24.637451
41477	679.885437	24.636444
41477.04167	679.934631	24.636963
41477.08333	679.889893	24.638428
41477.125	679.937744	24.631561
41477.16667	680.070129	24.634033
41477.20833	679.935547	24.634552
41477.25	679.975647	24.634033
41477.29167	679.88092	24.635498
41477.33333	679.749756	24.638428
41477.375	679.652893	24.636963
41477.41667	679.711609	24.635498
41477.45833	679.65387	24.636963
41477.5	679.844116	24.638916
41477.54167	680.007629	24.638428
41477.58333	680.135071	24.637939
41477.625	680.298035	24.635986
41477.66667	680.359131	24.635498
41477.70833	680.336487	24.636444
41477.75	679.983337	24.63504
41477.79167	679.81073	24.636963
41477.83333	679.49707	24.635986
41477.875	679.443176	24.637939
41477.91667	679.411316	24.637939
41477.95833	679.365051	24.636444
41478	679.197937	24.637451
41478.04167	679.343933	24.638428
41478.08333	679.481567	24.635986
41478.125	679.571045	24.636444
41478.16667	679.554443	24.640839
41478.20833	679.432922	24.637451
41478.25	679.545288	24.637451
41478.29167	679.367004	24.635498
41478.33333	679.137329	24.635986
41478.375	679.172424	24.638428
41478.41667	679.159851	24.637451
41478.45833	679.288269	24.639404
41478.5	679.404724	24.635498
41478.54167	679.673462	24.635986
41478.58333	679.875	24.636963
41478.625	679.858215	24.637451
41478.66667	680.072266	24.636963
41478.70833	680.063171	24.640839
41478.75	679.686035	24.639404
41478.79167	679.71814	24.638916
41478.83333	679.387573	24.638428
41478.875	679.304993	24.637939
41478.91667	679.118286	24.636444
41478.95833	678.905579	24.639404
41479	679.053589	24.640839
41479.04167	679.125122	24.642334
41479.08333	679.078125	24.641327
41479.125	679.22644	24.638916
41479.16667	679.337158	24.638916
41479.20833	679.368164	24.637939
41479.25	679.349792	24.639893
41479.29167	679.12915	24.635986
41479.33333	679.121521	24.636963
41479.375	679.252991	24.638428
41479.41667	679.174377	24.639893
41479.45833	679.221802	24.637451
41479.5	679.189819	24.639404
41479.54167	679.591492	24.639893
41479.58333	679.856812	24.639404
41479.625	679.894592	24.639404
41479.66667	680.06134	24.637451
41479.70833	679.90625	24.638428
41479.75	679.798157	24.639893
41479.79167	679.460205	24.638428
41479.83333	679.395508	24.639404
41479.875	679.188171	24.640839
41479.91667	678.94458	24.640839
41479.95833	678.867493	24.639893
41480	678.822693	24.63504
41480.04167	678.99115	24.638428
41480.08333	679.072876	24.639404
41480.125	679.153809	24.64035
41480.16667	679.265625	24.641327
41480.20833	679.162109	24.638916
41480.25	679.163086	24.635986
41480.29167	679.190186	24.638428
41480.33333	678.993896	24.637451
41480.375	679.083862	24.64035
41480.41667	678.955627	24.638428
41480.45833	679.121521	24.639404
41480.5	679.212646	24.639893
41480.54167	679.354431	24.639404
41480.58333	679.276794	24.640839
41480.625	679.596558	24.638916
41480.66667	679.583313	24.64035
41480.70833	679.556641	24.637939
41480.75	679.562866	24.64035
41480.79167	679.240234	24.639893
41480.83333	679.186646	24.640839
41480.875	679.134094	24.639893
41480.91667	679.028992	24.640839
41480.95833	678.87384	24.639893
41481	678.808655	24.639404
41481.04167	678.903137	24.639893
41481.08333	678.958984	24.640839
41481.125	679.044495	24.64035
41481.16667	678.999695	24.64035
41481.20833	679.136353	24.64035
41481.25	679.166443	24.640839
41481.29167	679.103577	24.639404
41481.33333	678.954285	24.639893
41481.375	678.962341	24.639893
41481.41667	678.845459	24.639404
41481.45833	678.983948	24.641846
41481.5	678.949524	24.64328
41481.54167	679.083923	24.638916
41481.58333	679.414368	24.641327
41481.625	679.360901	24.639893
41481.66667	679.574158	24.637939
41481.70833	679.393982	24.638916
41481.75	679.400085	24.637939
41481.79167	679.260986	24.636963
41481.83333	678.981018	24.641327
41481.875	678.905579	24.641846
41481.91667	678.976563	24.64035
41481.95833	679.014893	24.640839
41482	678.834351	24.640839
41482.04167	678.960815	24.641846
41482.08333	678.944946	24.642334
41482.125	679.006165	24.637451
41482.16667	678.976563	24.639893
41482.20833	679.07074	24.641327
41482.25	679.017456	24.639893
41482.29167	679.014893	24.639404
41482.33333	678.949158	24.637939
41482.375	678.949158	24.638916
41482.41667	678.925476	24.641846
41482.45833	678.920898	24.639404
41482.5	679.218689	24.642822
41482.54167	679.185425	24.640839
41482.58333	679.338379	24.640839
41482.625	679.22937	24.638428
41482.66667	679.34198	24.639404
41482.70833	679.175415	24.64035
41482.75	679.112122	24.642334
41482.79167	679.075806	24.64035
41482.83333	678.951294	24.639893
41482.875	678.829041	24.642334
41482.91667	678.835693	24.639404
41482.95833	678.799072	24.64328
41483	678.701721	24.642822
41483.04167	678.704224	24.639404
41483.08333	678.567017	24.641846
41483.125	678.73938	24.645264
41483.16667	678.705933	24.644287
41483.20833	678.556335	24.638428
41483.25	678.641602	24.641327
41483.29167	678.539917	24.639893
41483.33333	678.389954	24.64328
41483.375	678.497681	24.641327
41483.41667	678.437012	24.641327
41483.45833	678.397827	24.640839
41483.5	678.677917	24.641846
41483.54167	678.843384	24.640839
41483.58333	678.887695	24.643768
41483.625	678.957214	24.642334
41483.66667	678.970093	24.642334
41483.70833	678.859375	24.643768
41483.75	678.702515	24.642334
41483.79167	678.565918	24.64328
41483.83333	678.277954	24.642334
41483.875	678.234863	24.638428
41483.91667	678.287109	24.644775
41483.95833	678.140625	24.642822
41484	678.19342	24.644287
41484.04167	678.175232	24.644775
41484.08333	678.300049	24.640839
41484.125	678.255432	24.641327
41484.16667	678.210632	24.646729
41484.20833	678.203247	24.641327
41484.25	678.163696	24.643768
41484.29167	678.11499	24.641846
41484.33333	677.973816	24.640839
41484.375	678.060852	24.64328
41484.41667	678.01947	24.642822
41484.45833	678.235229	24.64035
41484.5	678.256042	24.641846
41484.54167	678.361389	24.64328
41484.58333	678.441956	24.642822
41484.625	678.374451	24.64328
41484.66667	678.457703	24.641846
41484.70833	678.372437	24.641846
41484.75	678.238342	24.64035
41484.79167	678.076782	24.643768
41484.83333	677.968933	24.640839
41484.875	677.891907	24.64035
41484.91667	677.898987	24.64328
41484.95833	677.890686	24.644775
41485	677.849243	24.642822
41485.04167	677.918884	24.645264
41485.08333	677.95343	24.643768
41485.125	677.948853	24.64328
41485.16667	677.962158	24.645721
41485.20833	677.977966	24.644775
41485.25	677.86615	24.642822
41485.29167	677.800049	24.64328
41485.33333	677.584961	24.642334
41485.375	677.654846	24.643768
41485.41667	677.717773	24.644775
41485.45833	677.812622	24.641327
41485.5	677.802307	24.64328
41485.54167	678.106567	24.643768
41485.58333	678.267944	24.64621
41485.625	678.33783	24.641327
41485.66667	678.175232	24.641846
41485.70833	678.170166	24.642334
41485.75	678.023193	24.642334
41485.79167	677.863342	24.64328
41485.83333	677.610291	24.641846
41485.875	677.642639	24.643768
41485.91667	677.470947	24.642822
41485.95833	677.65448	24.64328
41486	677.579773	24.64328
41486.04167	677.736816	24.643768
41486.08333	677.798584	24.64328
41486.125	677.717773	24.64621
41486.16667	677.495544	24.643768
41486.20833	677.470947	24.643768
41486.25	677.370422	24.643768
41486.29167	677.456482	24.64328
41486.33333	677.460754	24.639893
41486.375	677.343262	24.64621
41486.41667	677.269348	24.64621
41486.45833	677.558044	24.644287
41486.5	677.583313	24.644775
41486.54167	677.939087	24.641327
41486.58333	678.046265	24.64328
41486.625	678.138367	24.643768
41486.66667	678.116455	24.64328
41486.70833	677.910706	24.641846
41486.75	677.875916	24.644287
41486.79167	677.588257	24.643768
41486.83333	677.508545	24.642334
41486.875	677.439514	24.644775
41486.91667	677.458191	24.644775
41486.95833	677.488831	24.644287
41487	677.536316	24.644775
41487.04167	677.453918	24.644775
41487.08333	677.583618	24.643768
41487.125	677.660889	24.641846
41487.16667	677.576965	24.644775
41487.20833	677.540527	24.642822
41487.25	677.401978	24.645264
41487.29167	677.167969	24.644287
41487.33333	677.171814	24.64328
41487.375	677.164307	24.642334
41487.41667	677.139526	24.645264
41487.45833	677.151611	24.644287
41487.5	677.409241	24.64328
41487.54167	677.498657	24.64328
41487.58333	677.616699	24.642822
41487.625	677.709839	24.643768
41487.66667	677.747437	24.642334
41487.70833	677.690613	24.64035
41487.75	677.487	24.642334
41487.79167	677.243164	24.643768
41487.83333	677.1203	24.642334
41487.875	677.031921	24.644287
41487.91667	677.058044	24.647705
41487.95833	677.015747	24.644287
41488	677.023987	24.64328
41488.04167	677.087769	24.644775
41488.08333	677.09967	24.645264
41488.125	677.183655	24.64621
41488.16667	677.024658	24.644287
41488.20833	677.007629	24.641846
41488.25	676.849243	24.644775
41488.29167	676.824158	24.643768
41488.33333	676.742188	24.644775
41488.375	676.6474	24.644287
41488.41667	676.6474	24.644287
41488.45833	676.667847	24.644287
41488.5	676.904846	24.642822
41488.54167	677.127747	24.641846
41488.58333	677.245422	24.641327
41488.625	677.259094	24.643768
41488.66667	677.291687	24.644287
41488.70833	677.319397	24.643768
41488.75	677.156494	24.644287
41488.79167	676.949585	24.643768
41488.83333	676.689697	24.644287
41488.875	676.513	24.641327
41488.91667	676.507202	24.646729
41488.95833	676.513	24.644287
41489	676.563843	24.64328
41489.04167	676.514587	24.646729
41489.08333	676.531921	24.645721
41489.125	676.603394	24.64328
41489.16667	676.563843	24.645264
41489.20833	676.367554	24.644287
41489.25	676.483276	24.644775
41489.29167	676.398071	24.644287
41489.33333	676.329529	24.642334
41489.375	676.272644	24.647705
41489.41667	676.390503	24.643768
41489.45833	676.415222	24.644775
41489.5	676.56488	24.644287
41489.54167	676.792175	24.644287
41489.58333	676.986206	24.644287
41489.625	677.070435	24.644287
41489.66667	677.082031	24.644287
41489.70833	677.041992	24.644287
41489.75	676.870544	24.644775
41489.79167	676.737305	24.64621
41489.83333	676.500061	24.64328
41489.875	676.356384	24.64328
41489.91667	676.280762	24.645721
41489.95833	676.083435	24.645721
41490	676.157959	24.644775
41490.04167	676.320251	24.642822
41490.08333	676.426025	24.643768
41490.125	676.375732	24.645264
41490.16667	676.517639	24.646729
41490.20833	676.269592	24.648193
41490.25	676.435181	24.643768
41490.29167	676.283081	24.64621
41490.33333	676.05835	24.64621
41490.375	676.101257	24.646729
41490.41667	676.126953	24.64035
41490.45833	676.258179	24.64621
41490.5	676.433899	24.646729
41490.54167	676.507202	24.646729
41490.58333	676.700684	24.644287
41490.625	676.912476	24.643768
41490.66667	676.910278	24.642822
41490.70833	676.916199	24.643768
41490.75	676.801147	24.647217
41490.79167	676.511719	24.644775
41490.83333	676.417847	24.646729
41490.875	676.268188	24.645721
41490.91667	676.192322	24.64621
41490.95833	676.015747	24.645721
41491	676.154541	24.646729
41491.04167	676.182373	24.647217
41491.08333	676.324646	24.644287
41491.125	676.354614	24.645264
41491.16667	676.340332	24.648193
41491.20833	676.202087	24.647217
41491.25	676.23291	24.645264
41491.29167	676.044434	24.645264
41491.33333	675.989441	24.645721
41491.375	675.823914	24.644775
41491.41667	675.888611	24.645264
41491.45833	675.819336	24.647217
41491.5	676.23291	24.647217
41491.54167	676.45697	24.645721
41491.58333	676.6427	24.647217
41491.625	676.78833	24.647217
41491.66667	676.855896	24.645721
41491.70833	676.668213	24.647217
41491.75	676.626953	24.647217
41491.79167	676.274109	24.64621
41491.83333	676.206299	24.644775
41491.875	675.918945	24.641846
41491.91667	676.003967	24.643768
41491.95833	676.035095	24.645264
41492	676.073364	24.644287
41492.04167	676.079163	24.64328
41492.08333	676.126953	24.644775
41492.125	676.243469	24.645264
41492.16667	676.094482	24.64621
41492.20833	676.261108	24.644287
41492.25	676.087646	24.647705
41492.29167	675.931396	24.645721
41492.33333	675.882202	24.647705
41492.375	675.743958	24.645264
41492.41667	675.706543	24.645721
41492.45833	675.88562	24.645721
41492.5	675.997437	24.645721
41492.54167	676.196655	24.647705
41492.58333	676.462158	24.644775
41492.625	676.437256	24.644287
41492.66667	676.587708	24.647217
41492.70833	676.404236	24.647705
41492.75	676.407043	24.644775
41492.79167	676.192322	24.642822
41492.83333	675.864624	24.644287
41492.875	675.831177	24.64621
41492.91667	675.789978	24.642822
41492.95833	675.763794	24.644775
41493	675.591736	24.647705
41493.04167	675.782776	24.648193
41493.08333	675.904297	24.64621
41493.125	675.934631	24.64621
41493.16667	676.007385	24.646729
41493.20833	675.908936	24.643768
41493.25	675.868835	24.646729
41493.29167	675.797119	24.646729
41493.33333	675.781067	24.645264
41493.375	675.589661	24.64621
41493.41667	675.581787	24.647217
41493.45833	675.592896	24.645721
41493.5	675.736145	24.644775
41493.54167	675.989441	24.644775
41493.58333	676.134521	24.644287
41493.625	676.301208	24.642334
41493.66667	676.379822	24.644287
41493.70833	676.24762	24.645721
41493.75	676.139343	24.645264
41493.79167	675.825562	24.644775
41493.83333	675.735168	24.644287
41493.875	675.570313	24.645264
41493.91667	675.467896	24.644287
41493.95833	675.391479	24.643768
41494	675.31958	24.646729
41494.04167	675.447388	24.645721
41494.08333	675.502686	24.64328
41494.125	675.450806	24.647217
41494.16667	675.621155	24.646729
41494.20833	675.570313	24.64621
41494.25	675.533875	24.645264
41494.29167	675.491882	24.644775
41494.33333	675.342957	24.646729
41494.375	675.289307	24.64621
41494.41667	675.233704	24.645264
41494.45833	675.30603	24.641846
41494.5	675.393555	24.64621
41494.54167	675.630737	24.644287
41494.58333	675.861694	24.644287
41494.625	675.900085	24.647217
41494.66667	676.02771	24.644775
41494.70833	676.009705	24.64328
41494.75	675.849121	24.644287
41494.79167	675.743286	24.643768
41494.83333	675.52771	24.646729
41494.875	675.220337	24.645721
41494.91667	675.296814	24.645264
41494.95833	675.11908	24.645264
41495	675.188843	24.64621
41495.04167	675.231995	24.644287
41495.08333	675.276489	24.645721
41495.125	675.395081	24.644775
41495.16667	675.290283	24.643768
41495.20833	675.371643	24.644775
41495.25	675.32251	24.644287
41495.29167	675.244263	24.644775
41495.33333	675.202209	24.642334
41495.375	675.108704	24.645721
41495.41667	675.067993	24.64621
41495.45833	675.075439	24.643768
41495.5	675.082275	24.64621
41495.54167	675.374573	24.642822
41495.58333	675.576904	24.646729
41495.625	675.705078	24.648193
41495.66667	675.805908	24.642822
41495.70833	675.65033	24.645264
41495.75	675.645264	24.646729
41495.79167	675.520996	24.645721
41495.83333	675.39624	24.643768
41495.875	675.15448	24.645721
41495.91667	675.121765	24.642822
41495.95833	675.097595	24.646729
41496	675.059814	24.645264
41496.04167	675.046753	24.646729
41496.08333	675.065918	24.645721
41496.125	675.125488	24.642822
41496.16667	675.140625	24.64328
41496.20833	675.137207	24.643768
41496.25	675.050537	24.64328
41496.29167	674.99353	24.643768
41496.33333	674.958496	24.644287
41496.375	674.892151	24.644287
41496.41667	674.907715	24.64328
41496.45833	674.886292	24.645721
41496.5	675.004578	24.64328
41496.54167	675.123108	24.645721
41496.58333	675.301147	24.644775
41496.625	675.391479	24.644287
41496.66667	675.481201	24.641846
41496.70833	675.423889	24.642822
41496.75	675.36322	24.644287
41496.79167	675.27301	24.645721
41496.83333	675.007629	24.645264
41496.875	674.881409	24.644287
41496.91667	675.04895	24.642822
41496.95833	674.816101	24.647705
41497	674.772095	24.644775
41497.04167	674.770325	24.647217
41497.08333	674.820923	24.642334
41497.125	674.894836	24.642822
41497.16667	674.899536	24.641327
41497.20833	674.886292	24.64621
41497.25	674.865051	24.647217
41497.29167	674.853516	24.645721
41497.33333	674.785889	24.64328
41497.375	674.722351	24.645264
41497.41667	674.727356	24.646729
41497.45833	674.743774	24.64621
41497.5	674.845947	24.64621
41497.54167	674.961487	24.645264
41497.58333	675.113586	24.64328
41497.625	675.206604	24.645721
41497.66667	675.243347	24.64328
41497.70833	675.259705	24.643768
41497.75	675.211609	24.642822
41497.79167	675.097595	24.642334
41497.83333	674.86853	24.64328
41497.875	674.865051	24.64328
41497.91667	674.730957	24.645721
41497.95833	674.660767	24.642334
41498	674.559998	24.645721
41498.04167	674.485413	24.64328
41498.08333	674.645813	24.647217
41498.125	674.671814	24.643768
41498.16667	674.734253	24.645264
41498.20833	674.689087	24.643768
41498.25	674.627686	24.645264
41498.29167	674.611877	24.64328
41498.33333	674.563171	24.642822
41498.375	674.550659	24.639893
41498.41667	674.519104	24.643768
41498.45833	674.562317	24.645721
41498.5	674.61084	24.642822
41498.54167	674.7005	24.645264
41498.58333	674.86853	24.644287
41498.625	674.928406	24.642822
41498.66667	674.845947	24.644287
41498.70833	674.800537	24.642334
41498.75	674.713501	24.642334
41498.79167	674.569702	24.645721
41498.83333	674.427734	24.644775
41498.875	674.291382	24.641846
41498.91667	674.243347	24.642822
41498.95833	674.233093	24.645721
41499	674.233093	24.642822
41499.04167	674.222046	24.645264
41499.08333	674.19635	24.64328
41499.125	674.19635	24.64621
41499.16667	674.185425	24.646729
41499.20833	674.182617	24.641327
41499.25	674.112976	24.644287
41499.29167	674.048767	24.641327
41499.33333	674.037842	24.645721
41499.375	673.973572	24.64328
41499.41667	674.007019	24.642334
41499.45833	674.022705	24.644775
41499.5	674.184082	24.64328
41499.54167	674.356323	24.642822
41499.58333	674.440002	24.639404
41499.625	674.651611	24.642334
41499.66667	674.666199	24.645264
41499.70833	674.623718	24.644287
41499.75	674.528442	24.64328
41499.79167	674.474243	24.645721
41499.83333	674.265503	24.64328
41499.875	674.179077	24.643768
41499.91667	674.150146	24.645721
41499.95833	674.100281	24.641846
41500	674.090454	24.64035
41500.04167	674.127808	24.641846
41500.08333	674.123291	24.64328
41500.125	674.155884	24.64328
41500.16667	674.185425	24.642822
41500.20833	674.149414	24.64328
41500.25	674.035522	24.641327
41500.29167	673.911926	24.642822
41500.33333	673.829529	24.641327
41500.375	673.84259	24.64328
41500.41667	673.870605	24.644775
41500.45833	673.913086	24.642334
41500.5	673.990601	24.643768
41500.54167	674.120667	24.643768
41500.58333	674.243347	24.642822
41500.625	674.297607	24.639893
41500.66667	674.229614	24.642334
41500.70833	674.136597	24.641846
41500.75	674.003479	24.64621
41500.79167	673.8797	24.640839
41500.83333	673.748352	24.643768
41500.875	673.740051	24.643768
41500.91667	673.639526	24.642822
41500.95833	673.585938	24.643768
41501	673.670349	24.643768
41501.04167	673.601746	24.640839
41501.08333	673.675842	24.645721
41501.125	673.649597	24.64328
41501.16667	673.647522	24.640839
41501.20833	673.591187	24.64328
41501.25	673.46283	24.642822
41501.29167	673.510376	24.643768
41501.33333	673.489197	24.641846
41501.375	673.507507	24.641327
41501.41667	673.512207	24.641327
41501.45833	673.489197	24.638916
41501.5	673.688843	24.642822
41501.54167	673.829529	24.642334
41501.58333	674.018372	24.642334
41501.625	674.109436	24.640839
41501.66667	674.143066	24.641846
41501.70833	674.104309	24.641327
41501.75	673.98468	24.640839
41501.79167	673.849365	24.643768
41501.83333	673.766235	24.64035
41501.875	673.740051	24.64035
41501.91667	673.717773	24.641327
41501.95833	673.718567	24.640839
41502	673.720093	24.641327
41502.04167	673.861084	24.642334
41502.08333	673.959229	24.644775
41502.125	673.925964	24.639893
41502.16667	673.929016	24.641327
41502.20833	673.933838	24.64328
41502.25	673.865601	24.641327
41502.29167	673.729736	24.641327
41502.33333	673.59668	24.64035
41502.375	673.489197	24.642822
41502.41667	673.576355	24.64035
41502.45833	673.674561	24.644287
41502.5	673.904541	24.643768
41502.54167	674.130127	24.639404
41502.58333	674.273865	24.64035
41502.625	674.336853	24.641327
41502.66667	674.288086	24.641327
41502.70833	674.193604	24.637939
41502.75	673.985718	24.639893
41502.79167	673.720093	24.639893
41502.83333	673.512207	24.641846
41502.875	673.410828	24.642822
41502.91667	673.375732	24.641846
41502.95833	673.352234	24.641327
41503	673.377747	24.638916
41503.04167	673.396179	24.640839
41503.08333	673.402649	24.641846
41503.125	673.360535	24.64035
41503.16667	673.318726	24.638916
41503.20833	673.239746	24.642822
41503.25	673.14325	24.639893
41503.29167	673.029541	24.641846
41503.33333	672.874451	24.640839
41503.375	672.886841	24.640839
41503.41667	672.963257	24.640839
41503.45833	673.086365	24.641327
41503.5	673.251587	24.638916
41503.54167	673.396179	24.637451
41503.58333	673.505371	24.640839
41503.625	673.585938	24.637451
41503.66667	673.560669	24.639404
41503.70833	673.397949	24.64035
41503.75	673.14325	24.64328
41503.79167	672.989868	24.642334
41503.83333	672.757385	24.639893
41503.875	672.789307	24.641846
41503.91667	672.812866	24.638916
41503.95833	672.836853	24.642822
41504	672.865112	24.642822
41504.04167	672.890076	24.64328
41504.08333	673.025269	24.641327
41504.125	673.032654	24.638916
41504.16667	673.012207	24.640839
41504.20833	672.90918	24.64035
41504.25	672.812866	24.64035
41504.29167	672.609131	24.639404
41504.33333	672.602478	24.641327
41504.375	672.619263	24.641327
41504.41667	672.613525	24.639404
41504.45833	672.749573	24.64035
41504.5	672.936218	24.638916
41504.54167	673.083313	24.639893
41504.58333	673.213257	24.639404
41504.625	673.32312	24.639893
41504.66667	673.369385	24.641327
41504.70833	673.331848	24.638916
41504.75	673.11438	24.63504
41504.79167	672.893799	24.640839
41504.83333	672.66333	24.637451
41504.875	672.56189	24.637451
41504.91667	672.522339	24.638428
41504.95833	672.53833	24.641327
41505	672.613525	24.637939
41505.04167	672.659973	24.640839
41505.08333	672.726379	24.638916
41505.125	672.772827	24.640839
41505.16667	672.73407	24.639893
41505.20833	672.674255	24.640839
41505.25	672.590027	24.639893
41505.29167	672.492493	24.635986
41505.33333	672.395691	24.638916
41505.375	672.408447	24.638428
41505.41667	672.309509	24.638428
41505.45833	672.461609	24.637939
41505.5	672.651794	24.638916
41505.54167	672.901672	24.640839
41505.58333	673.072266	24.637451
41505.625	673.200378	24.638916
41505.66667	673.19397	24.635498
41505.70833	673.087952	24.640839
41505.75	672.966125	24.638916
41505.79167	672.799255	24.636963
41505.83333	672.542725	24.638916
41505.875	672.372009	24.638428
41505.91667	672.277771	24.636444
41505.95833	672.326355	24.639404
41506	672.37616	24.639404
41506.04167	672.38916	24.634552
41506.08333	672.46582	24.638916
41506.125	672.55835	24.64035
41506.16667	672.494812	24.639404
41506.20833	672.516541	24.644287
41506.25	672.379089	24.636444
41506.29167	672.221191	24.636444
41506.33333	672.180908	24.635986
41506.375	672.109436	24.636963
41506.41667	671.93988	24.636444
41506.45833	672.207214	24.636444
41506.5	672.368713	24.636963
41506.54167	672.528503	24.640839
41506.58333	672.751526	24.636963
41506.625	672.84082	24.635986
41506.66667	672.80304	24.637939
41506.70833	672.835144	24.638428
41506.75	672.623169	24.638916
41506.79167	672.373657	24.637451
41506.83333	672.107727	24.635986
41506.875	671.993896	24.638428
41506.91667	671.878174	24.637451
41506.95833	671.943604	24.640839
41507	671.840576	24.639404
41507.04167	671.932129	24.635986
41507.08333	672.03833	24.636444
41507.125	672.270081	24.636444
41507.16667	672.312988	24.637451
41507.20833	672.264099	24.635986
41507.25	672.097229	24.638916
41507.29167	671.999878	24.635498
41507.33333	671.865662	24.636444
41507.375	671.899048	24.637939
41507.41667	671.824829	24.637451
41507.45833	671.957703	24.637451
41507.5	671.889771	24.641327
41507.54167	672.166016	24.635498
41507.58333	672.349609	24.638428
41507.625	672.46582	24.636963
41507.66667	672.472534	24.636963
41507.70833	672.5047	24.633057
41507.75	672.373657	24.637451
41507.79167	672.169434	24.637451
41507.83333	671.996399	24.636963
41507.875	671.830933	24.636444
41507.91667	671.684082	24.636444
41507.95833	671.61554	24.636963
41508	671.638428	24.637939
41508.04167	671.600464	24.636963
41508.08333	671.630554	24.634033
41508.125	671.678345	24.637451
41508.16667	671.772278	24.636963
41508.20833	671.823547	24.63504
41508.25	671.785461	24.637939
41508.29167	671.712646	24.635498
41508.33333	671.575317	24.638428
41508.375	671.530579	24.636444
41508.41667	671.448425	24.63504
41508.45833	671.481689	24.634552
41508.5	671.638428	24.636444
41508.54167	671.84967	24.634552
41508.58333	671.99054	24.634552
41508.625	672.103271	24.635498
41508.66667	672.107727	24.638428
41508.70833	672.154907	24.637451
41508.75	672.055664	24.634552
41508.79167	671.818542	24.635986
41508.83333	671.59845	24.633545
41508.875	671.493042	24.634033
41508.91667	671.33429	24.635498
41508.95833	671.33136	24.637451
41509	671.28833	24.63504
41509.04167	671.332642	24.635986
41509.08333	671.383301	24.638428
41509.125	671.402405	24.636444
41509.16667	671.39801	24.63504
41509.20833	671.4245	24.633057
41509.25	671.38208	24.636444
41509.29167	671.377441	24.634552
41509.33333	671.307922	24.633057
41509.375	671.208069	24.63504
41509.41667	671.228149	24.636444
41509.45833	671.190247	24.63208
41509.5	671.330017	24.634552
41509.54167	671.48645	24.632568
41509.58333	671.734985	24.633057
41509.625	671.870667	24.633057
41509.66667	671.893066	24.633545
41509.70833	671.843872	24.63208
41509.75	671.778748	24.636444
41509.79167	671.631287	24.63504
41509.83333	671.416565	24.63504
41509.875	671.296692	24.63208
41509.91667	671.162109	24.634552
41509.95833	671.095947	24.635498
41510	671.074585	24.63504
41510.04167	671.126099	24.633545
41510.08333	671.15741	24.635498
41510.125	671.192444	24.634552
41510.16667	671.273376	24.633545
41510.20833	671.219421	24.633545
41510.25	671.18457	24.633545
41510.29167	671.124084	24.634033
41510.33333	671.020813	24.631073
41510.375	670.986328	24.629639
41510.41667	671.158813	24.631073
41510.45833	671.005249	24.633545
41510.5	671.211243	24.634552
41510.54167	671.398682	24.633057
41510.58333	671.605835	24.631561
41510.625	671.748718	24.632568
41510.66667	671.774231	24.634033
41510.70833	671.75293	24.633545
41510.75	671.696655	24.634033
41510.79167	671.576233	24.630615
41510.83333	671.393677	24.633057
41510.875	671.231689	24.632568
41510.91667	671.151306	24.633545
41510.95833	671.067139	24.631561
41511	671.001282	24.633057
41511.04167	671.007385	24.634033
41511.08333	670.990234	24.632568
41511.125	671.078125	24.630615
41511.16667	671.127075	24.633057
41511.20833	671.078125	24.630127
41511.25	671.027466	24.631561
41511.29167	670.890137	24.631561
41511.33333	670.916565	24.634033
41511.375	670.860168	24.63208
41511.41667	670.889343	24.634033
41511.45833	670.912476	24.634033
41511.5	671.008667	24.631073
41511.54167	671.200317	24.632568
41511.58333	671.358704	24.630615
41511.625	671.444092	24.632568
41511.66667	671.500244	24.631561
41511.70833	671.495605	24.630615
41511.75	671.468384	24.630127
41511.79167	671.189026	24.631561
41511.83333	671.106384	24.630127
41511.875	671.005249	24.630127
41511.91667	670.92511	24.629639
41511.95833	670.887268	24.629639
41512	670.820374	24.630615
41512.04167	670.852539	24.629639
41512.08333	670.847351	24.633057
41512.125	670.950317	24.629639
41512.16667	670.940308	24.628662
41512.20833	670.904297	24.627686
41512.25	670.81604	24.63208
41512.29167	670.817017	24.628662
41512.33333	670.733337	24.63208
41512.375	670.746521	24.630615
41512.41667	670.703186	24.62912
41512.45833	670.725708	24.629639
41512.5	670.954956	24.630615
41512.54167	671.171875	24.630615
41512.58333	671.139648	24.630615
41512.625	671.315308	24.630615
41512.66667	671.345642	24.627197
41512.70833	671.320129	24.630127
41512.75	671.250427	24.626678
41512.79167	671.139648	24.630615
41512.83333	671.016968	24.631561
41512.875	670.856995	24.630615
41512.91667	670.741333	24.631561
41512.95833	670.783997	24.630127
41513	670.733337	24.631073
41513.04167	670.764099	24.630615
41513.08333	670.780945	24.632568
41513.125	670.795593	24.630615
41513.16667	670.748962	24.629639
41513.20833	670.727417	24.631561
41513.25	670.689575	24.62912
41513.29167	670.602295	24.62912
41513.33333	670.588501	24.624786
41513.375	670.520813	24.630127
41513.41667	670.512085	24.630127
41513.45833	670.568909	24.629639
41513.5	670.705261	24.628662
41513.54167	670.862061	24.626678
41513.58333	670.923523	24.628174
41513.625	671.035767	24.628662
41513.66667	671.062988	24.629639
41513.70833	671.041992	24.628174
41513.75	670.889343	24.630127
41513.79167	670.773254	24.62912
41513.83333	670.643372	24.628662
41513.875	670.538025	24.626678
41513.91667	670.53125	24.630615
41513.95833	670.552124	24.628662
41514	670.538818	24.628174
41514.04167	670.461609	24.627197
41514.08333	670.656128	24.626678
41514.125	670.717957	24.628174
41514.16667	670.69873	24.629639
41514.20833	670.575989	24.628662
41514.25	670.452576	24.627197
41514.29167	670.429199	24.625244
41514.33333	670.36792	24.629639
41514.375	670.370361	24.625244
41514.41667	670.354187	24.627197
41514.45833	670.526611	24.624786
41514.5	670.667603	24.628662
41514.54167	670.849121	24.627686
41514.58333	670.940308	24.62619
41514.625	671.035767	24.625732
41514.66667	671.032593	24.624786
41514.70833	671.015015	24.626678
41514.75	670.900879	24.627686
41514.79167	670.740417	24.627197
41514.83333	670.505798	24.625732
41514.875	670.441162	24.625244
41514.91667	670.412354	24.627197
41514.95833	670.39978	24.627197
41515	670.39978	24.628174
41515.04167	670.470947	24.624268
41515.08333	670.458679	24.622314
41515.125	670.538818	24.627197
41515.16667	670.512085	24.627686
41515.20833	670.464783	24.627686
41515.25	670.36792	24.624268
41515.29167	670.279358	24.625732
41515.33333	670.20575	24.625732
41515.375	670.213379	24.625244
41515.41667	670.224487	24.623291
41515.45833	670.246948	24.624268
41515.5	670.422485	24.624786
41515.54167	670.496887	24.622803
41515.58333	670.546021	24.624268
41515.625	670.722778	24.624268
41515.66667	670.69635	24.625244
41515.70833	670.555054	24.623779
41515.75	670.383057	24.62619
41515.79167	670.249512	24.622314
41515.83333	670.070984	24.625244
41515.875	670.014404	24.625244
41515.91667	670.075989	24.624786
41515.95833	670.077576	24.622314
41516	670.13916	24.624786
41516.04167	670.178772	24.625732
41516.08333	670.196106	24.625244
41516.125	670.194458	24.62619
41516.16667	670.165771	24.623779
41516.20833	670.046997	24.627197
41516.25	669.952576	24.625732
41516.29167	669.894531	24.625244
41516.33333	669.863647	24.622803
41516.375	669.800659	24.624268
41516.41667	669.945984	24.625732
41516.45833	670.010925	24.625732
41516.5	670.165771	24.622314
41516.54167	670.251526	24.625732
41516.58333	670.416748	24.621796
41516.625	670.430054	24.621338
41516.66667	670.39978	24.625244
41516.70833	670.376099	24.622803
41516.75	670.168091	24.62085
41516.79167	669.984131	24.625244
41516.83333	669.84552	24.623779
41516.875	669.760742	24.618896
41516.91667	669.714478	24.624268
41516.95833	669.777344	24.622314
41517	669.863647	24.623291
41517.04167	669.926819	24.624268
41517.08333	669.98877	24.62085
41517.125	669.993164	24.618896
41517.16667	669.999817	24.621796
41517.20833	669.867126	24.622803
41517.25	669.674255	24.623779
41517.29167	669.580627	24.621338
41517.33333	669.494019	24.618408
41517.375	669.483337	24.620392
41517.41667	669.488831	24.621338
41517.45833	669.516052	24.621796
41517.5	669.731201	24.623779
41517.54167	669.867126	24.620392
41517.58333	669.943115	24.621796
41517.625	669.982727	24.621338
41517.66667	669.955566	24.618408
41517.70833	669.841431	24.622314
41517.75	669.671082	24.62085
41517.79167	669.543152	24.621338
41517.83333	669.400696	24.622314
41517.875	669.297852	24.621796
41517.91667	669.277527	24.62085
41517.95833	669.2948	24.620392
41518	669.365417	24.620392
41518.04167	669.416321	24.62085
41518.08333	669.512817	24.620392
41518.125	669.403687	24.616455
41518.16667	669.404907	24.618408
41518.20833	669.281799	24.618408
41518.25	669.190063	24.619904
41518.29167	669.123901	24.618408
41518.33333	669.02948	24.616455
41518.375	668.981567	24.620392
41518.41667	669.04718	24.618896
41518.45833	669.13501	24.621338
41518.5	669.277527	24.619904
41518.54167	669.411926	24.619904
41518.58333	669.5979	24.617432
41518.625	669.632874	24.618896
41518.66667	669.609253	24.61792
41518.70833	669.536987	24.616913
41518.75	669.313904	24.619385
41518.79167	669.093384	24.61792
41518.83333	668.961975	24.61792
41518.875	668.905457	24.618408
41518.91667	668.913025	24.616913
41518.95833	668.890259	24.615967
41519	668.927856	24.614014
41519.04167	668.975403	24.616913
41519.08333	669.076538	24.61792
41519.125	669.046509	24.616913
41519.16667	669.013062	24.618408
41519.20833	668.953247	24.618408
41519.25	668.870667	24.615967
41519.29167	668.718933	24.616455
41519.33333	668.669189	24.615479
41519.375	668.635803	24.616455
41519.41667	668.751038	24.61792
41519.45833	668.844055	24.616913
41519.5	668.926514	24.616455
41519.54167	669.097229	24.616455
41519.58333	669.313904	24.614014
41519.625	669.437195	24.615967
41519.66667	669.459229	24.612549
41519.70833	669.316589	24.61499
41519.75	669.140076	24.611084
41519.79167	668.893433	24.619385
41519.83333	668.72876	24.614502
41519.875	668.621216	24.618408
41519.91667	668.563232	24.613037
41519.95833	668.568665	24.615479
41520	668.671753	24.61203
41520.04167	668.704956	24.613037
41520.08333	668.820496	24.61499
41520.125	668.854553	24.616455
41520.16667	668.910828	24.617432
41520.20833	668.775574	24.61499
41520.25	668.682861	24.614502
41520.29167	668.578613	24.614014
41520.33333	668.466553	24.614014
41520.375	668.385864	24.613525
41520.41667	668.535522	24.61203
41520.45833	668.55957	24.61499
41520.5	668.646545	24.615479
41520.54167	668.853882	24.61499
41520.58333	668.981567	24.613525
41520.625	669.098328	24.613525
41520.66667	669.101563	24.611084
41520.70833	669.103333	24.613525
41520.75	668.853882	24.61203
41520.79167	668.660156	24.615967
41520.83333	668.496582	24.613525
41520.875	668.39032	24.611572
41520.91667	668.358582	24.61203
41520.95833	668.337769	24.614502
41521	668.404846	24.611572
41521.04167	668.417358	24.613525
41521.08333	668.531067	24.61499
41521.125	668.568665	24.611084
41521.16667	668.552856	24.611572
41521.20833	668.466553	24.610138
41521.25	668.393738	24.613037
41521.29167	668.24939	24.612549
41521.33333	668.193115	24.61203
41521.375	668.251648	24.611084
41521.41667	668.31781	24.613525
41521.45833	668.312805	24.609131
41521.5	668.46936	24.610138
41521.54167	668.575684	24.610138
41521.58333	668.806885	24.611084
41521.625	668.920349	24.609131
41521.66667	672.51886	24.630615
41521.70833	672.493286	24.61792
41521.75	672.338257	24.614014
41521.79167	672.154907	24.614502
41521.83333	671.920715	24.616913
41521.875	671.830933	24.611084
41521.91667	671.781677	24.612549
41521.95833	671.739258	24.613037
41522	671.75238	24.611572
41522.04167	671.832397	24.61203
41522.08333	672.03833	24.611572
41522.125	672.114014	24.610626
41522.16667	672.125488	24.612549
41522.20833	672.072937	24.611572
41522.25	671.961853	24.612549
41522.29167	671.893066	24.610626
41522.33333	671.727051	24.612549
41522.375	671.832397	24.611084
41522.41667	671.764771	24.612549
41522.45833	671.802551	24.613037
41522.5	671.953064	24.612549
41522.54167	672.154907	24.61203
41522.58333	672.279663	24.613525
41522.625	672.321167	24.613037
41522.66667	672.498535	24.611572
41522.70833	672.397156	24.611084
41522.75	672.241699	24.610626
41522.79167	671.983093	24.608643
41522.83333	671.81073	24.610138
41522.875	671.643555	24.608154
41522.91667	671.618835	24.613037
41522.95833	671.608154	24.615479
41523	671.667786	24.611572
41523.04167	671.652039	24.611084
41523.08333	671.698486	24.610626
41523.125	671.783936	24.612549
41523.16667	671.84967	24.613037
41523.20833	671.777283	24.611084
41523.25	671.678345	24.611572
41523.29167	671.6651	24.610626
41523.33333	671.555908	24.611572
41523.375	671.511536	24.608154
41523.41667	671.500244	24.609131
41523.45833	671.524902	24.609131
41523.5	671.707336	24.611084
41523.54167	671.832397	24.614014
41523.58333	672.085449	24.608154
41523.625	672.169434	24.609619
41523.66667	672.275757	24.611084
41523.70833	672.220276	24.611084
41523.75	672.151855	24.608154
41523.79167	672.007996	24.610626
41523.83333	671.830933	24.611572
41523.875	671.680847	24.608154
41523.91667	671.53241	24.609131
41523.95833	671.511536	24.605743
41524	671.420105	24.608643
41524.04167	671.45929	24.609619
41524.08333	671.557495	24.605255
41524.125	671.655029	24.611084
41524.16667	671.677368	24.609619
41524.20833	671.53241	24.609619
41524.25	671.52948	24.607178
41524.29167	671.466309	24.609131
41524.33333	671.396179	24.610138
41524.375	671.503784	24.606232
41524.41667	671.308777	24.607178
41524.45833	671.371765	24.610138
41524.5	671.500244	24.608154
41524.54167	671.744202	24.607666
41524.58333	671.834839	24.607178
41524.625	671.954773	24.607666
41524.66667	672.01178	24.606689
41524.70833	672.041382	24.608154
41524.75	671.911682	24.607178
41524.79167	671.744202	24.607178
41524.83333	671.562805	24.607178
41524.875	671.39801	24.608643
41524.91667	671.342468	24.606689
41524.95833	671.256653	24.607666
41525	671.269714	24.608643
41525.04167	671.326599	24.608643
41525.08333	671.365601	24.605743
41525.125	671.416565	24.607178
41525.16667	671.466309	24.607178
41525.20833	671.448425	24.606232
41525.25	671.383301	24.607666
41525.29167	671.283997	24.603271
41525.33333	671.187256	24.60376
41525.375	671.233521	24.605255
41525.41667	671.231689	24.604248
41525.45833	671.249207	24.606232
41525.5	671.278687	24.604248
41525.54167	671.394348	24.606689
41525.58333	671.58606	24.604248
41525.625	671.785461	24.607178
41525.66667	671.869385	24.604736
41525.70833	671.832397	24.607178
41525.75	671.785461	24.605255
41525.79167	671.59845	24.603271
41525.83333	671.422852	24.605743
41525.875	671.273376	24.604736
41525.91667	671.201843	24.604736
41525.95833	671.132263	24.607178
41526	671.139648	24.602783
41526.04167	671.132263	24.603271
41526.08333	671.234741	24.606689
41526.125	671.304138	24.604248
41526.16667	671.320129	24.604736
41526.20833	671.314148	24.602783
41526.25	671.236328	24.602295
41526.29167	671.179565	24.604248
41526.33333	671.089478	24.604248
41526.375	671.113159	24.60376
41526.41667	671.110352	24.606232
41526.45833	671.15741	24.60376
41526.5	671.271851	24.604736
41526.54167	671.387512	24.60376
41526.58333	671.623718	24.604736
41526.625	671.669861	24.606232
41526.66667	671.661377	24.604248
41526.70833	671.638428	24.604736
41526.75	671.547058	24.603271
41526.79167	671.466309	24.60376
41526.83333	671.342468	24.604736
41526.875	671.250427	24.602295
41526.91667	671.169922	24.602295
41526.95833	671.126099	24.60083
41527	671.076599	24.602783
41527.04167	671.139648	24.604736
41527.08333	671.185547	24.603271
41527.125	671.212708	24.598877
41527.16667	671.228149	24.60376
41527.20833	671.223755	24.605255
41527.25	671.133362	24.601807
41527.29167	671.060974	24.603271
41527.33333	671.001282	24.605255
41527.375	670.945374	24.601807
41527.41667	670.921997	24.602783
41527.45833	671.022705	24.599854
41527.5	671.15564	24.60376
41527.54167	671.345642	24.604736
41527.58333	671.278687	24.60376
41527.625	671.377441	24.601349
41527.66667	671.371765	24.601349
41527.70833	671.347229	24.600372
41527.75	671.263245	24.600372
41527.79167	671.078125	24.602783
41527.83333	670.992188	24.60376
41527.875	670.956604	24.601349
41527.91667	670.933105	24.599854
41527.95833	670.902954	24.601349
41528	670.810608	24.599854
41528.04167	670.812439	24.599365
41528.08333	670.747742	24.60083
41528.125	670.803345	24.600372
41528.16667	670.765503	24.60083
41528.20833	670.797058	24.601807
41528.25	670.645752	24.597412
41528.29167	670.65509	24.599854
41528.33333	670.552124	24.597412
41528.375	670.636841	24.598877
41528.41667	670.6875	24.599854
41528.45833	670.716125	24.600372
41528.5	670.774475	24.601807
41528.54167	670.918335	24.601807
41528.58333	671.059814	24.598389
41528.625	671.033752	24.599854
41528.66667	671.015015	24.5979
41528.70833	670.943909	24.598389
41528.75	670.778137	24.597412
41528.79167	670.64679	24.602295
41528.83333	670.5896	24.5979
41528.875	670.514893	24.598877
41528.91667	670.52124	24.599854
41528.95833	670.674927	24.596924
41529	670.508362	24.598877
41529.04167	670.599426	24.598877
41529.08333	670.643372	24.598389
41529.125	670.648254	24.598389
41529.16667	670.624329	24.599854
41529.20833	670.501038	24.593048
41529.25	670.4021	24.595978
41529.29167	670.266846	24.596924
41529.33333	670.372864	24.596924
41529.375	670.352112	24.598389
41529.41667	670.472656	24.599854
41529.45833	670.423828	24.595978
41529.5	670.526611	24.5979
41529.54167	670.611877	24.5979
41529.58333	670.656128	24.598389
41529.625	670.691956	24.596466
41529.66667	670.68335	24.599854
41529.70833	670.685608	24.594971
41529.75	670.636841	24.594971
41529.79167	670.497864	24.598389
41529.83333	670.384644	24.59549
41529.875	670.219543	24.596924
41529.91667	670.168091	24.596466
41529.95833	670.251526	24.596466
41530	670.200745	24.596466
41530.04167	670.270386	24.59549
41530.08333	670.249512	24.594971
41530.125	670.273254	24.593994
41530.16667	670.122314	24.59549
41530.20833	670.112244	24.597412
41530.25	669.990295	24.593994
41530.29167	669.960022	24.593506
41530.33333	669.982727	24.597412
41530.375	669.987122	24.594482
41530.41667	670.113708	24.594482
41530.45833	670.09491	24.594482
41530.5	670.254456	24.595978
41530.54167	670.376099	24.596466
41530.58333	670.516785	24.593506
41530.625	670.597412	24.590607
41530.66667	670.580017	24.591095
41530.70833	670.41626	24.592529
41530.75	670.311768	24.593994
41530.79167	670.213379	24.59549
41530.83333	670.061401	24.59549
41530.875	669.860107	24.591583
41530.91667	670.015869	24.593506
41530.95833	670.055542	24.592529
41531	670.083862	24.590088
41531.04167	670.124634	24.594482
41531.08333	670.185486	24.59549
41531.125	670.130066	24.591583
41531.16667	670.080811	24.593048
41531.20833	670.00769	24.594482
41531.25	669.916443	24.596466
41531.29167	669.845764	24.591583
41531.33333	669.811523	24.591095
41531.375	669.823486	24.592072
41531.41667	669.862366	24.592072
41531.45833	670.026917	24.5896
41531.5	670.152771	24.590088
41531.54167	670.26062	24.591095
41531.58333	670.423828	24.591583
41531.625	670.487854	24.590607
41531.66667	670.499878	24.591095
41531.70833	670.462952	24.591583
41531.75	670.339966	24.593048
41531.79167	669.948242	24.5896
41531.83333	669.813293	24.591583
41531.875	669.708984	24.593506
41531.91667	669.85437	24.5896
41531.95833	669.837036	24.5896
41532	669.770447	24.590088
41532.04167	669.887573	24.587646
41532.08333	669.952576	24.590607
41532.125	669.958801	24.588623
41532.16667	669.917419	24.5896
41532.20833	669.72345	24.590607
41532.25	669.642212	24.589111
41532.29167	669.591064	24.587189
41532.33333	669.527161	24.587189
41532.375	669.512817	24.5896
41532.41667	669.543152	24.590607
41532.45833	669.707153	24.588623
41532.5	669.895691	24.587646
41532.54167	669.990295	24.587189
41532.58333	670.196106	24.588623
41532.625	670.256042	24.586212
41532.66667	670.3349	24.590607
41532.70833	670.110596	24.5896
41532.75	669.96344	24.5867
41532.79167	669.551147	24.590088
41532.83333	669.465637	24.585693
41532.875	669.403687	24.587189
41532.91667	669.383423	24.5867
41532.95833	669.460754	24.587189
41533	669.483337	24.585205
41533.04167	669.567017	24.586212
41533.08333	669.555847	24.587189
41533.125	669.53186	24.584229
41533.16667	669.511292	24.587646
41533.20833	669.448242	24.585205
41533.25	669.324707	24.58374
41533.29167	669.219238	24.586212
41533.33333	669.110962	24.587189
41533.375	669.234863	24.585693
41533.41667	669.179443	24.581329
41533.45833	669.231628	24.588623
41533.5	669.310791	24.58374
41533.54167	669.402222	24.582306
41533.58333	669.666138	24.581329
41533.625	669.729858	24.580322
41533.66667	669.760742	24.581329
41533.70833	669.470276	24.580322
41533.75	669.408997	24.582306
41533.79167	669.223389	24.579834
41533.83333	669.193481	24.580811
41533.875	669.013062	24.579346
41533.91667	668.995544	24.581329
41533.95833	668.937683	24.5867
41534	669.050476	24.580322
41534.04167	669.10083	24.580322
41534.08333	669.23291	24.580322
41534.125	669.237915	24.575928
41534.16667	669.18158	24.575439
41534.20833	669.201782	24.579346
41534.25	669.058716	24.581818
41534.29167	668.975403	24.580322
41534.33333	668.733765	24.579346
41534.375	668.819153	24.575439
41534.41667	668.744934	24.577911
41534.45833	668.969421	24.574463
41534.5	669.219238	24.574005
41534.54167	669.284729	24.57254
41534.58333	669.5979	24.573029
41534.625	669.611511	24.573029
41534.66667	669.808655	24.574951
41534.70833	669.63623	24.57254
41534.75	669.537415	24.57254
41534.79167	669.462524	24.571564
41534.83333	669.05719	24.568146
41534.875	669.062744	24.57254
41534.91667	668.829712	24.573029
41534.95833	669.052612	24.56958
41535	668.930847	24.571564
41535.04167	668.99939	24.570068
41535.08333	669.033875	24.574951
41535.125	669.049255	24.574463
41535.16667	669.024719	24.574005
41535.20833	669.000916	24.572052
41535.25	668.884705	24.570557
41535.29167	668.931641	24.569122
41535.33333	668.619995	24.568146
41535.375	668.618652	24.570068
41535.41667	668.562866	24.571045
41535.45833	668.557678	24.568146
41535.5	668.684082	24.570068
41535.54167	668.892395	24.571045
41535.58333	669.042236	24.568604
41535.625	669.20459	24.570557
41535.66667	669.272644	24.570068
41535.70833	669.269653	24.56958
41535.75	669.163208	24.571564
41535.79167	669.021179	24.56958
41535.83333	668.664734	24.568604
41535.875	668.54248	24.570068
41535.91667	668.428772	24.566162
41535.95833	668.449219	24.571045
41536	668.423645	24.569122
41536.04167	668.539429	24.563263
41536.08333	668.518738	24.567169
41536.125	668.645752	24.567169
41536.16667	668.743469	24.567169
41536.20833	668.601501	24.565674
41536.25	668.523499	24.566162
41536.29167	668.419495	24.567657
41536.33333	668.234253	24.567657
41536.375	668.213745	24.564728
41536.41667	668.300476	24.566162
41536.45833	668.242188	24.566162
41536.5	668.348206	24.566162
41536.54167	668.559387	24.562775
41536.58333	668.920349	24.565674
41536.625	668.897156	24.566162
41536.66667	668.895447	24.566162
41536.70833	668.829712	24.563751
41536.75	668.664734	24.565186
41536.79167	668.509399	24.563263
41536.83333	668.267273	24.568146
41536.875	668.196533	24.567169
41536.91667	668.132874	24.567657
41536.95833	668.079529	24.565186
41537	668.079529	24.566681
41537.04167	668.115723	24.566162
41537.08333	668.199402	24.562775
41537.125	668.218201	24.566681
41537.16667	668.255432	24.56424
41537.20833	668.210632	24.562286
41537.25	668.145691	24.561798
41537.29167	668.293884	24.563751
41537.33333	667.931091	24.562286
41537.375	668.007874	24.563263
41537.41667	667.830627	24.563751
41537.45833	667.893066	24.563263
41537.5	667.975037	24.56424
41537.54167	668.238098	24.561279
41537.58333	668.575684	24.563751
41537.625	668.585022	24.561798
41537.66667	668.608337	24.563263
41537.70833	668.642212	24.563751
41537.75	668.515869	24.56424
41537.79167	668.507324	24.560303
41537.83333	668.231018	24.562775
41537.875	668.088806	24.563263
41537.91667	668.000305	24.558868
41537.95833	667.90387	24.563263
41538	667.970337	24.562286
41538.04167	668.045227	24.557404
41538.08333	667.997131	24.556915
41538.125	668.074463	24.560303
41538.16667	668.045654	24.559357
41538.20833	668.0271	24.557892
41538.25	667.949768	24.559845
41538.29167	667.873352	24.556396
41538.33333	667.741211	24.559845
41538.375	667.750244	24.560303
41538.41667	667.690125	24.559357
41538.45833	667.748962	24.55838
41538.5	668.042358	24.560791
41538.54167	668.053528	24.55838
41538.58333	668.177246	24.559357
41538.625	668.248718	24.560791
41538.66667	668.367493	24.560303
41538.70833	668.322998	24.557892
41538.75	668.263794	24.55838
41538.79167	668.064819	24.55838
41538.83333	667.989685	24.560791
41538.875	667.834595	24.556396
41538.91667	667.759766	24.557892
41538.95833	667.713989	24.553986
41539	667.690125	24.556915
41539.04167	667.756897	24.555908
41539.08333	667.767761	24.55542
41539.125	667.834595	24.556396
41539.16667	667.807251	24.553497
41539.20833	667.771301	24.553009
41539.25	667.774475	24.55542
41539.29167	667.635376	24.554474
41539.33333	667.622437	24.557892
41539.375	667.659058	24.557892
41539.41667	667.559082	24.550568
41539.45833	667.600098	24.556396
41539.5	667.726807	24.556396
41539.54167	667.837585	24.552032
41539.58333	667.942139	24.554474
41539.625	668.050842	24.556915
41539.66667	668.251465	24.555908
41539.70833	668.187256	24.553009
41539.75	668.134705	24.55542
41539.79167	667.990479	24.555908
41539.83333	667.816772	24.557892
41539.875	667.70343	24.553497
41539.91667	667.630188	24.55542
41539.95833	667.59436	24.55542
41540	667.608521	24.55011
41540.04167	667.680969	24.553986
41540.08333	667.611267	24.553497
41540.125	667.728516	24.553497
41540.16667	667.711487	24.553986
41540.20833	667.6651	24.552521
41540.25	667.554321	24.551514
41540.29167	667.447021	24.554474
41540.33333	667.404663	24.552032
41540.375	667.423157	24.550568
41540.41667	667.530029	24.548615
41540.45833	667.558044	24.553497
41540.5	667.59436	24.550568
41540.54167	667.698303	24.552521
41540.58333	667.782288	24.55011
41540.625	667.964478	24.55011
41540.66667	667.997131	24.549622
41540.70833	667.927551	24.551056
41540.75	667.828064	24.550568
41540.79167	667.683105	24.548615
41540.83333	667.564209	24.551514
41540.875	667.372375	24.548126
41540.91667	667.377625	24.552521
41540.95833	667.350403	24.549622
41541	667.304993	24.55011
41541.04167	667.339294	24.550568
41541.08333	667.480347	24.548615
41541.125	667.3479	24.547638
41541.16667	667.321594	24.550568
41541.20833	667.25769	24.548615
41541.25	667.183289	24.550568
41541.29167	667.146423	24.54718
41541.33333	667.031494	24.549622
41541.375	667.107056	24.544739
41541.41667	667.0802	24.545197
41541.45833	667.107056	24.545197
41541.5	667.179626	24.544739
41541.54167	667.320862	24.546631
41541.58333	667.524353	24.546631
41541.625	667.518494	24.54718
41541.66667	667.478821	24.545685
41541.70833	667.409363	24.548126
41541.75	667.377625	24.544739
41541.79167	667.176392	24.546631
41541.83333	667.095642	24.549103
41541.875	667.054443	24.546173
41541.91667	666.970459	24.544739
41541.95833	666.95282	24.548126
41542	666.947632	24.545685
41542.04167	666.939819	24.54718
41542.08333	666.948975	24.545685
41542.125	666.946533	24.545685
41542.16667	666.944458	24.546631
41542.20833	666.885437	24.546173
41542.25	666.795654	24.546173
41542.29167	666.788269	24.543732
41542.33333	666.721436	24.547638
41542.375	666.701233	24.546173
41542.41667	666.714783	24.545197
41542.45833	666.759155	24.546631
41542.5	666.852661	24.54718
41542.54167	666.988708	24.542755
41542.58333	667.005798	24.547638
41542.625	667.089844	24.542267
41542.66667	667.082947	24.545197
41542.70833	667.09436	24.547638
41542.75	666.955322	24.544739
41542.79167	666.821167	24.546173
41542.83333	666.802246	24.544739
41542.875	666.735229	24.541748
41542.91667	666.616943	24.541748
41542.95833	666.659485	24.542267
41543	666.586914	24.543243
41543.04167	666.692627	24.543243
41543.08333	666.637939	24.543732
41543.125	666.620544	24.543243
41543.16667	666.607605	24.542267
41543.20833	666.504333	24.54422
41543.25	666.409973	24.540802
41543.29167	666.419617	24.541748
41543.33333	666.419617	24.538849
41543.375	666.313843	24.54126
41543.41667	666.332336	24.542267
41543.45833	666.453613	24.539337
41543.5	666.544617	24.54126
41543.54167	666.642334	24.540802
41543.58333	666.745178	24.540802
41543.625	666.697632	24.540802
41543.66667	666.681702	24.540802
41543.70833	666.63916	24.540802
41543.75	666.618896	24.540314
41543.79167	666.443237	24.541748
41543.83333	666.405029	24.539856
41543.875	666.371948	24.538361
41543.91667	666.47583	24.536407
41543.95833	666.318542	24.539337
41544	666.324158	24.534973
41544.04167	666.389954	24.538849
41544.08333	666.369995	24.539856
41544.125	666.411499	24.539856
41544.16667	666.422363	24.540314
41544.20833	666.310425	24.537384
41544.25	666.238098	24.537384
41544.29167	666.112976	24.536896
41544.33333	666.150635	24.538361
41544.375	666.107605	24.536407
41544.41667	666.096008	24.534454
41544.45833	666.177368	24.537872
41544.5	666.316772	24.537384
41544.54167	666.433411	24.536896
41544.58333	666.501709	24.538849
41544.625	666.520813	24.536896
41544.66667	666.41333	24.533966
41544.70833	666.330933	24.538849
41544.75	666.170898	24.537872
41544.79167	666.049622	24.536407
41544.83333	666.035095	24.533966
41544.875	666.06073	24.536896
41544.91667	666.062561	24.536896
41544.95833	666.063232	24.53595
41545	666.163452	24.536896
41545.04167	666.199707	24.536407
41545.08333	666.220093	24.536407
41545.125	666.213867	24.53302
41545.16667	666.166809	24.532501
41545.20833	666.030762	24.534454
41545.25	665.949585	24.534454
41545.29167	665.926453	24.536407
41545.33333	665.668762	24.531525
41545.375	665.782532	24.533966
41545.41667	665.734619	24.532501
41545.45833	665.759094	24.533966
41545.5	665.829834	24.533966
41545.54167	665.923096	24.529083
41545.58333	666.265015	24.533966
41545.625	666.24054	24.531525
41545.66667	666.24707	24.53302
41545.70833	666.088806	24.529572
41545.75	665.947021	24.533966
41545.79167	665.715759	24.529083
41545.83333	665.733582	24.53006
41545.875	665.698608	24.53006
41545.91667	665.728455	24.534454
41545.95833	665.969177	24.530579
41546	665.651489	24.532013
41546.04167	665.877136	24.528595
41546.08333	666.005371	24.529572
41546.125	666.220093	24.531525
41546.16667	666.090759	24.531067
41546.20833	666.278748	24.52713
41546.25	666.155151	24.532501
41546.29167	665.898743	24.529572
41546.33333	665.811096	24.530579
41546.375	665.655457	24.52713
41546.41667	665.611877	24.531067
41546.45833	665.698608	24.53006
41546.5	665.882141	24.527588
41546.54167	666.083008	24.529572
41546.58333	666.239136	24.526642
41546.625	666.281799	24.53006
41546.66667	666.297607	24.532501
41546.70833	666.234436	24.52713
41546.75	666.035095	24.530579
41546.79167	665.860962	24.529083
41546.83333	665.720642	24.529083
41546.875	665.699707	24.526642
41546.91667	665.651489	24.527588
41546.95833	665.701477	24.526184
41547	665.733582	24.527588
41547.04167	665.801147	24.528595
41547.08333	665.929626	24.52713
41547.125	666.015137	24.528595
41547.16667	665.941956	24.528107
41547.20833	665.841675	24.528595
41547.25	665.736206	24.525696
41547.29167	665.650269	24.526642
41547.33333	665.516785	24.530579
41547.375	665.518005	24.523712
41547.41667	665.608337	24.525177
41547.45833	665.708069	24.526184
41547.5	665.853394	24.526184
41547.54167	666.057678	24.525177
41547.58333	666.234436	24.525177
41547.625	666.257996	24.52713
41547.66667	666.313843	24.5242
41547.70833	666.205811	24.525696
41547.75	666.024536	24.522278
41547.79167	665.815613	24.522278
41547.83333	665.690613	24.523254
41547.875	665.559204	24.523712
41547.91667	665.528259	24.523254
41547.95833	665.533203	24.52179
41548	665.56897	24.525177
41548.04167	665.654419	24.5242
41548.08333	665.738281	24.520813
41548.125	665.734619	24.5242
41548.16667	665.715759	24.52713
41548.20833	665.596191	24.522736
41548.25	665.528259	24.5242
41548.29167	665.366699	24.5242
41548.33333	665.30957	24.523254
41548.375	665.300049	24.525177
41548.41667	665.238647	24.523254
41548.45833	665.33374	24.523254
41548.5	665.4599	24.522278
41548.54167	665.645142	24.519806
41548.58333	665.753906	24.525696
41548.625	665.743164	24.521301
41548.66667	665.668762	24.52179
41548.70833	665.665527	24.522278
41548.75	665.49762	24.522278
41548.79167	665.407593	24.520813
41548.83333	665.175354	24.520813
41548.875	665.081909	24.51886
41548.91667	665.069336	24.519318
41548.95833	665.063049	24.521301
41549	665.137939	24.522278
41549.04167	665.19104	24.519806
41549.08333	665.254089	24.522278
41549.125	665.268372	24.517853
41549.16667	665.222656	24.508606
41549.20833	665.165771	24.511047
41549.25	665.049011	24.509552
41549.29167	664.908081	24.511047
41549.33333	664.841553	24.507629
41549.375	664.876282	24.511047
41549.41667	664.874573	24.516907
41549.45833	664.962097	24.506653
41549.5	665.110291	24.509552
41549.54167	665.166626	24.507629
41549.58333	665.434265	24.505188
41549.625	665.505615	24.511536
41549.66667	665.537537	24.51004
41549.70833	665.456848	24.507141
41549.75	665.383789	24.504242
41549.79167	665.142517	24.507141
41549.83333	664.97583	24.509552
41549.875	664.861877	24.506653
41549.91667	664.76123	24.508118
41549.95833	664.752625	24.506653
41550	664.791199	24.508118
41550.04167	664.835571	24.5047
41550.08333	664.940979	24.501282
41550.125	664.92865	24.503235
41550.16667	664.900208	24.5047
41550.20833	664.871948	24.506653
41550.25	664.76123	24.505188
41550.29167	664.680359	24.503754
41550.33333	664.569824	24.50177
41550.375	664.608154	24.50177
41550.41667	664.650513	24.502258
41550.45833	664.751831	24.502258
41550.5	664.962097	24.502747
41550.54167	665.017273	24.500763
41550.58333	665.102661	24.500763
41550.625	665.222656	24.503235
41550.66667	665.267151	24.503235
41550.70833	665.189392	24.50177
41550.75	665.097595	24.501282
41550.79167	664.805603	24.502747
41550.83333	664.621887	24.499786
41550.875	664.525208	24.500763
41550.91667	664.430603	24.501282
41550.95833	664.469666	24.50177
41551	664.530029	24.502258
41551.04167	664.631714	24.50177
41551.08333	664.732239	24.499786
41551.125	664.642639	24.499786
41551.16667	664.787964	24.49884
41551.20833	664.681641	24.500763
41551.25	664.596191	24.500763
41551.29167	664.542053	24.499786
41551.33333	664.6026	24.497375
41551.375	664.48938	24.499786
41551.41667	664.426086	24.498352
41551.45833	664.502197	24.499329
41551.5	664.678528	24.500305
41551.54167	664.939514	24.496887
41551.58333	665.093872	24.500305
41551.625	665.195984	24.500305
41551.66667	665.252441	24.499329
41551.70833	665.212036	24.499329
41551.75	664.945496	24.49884
41551.79167	664.923889	24.499786
41551.83333	664.677551	24.498352
41551.875	664.517273	24.499786
41551.91667	664.427856	24.498352
41551.95833	664.469666	24.497375
41552	664.48938	24.494934
41552.04167	664.554138	24.494934
41552.08333	664.613525	24.498352
41552.125	664.581055	24.496887
41552.16667	664.699951	24.49588
41552.20833	664.650513	24.496887
41552.25	664.508545	24.497864
41552.29167	664.441833	24.49884
41552.33333	664.367371	24.49884
41552.375	664.275574	24.493958
41552.41667	664.303955	24.49588
41552.45833	664.352966	24.494476
41552.5	664.48645	24.496887
41552.54167	664.642883	24.493958
41552.58333	664.832275	24.494934
41552.625	665.004517	24.494934
41552.66667	665.083801	24.495422
41552.70833	665.064514	24.491028
41552.75	664.949585	24.491516
41552.79167	664.793762	24.493469
41552.83333	664.625061	24.492004
41552.875	664.319946	24.491028
41552.91667	664.354919	24.494476
41552.95833	664.310608	24.492493
41553	664.362366	24.492493
41553.04167	664.395996	24.493469
41553.08333	664.459045	24.494476
41553.125	664.367126	24.492004
41553.16667	664.492188	24.491516
41553.20833	664.464966	24.493469
41553.25	664.411682	24.489075
41553.29167	664.265686	24.49057
41553.33333	664.226501	24.494934
41553.375	664.151001	24.496887
41553.41667	664.158569	24.490082
41553.45833	664.178894	24.491516
41553.5	664.346802	24.496887
41553.54167	664.359741	24.491028
41553.58333	664.582703	24.492493
41553.625	664.60791	24.489075
41553.66667	664.60791	24.491516
41553.70833	664.680359	24.489594
41553.75	664.63446	24.493958
41553.79167	664.309265	24.491516
41553.83333	664.202942	24.491516
41553.875	664.077454	24.49057
41553.91667	663.957764	24.492004
41553.95833	664.005066	24.488586
41554	664.083191	24.488586
41554.04167	664.167542	24.488586
41554.08333	664.105957	24.486633
41554.125	664.256836	24.48761
41554.16667	664.162781	24.489075
41554.20833	664.071106	24.48761
41554.25	663.976868	24.489075
41554.29167	663.969238	24.489594
41554.33333	664.017822	24.48761
41554.375	663.782349	24.488586
41554.41667	663.956299	24.486145
41554.45833	663.983276	24.489075
41554.5	664.108276	24.486145
41554.54167	664.033325	24.485657
41554.58333	664.134583	24.488098
41554.625	664.313965	24.48761
41554.66667	664.234375	24.486145
41554.70833	664.360901	24.48761
41554.75	664.252502	24.486633
41554.79167	664.099121	24.48761
41554.83333	664.008606	24.489075
41554.875	663.958496	24.486145
41554.91667	663.885193	24.486633
41554.95833	663.704712	24.487122
41555	663.820251	24.487122
41555.04167	663.713745	24.484192
41555.08333	663.741516	24.486145
41555.125	663.735168	24.486145
41555.16667	663.829651	24.485657
41555.20833	663.666931	24.486145
41555.25	663.604431	24.484711
41555.29167	663.575256	24.486633
41555.33333	663.457764	24.486633
41555.375	663.682983	24.482239
41555.41667	663.652954	24.483215
41555.45833	663.503113	24.480804
41555.5	663.728943	24.483704
41555.54167	663.708252	24.484711
41555.58333	663.720459	24.485168
41555.625	663.90863	24.48175
41555.66667	663.844177	24.483704
41555.70833	663.839417	24.482727
41555.75	663.877563	24.480316
41555.79167	663.780884	24.483704
41555.83333	663.695679	24.483215
41555.875	663.611938	24.481262
41555.91667	663.556091	24.484192
41555.95833	663.349487	24.482727
41556	663.338806	24.482239
41556.04167	663.356873	24.482727
41556.08333	663.369263	24.478821
41556.125	663.411255	24.481262
41556.16667	663.389282	24.482239
41556.20833	663.437073	24.481262
41556.25	663.385803	24.485168
41556.29167	663.354004	24.48175
41556.33333	663.489868	24.483215
41556.375	663.604126	24.48175
41556.41667	663.39386	24.480316
41556.45833	663.447449	24.480804
41556.5	663.310242	24.478821
41556.54167	663.538635	24.48175
41556.58333	663.572021	24.481262
41556.625	663.593079	24.481262
41556.66667	663.578186	24.477875
41556.70833	663.550171	24.479309
41556.75	663.618286	24.480316
41556.79167	663.374573	24.480804
41556.83333	663.282898	24.480804
41556.875	663.254639	24.479828
41556.91667	663.351318	24.480804
41556.95833	663.161011	24.479828
41557	663.156189	24.477386
41557.04167	663.320801	24.480316
41557.08333	663.275024	24.478333
41557.125	663.133118	24.479828
41557.16667	663.118591	24.479828
41557.20833	663.23999	24.477875
41557.25	663.037842	24.47641
41557.29167	663.037842	24.47641
41557.33333	663.041077	24.479309
41557.375	663.139282	24.476898
41557.41667	663.216187	24.477386
41557.45833	663.137451	24.478821
41557.5	663.055725	24.476898
41557.54167	663.102478	24.476898
41557.58333	663.316284	24.479309
41557.625	663.313171	24.474945
41557.66667	663.319519	24.47345
41557.70833	663.163086	24.474426
41557.75	663.088257	24.474426
41557.79167	663.062866	24.475433
41557.83333	662.992004	24.477875
41557.875	663.060181	24.476898
41557.91667	662.999939	24.475922
41557.95833	662.97052	24.47641
41558	662.889404	24.474945
41558.04167	662.887268	24.477386
41558.08333	663.064392	24.474945
41558.125	662.860718	24.473938
41558.16667	662.77887	24.47345
41558.20833	662.626038	24.47345
41558.25	662.74884	24.472504
41558.29167	662.503662	24.471527
41558.33333	662.743958	24.471039
41558.375	662.725342	24.47345
41558.41667	662.76062	24.472504
41558.45833	662.849915	24.473938
41558.5	662.818237	24.474426
41558.54167	662.89386	24.470551
41558.58333	663.042542	24.471527
41558.625	663.098145	24.472504
41558.66667	663.165222	24.470062
41558.70833	663.020752	24.471527
41558.75	662.845398	24.471527
41558.79167	662.68988	24.471527
41558.83333	662.609558	24.472504
41558.875	662.592957	24.469543
41558.91667	662.605774	24.472504
41558.95833	662.69928	24.469543
41559	662.646362	24.471527
41559.04167	662.723328	24.472992
41559.08333	662.756775	24.472504
41559.125	662.77063	24.472015
41559.16667	662.688599	24.470551
41559.20833	662.560852	24.470062
41559.25	662.471802	24.472992
41559.29167	662.441711	24.470551
41559.33333	662.357178	24.472015
41559.375	662.358643	24.472015
41559.41667	662.465759	24.471039
41559.45833	662.547485	24.468567
41559.5	662.694763	24.469543
41559.54167	662.859558	24.472015
41559.58333	662.887268	24.469543
41559.625	662.932068	24.470551
41559.66667	662.89563	24.470062
41559.70833	662.832764	24.470551
41559.75	662.711853	24.470062
41559.79167	662.579956	24.471039
41559.83333	662.380676	24.469543
41559.875	662.400879	24.467102
41559.91667	662.28717	24.465179
41559.95833	662.529419	24.465179
41560	662.449768	24.471039
41560.04167	662.516724	24.468079
41560.08333	662.512756	24.466156
41560.125	662.533813	24.466644
41560.16667	662.367493	24.469055
41560.20833	662.250671	24.466156
41560.25	662.188416	24.469543
41560.29167	662.167358	24.469543
41560.33333	662.120361	24.465179
41560.375	662.122253	24.466156
41560.41667	662.289001	24.468079
41560.45833	662.250671	24.467621
41560.5	662.320007	24.467102
41560.54167	662.437317	24.464661
41560.58333	662.394592	24.468567
41560.625	662.337463	24.463715
41560.66667	662.306152	24.468079
41560.70833	662.195496	24.464661
41560.75	662.109863	24.46225
41560.79167	661.946045	24.463715
41560.83333	661.845886	24.465179
41560.875	661.839661	24.46225
41560.91667	661.891846	24.46225
41560.95833	661.902954	24.462738
41561	661.868103	24.465179
41561.04167	661.92688	24.466156
41561.08333	661.924988	24.463226
41561.125	661.794006	24.464661
41561.16667	661.8255	24.464661
41561.20833	661.617065	24.463226
41561.25	661.662781	24.461761
41561.29167	661.695984	24.462738
41561.33333	661.563782	24.463226
41561.375	661.449951	24.461761
41561.41667	661.470459	24.461273
41561.45833	661.857178	24.462738
41561.5	661.891663	24.464172
41561.54167	662.02771	24.45929
41561.58333	662.133545	24.460266
41561.625	662.13916	24.46225
41561.66667	662.163513	24.461273
41561.70833	662.046692	24.461761
41561.75	661.900391	24.46225
41561.79167	661.68042	24.46225
41561.83333	661.542969	24.460785
41561.875	661.422974	24.457367
41561.91667	661.435974	24.460266
41561.95833	661.553711	24.457367
41562	661.577026	24.463715
41562.04167	661.721313	24.461273
41562.08333	661.784363	24.464661
41562.125	661.762939	24.458344
41562.16667	661.683289	24.460266
41562.20833	661.569763	24.46225
41562.25	661.479797	24.457855
41562.29167	661.450928	24.459778
41562.33333	661.383667	24.457367
41562.375	661.45752	24.461273
41562.41667	661.465393	24.459778
41562.45833	661.595337	24.458832
41562.5	661.648254	24.458832
41562.54167	661.839661	24.455902
41562.58333	661.967712	24.455902
41562.625	661.986755	24.454407
41562.66667	661.969055	24.461761
41562.70833	661.935852	24.456879
41562.75	661.769958	24.458344
41562.79167	661.721313	24.457855
41562.83333	661.582153	24.457855
41562.875	661.487488	24.461761
41562.91667	661.417908	24.458832
41562.95833	661.411621	24.457367
41563	661.486023	24.457367
41563.04167	661.569763	24.458832
41563.08333	661.650757	24.457367
41563.125	661.719116	24.458344
41563.16667	661.589722	24.459778
41563.20833	661.571289	24.453949
41563.25	661.45752	24.458344
41563.29167	661.351746	24.453949
41563.33333	661.256836	24.454407
41563.375	661.30072	24.457855
41563.41667	661.356018	24.457367
41563.45833	661.618286	24.453461
41563.5	661.757263	24.455383
41563.54167	662.016846	24.457367
41563.58333	662.084656	24.457855
41563.625	662.227173	24.455902
41563.66667	662.256165	24.457855
41563.70833	662.154907	24.457367
41563.75	661.958191	24.45639
41563.79167	661.797424	24.457855
41563.83333	661.546021	24.45639
41563.875	661.40332	24.457855
41563.91667	661.342224	24.452484
41563.95833	661.376709	24.453461
41564	661.433472	24.451996
41564.04167	661.544128	24.451019
41564.08333	661.565247	24.453461
41564.125	661.65979	24.452972
41564.16667	661.650757	24.451996
41564.20833	661.559631	24.452972
41564.25	661.435974	24.451996
41564.29167	661.277039	24.451019
41564.33333	661.201477	24.452972
41564.375	661.085083	24.4505
41564.41667	661.163574	24.451019
41564.45833	661.278259	24.4505
41564.5	661.395203	24.451996
41564.54167	661.618286	24.452484
41564.58333	661.675659	24.452972
41564.625	661.768982	24.451996
41564.66667	661.735962	24.451019
41564.70833	661.70813	24.4505
41564.75	661.533203	24.451996
41564.79167	661.339966	24.4505
41564.83333	661.192078	24.454407
41564.875	661.118896	24.4505
41564.91667	660.966187	24.453461
41564.95833	660.978088	24.451019
41565	660.999146	24.451019
41565.04167	661.046265	24.449554
41565.08333	661.135071	24.449554
41565.125	661.152222	24.4505
41565.16667	661.068176	24.44809
41565.20833	661.030823	24.4505
41565.25	660.95459	24.451019
41565.29167	660.903992	24.447601
41565.33333	660.850952	24.44516
41565.375	660.785156	24.449097
41565.41667	660.787476	24.448608
41565.45833	660.928223	24.449097
41565.5	661.030823	24.448608
41565.54167	661.152222	24.449097
41565.58333	661.272583	24.451508
41565.625	661.411621	24.449097
41565.66667	661.561218	24.447601
41565.70833	661.53949	24.451019
41565.75	661.3797	24.451019
41565.79167	661.118896	24.446167
41565.83333	660.902832	24.451019
41565.875	660.811829	24.447601
41565.91667	660.736816	24.44516
41565.95833	660.704773	24.446167
41566	660.710815	24.447601
41566.04167	660.773071	24.446625
41566.08333	660.826599	24.445618
41566.125	660.947083	24.446167
41566.16667	660.912415	24.446167
41566.20833	660.920349	24.450043
41566.25	660.792236	24.44809
41566.29167	660.783691	24.449097
41566.33333	660.801208	24.447601
41566.375	660.686279	24.447601
41566.41667	660.687561	24.44516
41566.45833	660.744324	24.44223
41566.5	660.854553	24.443726
41566.54167	661.005432	24.444672
41566.58333	661.122742	24.447113
41566.625	661.245972	24.444672
41566.66667	661.315369	24.444672
41566.70833	661.282104	24.444672
41566.75	661.190491	24.444672
41566.79167	660.964294	24.443726
41566.83333	660.81604	24.445618
41566.875	660.744324	24.445618
41566.91667	660.673218	24.442719
41566.95833	660.606934	24.444672
41567	660.631531	24.44223
41567.04167	660.646729	24.44516
41567.08333	660.716125	24.443726
41567.125	660.801208	24.444214
41567.16667	660.733276	24.443726
41567.20833	660.700134	24.444214
41567.25	660.697388	24.441742
41567.29167	660.563782	24.444214
41567.33333	660.534241	24.443207
41567.375	660.570679	24.439819
41567.41667	660.567749	24.444214
41567.45833	660.591248	24.442719
41567.5	660.687561	24.440765
41567.54167	660.776672	24.440277
41567.58333	660.926025	24.439819
41567.625	661.040283	24.441742
41567.66667	661.106567	24.438843
41567.70833	661.033875	24.441254
41567.75	660.980713	24.441742
41567.79167	660.783691	24.44223
41567.83333	660.695374	24.441742
41567.875	660.563782	24.439331
41567.91667	660.531067	24.442719
41567.95833	660.490051	24.440765
41568	660.522583	24.441742
41568.04167	660.575073	24.442719
41568.08333	660.5802	24.439819
41568.125	660.619263	24.44223
41568.16667	660.601318	24.439819
41568.20833	660.567749	24.440277
41568.25	660.495056	24.440765
41568.29167	660.425415	24.439331
41568.33333	660.46167	24.440765
41568.375	660.436157	24.439331
41568.41667	660.395752	24.441254
41568.45833	660.371277	24.439331
41568.5	660.483582	24.438843
41568.54167	660.539246	24.440277
41568.58333	660.643005	24.436371
41568.625	660.763489	24.437836
41568.66667	660.737915	24.43689
41568.70833	660.828308	24.437836
41568.75	660.654663	24.434937
41568.79167	660.488892	24.434937
41568.83333	660.383789	24.440277
41568.875	660.323975	24.435425
41568.91667	660.322815	24.439331
41568.95833	660.273499	24.437836
41569	660.245056	24.434937
41569.04167	660.338196	24.440277
41569.08333	660.263733	24.437347
41569.125	660.259216	24.435913
41569.16667	660.204224	24.433929
41569.20833	660.210571	24.43689
41569.25	660.161316	24.438843
41569.29167	660.202393	24.434937
41569.33333	660.180359	24.437347
41569.375	660.165955	24.437347
41569.41667	660.066467	24.437347
41569.45833	660.123474	24.433441
41569.5	660.112732	24.432983
41569.54167	660.042603	24.434937
41569.58333	660.169006	24.433441
41569.625	660.246399	24.434937
41569.66667	660.240356	24.435425
41569.70833	660.303223	24.433929
41569.75	660.208618	24.435425
41569.79167	660.025818	24.435913
41569.83333	660.007629	24.432495
41569.875	659.944946	24.433929
41569.91667	659.840454	24.435425
41569.95833	659.84729	24.432037
41570	659.90448	24.435425
41570.04167	659.943604	24.432983
41570.08333	660.017578	24.434448
41570.125	659.81012	24.432495
41570.16667	659.886475	24.43689
41570.20833	659.820068	24.43689
41570.25	659.785339	24.441254
41570.29167	659.744507	24.43103
41570.33333	659.744507	24.432983
41570.375	659.779175	24.432495
41570.41667	659.79126	24.433441
41570.45833	659.734924	24.431488
41570.5	659.734924	24.434448
41570.54167	659.800476	24.433929
41570.58333	659.78717	24.431488
41570.625	659.915527	24.431488
41570.66667	659.894653	24.432495
41570.70833	659.851318	24.432983
41570.75	659.849976	24.432495
41570.79167	659.715759	24.432983
41570.83333	659.707458	24.432037
41570.875	659.652405	24.430542
41570.91667	659.570068	24.431488
41570.95833	659.5354	24.428101
41571	659.509827	24.430054
41571.04167	659.493042	24.432495
41571.08333	659.537354	24.432037
41571.125	659.557312	24.432983
41571.16667	659.497131	24.431488
41571.20833	659.511841	24.427124
41571.25	659.451721	24.429047
41571.29167	659.43573	24.430054
41571.33333	659.345764	24.430054
41571.375	659.236633	24.43103
41571.41667	659.297241	24.430542
41571.45833	659.408875	24.429565
41571.5	659.407166	24.428101
41571.54167	659.588745	24.427582
41571.58333	659.617554	24.425171
41571.625	659.623718	24.429047
41571.66667	659.701294	24.425659
41571.70833	659.594177	24.427124
41571.75	659.577881	24.429047
41571.79167	659.410828	24.425171
41571.83333	659.321533	24.427124
41571.875	659.293335	24.430542
41571.91667	659.268677	24.426147
41571.95833	659.220093	24.424164
41572	659.223938	24.428558
41572.04167	659.265564	24.427124
41572.08333	659.215088	24.428558
41572.125	659.197021	24.427124
41572.16667	659.131165	24.426605
41572.20833	659.127502	24.425171
41572.25	659.099182	24.427582
41572.29167	659.080688	24.429047
41572.33333	659.099182	24.426147
41572.375	659.17865	24.424683
41572.41667	659.228943	24.426147
41572.45833	659.258301	24.424164
41572.5	659.356445	24.428101
41572.54167	659.418274	24.425659
41572.58333	659.468628	24.426605
41572.625	659.603577	24.426147
41572.66667	659.564148	24.424164
41572.70833	659.538635	24.426605
41572.75	659.380432	24.424164
41572.79167	659.254089	24.428101
41572.83333	659.069336	24.424683
41572.875	659.044067	24.425171
41572.91667	659.040771	24.425659
41572.95833	658.994873	24.424164
41573	658.96936	24.422729
41573.04167	659.034485	24.427582
41573.08333	659.002808	24.422272
41573.125	659.0047	24.421753
41573.16667	658.998108	24.422729
41573.20833	658.893677	24.424164
41573.25	658.865356	24.425171
41573.29167	658.836975	24.421753
41573.33333	658.868164	24.423218
41573.375	658.988098	24.423676
41573.41667	658.981995	24.420776
41573.45833	659.072754	24.421265
41573.5	659.126221	24.423218
41573.54167	659.287598	24.423218
41573.58333	659.379211	24.421265
41573.625	659.321533	24.422729
41573.66667	659.269897	24.418823
41573.70833	659.37146	24.421753
41573.75	659.212769	24.421753
41573.79167	659.031799	24.420776
41573.83333	658.913818	24.420288
41573.875	658.841553	24.423676
41573.91667	658.78186	24.419312
41573.95833	658.860413	24.421265
41574	658.863831	24.421753
41574.04167	658.936646	24.422729
41574.08333	658.936646	24.419312
41574.125	658.882813	24.422729
41574.16667	658.887268	24.420776
41574.20833	658.812378	24.421265
41574.25	658.71051	24.420288
41574.29167	658.72052	24.4198
41574.33333	658.72937	24.4198
41574.375	658.744995	24.421265
41574.41667	658.82196	24.421753
41574.45833	658.901428	24.421265
41574.5	659.057983	24.418823
41574.54167	659.114624	24.420776
41574.58333	659.186218	24.418365
41574.625	659.111328	24.419312
41574.66667	659.156677	24.418823
41574.70833	659.159363	24.417877
41574.75	659.050171	24.421265
41574.79167	658.968628	24.423218
41574.83333	658.843262	24.417877
41574.875	658.725708	24.420288
41574.91667	658.704163	24.419312
41574.95833	658.727661	24.421265
41575	658.80072	24.420776
41575.04167	658.81311	24.420776
41575.08333	658.909424	24.420288
41575.125	658.875916	24.41687
41575.16667	658.84021	24.417877
41575.20833	658.731384	24.420776
41575.25	658.618408	24.418365
41575.29167	658.590027	24.41687
41575.33333	658.464111	24.415405
41575.375	658.624146	24.418823
41575.41667	658.685242	24.414917
41575.45833	658.725708	24.418365
41575.5	658.804993	24.41687
41575.54167	658.878174	24.418823
41575.58333	658.986877	24.416382
41575.625	658.925659	24.415894
41575.66667	658.985413	24.415405
41575.70833	658.986877	24.418823
41575.75	658.81311	24.418823
41575.79167	658.711853	24.417877
41575.83333	658.589233	24.415405
41575.875	658.590027	24.415405
41575.91667	658.571777	24.417389
41575.95833	658.602539	24.415405
41576	658.653503	24.418365
41576.04167	658.60791	24.417389
41576.08333	658.587097	24.417877
41576.125	658.60791	24.41687
41576.16667	658.528198	24.415405
41576.20833	658.462219	24.414917
41576.25	658.379089	24.41394
41576.29167	658.170044	24.41687
41576.33333	658.215759	24.415894
41576.375	658.107178	24.411987
41576.41667	658.477661	24.413452
41576.45833	658.342896	24.413452
41576.5	658.61554	24.414429
41576.54167	658.573669	24.415405
41576.58333	658.791382	24.412964
41576.625	658.669434	24.411011
41576.66667	658.75824	24.414917
41576.70833	658.559326	24.415405
41576.75	658.522278	24.414429
41576.79167	658.217712	24.411987
41576.83333	658.25	24.412476
41576.875	658.252075	24.411499
41576.91667	658.182922	24.41394
41576.95833	658.296143	24.411499
41577	658.343567	24.414429
41577.04167	658.332397	24.41394
41577.08333	658.330383	24.410004
41577.125	658.170471	24.411499
41577.16667	658.237732	24.413452
41577.20833	658.094482	24.411987
41577.25	658.149597	24.412964
41577.29167	658.095764	24.413452
41577.33333	658.05304	24.415405
41577.375	658.060852	24.410522
41577.41667	658.082092	24.410004
41577.45833	658.175598	24.409546
41577.5	658.258606	24.411011
41577.54167	658.273926	24.411499
41577.58333	658.451782	24.410004
41577.625	658.495361	24.412476
41577.66667	658.328979	24.410522
41577.70833	658.380554	24.4086
41577.75	658.058472	24.41394
41577.79167	658.109253	24.409546
41577.83333	658.035706	24.411499
41577.875	658.035706	24.4086
41577.91667	657.985168	24.411987
41577.95833	657.796265	24.410004
41578	657.995728	24.409058
41578.04167	657.922485	24.409546
41578.08333	658.103821	24.411011
41578.125	658.069397	24.409058
41578.16667	658.019653	24.410522
41578.20833	657.971436	24.411987
41578.25	657.86322	24.409546
41578.29167	657.826111	24.4086
41578.33333	657.806274	24.411011
41578.375	657.793457	24.407104
41578.41667	657.793457	24.409058
41578.45833	657.69519	24.409058
41578.5	657.975525	24.410522
41578.54167	658.089355	24.410004
41578.58333	658.181274	24.409058
41578.625	658.370605	24.409546
41578.66667	658.359192	24.408112
41578.70833	658.268982	24.407593
41578.75	658.014587	24.407593
41578.79167	657.858704	24.407104
41578.83333	657.559326	24.409058
41578.875	657.5672	24.410004
41578.91667	657.644531	24.410522
41578.95833	657.694214	24.406616
41579	657.767029	24.408112
41579.04167	657.871216	24.4086
41579.08333	657.834961	24.4086
41579.125	657.823975	24.409058
41579.16667	657.789246	24.407593
41579.20833	657.717407	24.408112
41579.25	657.598145	24.406616
41579.29167	657.5755	24.405151
41579.33333	657.588013	24.407593
41579.375	657.539612	24.405151
41579.41667	657.5755	24.405151
41579.45833	657.742981	24.403229
41579.5	657.836243	24.407104
41579.54167	657.867249	24.406128
41579.58333	657.965393	24.403717
41579.625	658.011047	24.4086
41579.66667	658.161865	24.406616
41579.70833	658.174622	24.406128
41579.75	657.910156	24.406616
41579.79167	657.753967	24.406128
41579.83333	657.648071	24.405151
41579.875	657.485596	24.409546
41579.91667	657.328125	24.405151
41579.95833	657.439758	24.403229
41580	657.494629	24.40567
41580.04167	657.600281	24.405151
41580.08333	657.476807	24.404205
41580.125	657.532166	24.406128
41580.16667	657.478088	24.400269
41580.20833	657.413696	24.404205
41580.25	657.44458	24.405151
41580.29167	657.28186	24.408112
41580.33333	657.229248	24.403717
41580.375	657.206787	24.403229
41580.41667	657.405762	24.399811
41580.45833	657.464844	24.402222
41580.5	657.586609	24.401245
41580.54167	657.729248	24.40567
41580.58333	657.818848	24.407104
41580.625	657.796265	24.40271
41580.66667	657.957581	24.399811
41580.70833	657.859253	24.400269
41580.75	657.856873	24.401245
41580.79167	657.472412	24.400269
41580.83333	657.39856	24.403717
41580.875	657.286499	24.401733
41580.91667	657.13501	24.398834
41580.95833	657.15625	24.398346
41581	657.205383	24.398834
41581.04167	657.412598	24.399811
41581.08333	657.299561	24.399323
41581.125	657.315857	24.399323
41581.16667	657.44635	24.398834
41581.20833	657.244751	24.403717
41581.25	657.319275	24.404694
41581.29167	657.10321	24.400787
41581.33333	657.087891	24.400787
41581.375	657.041077	24.398834
41581.41667	657.058289	24.399811
41581.45833	657.339478	24.400269
41581.5	657.298218	24.401245
41581.54167	657.421814	24.401245
41581.58333	657.600098	24.398834
41581.625	657.760559	24.400269
41581.66667	657.699219	24.400787
41581.70833	657.505981	24.397827
41581.75	657.563171	24.398834
41581.79167	657.231934	24.398346
41581.83333	657.084778	24.397827
41581.875	657.14917	24.397339
41581.91667	657.096252	24.395905
41581.95833	656.974243	24.398346
