41459	108.607162	24.163376
41459.04167	108.621246	24.160477
41459.08333	108.598213	24.159958
41459.125	108.644211	24.159958
41459.16667	108.769928	24.157974
41459.20833	108.648598	24.157028
41459.25	108.634987	24.155533
41459.29167	108.531868	24.155075
41459.33333	108.389923	24.154037
41459.375	108.346336	24.151138
41459.41667	108.323509	24.149643
41459.45833	108.305069	24.146744
41459.5	108.508865	24.149185
41459.54167	108.69413	24.147202
41459.58333	108.930038	24.144302
41459.625	108.978249	24.145248
41459.66667	108.909622	24.144791
41459.70833	108.820351	24.142319
41459.75	108.717293	24.138901
41459.79167	108.479027	24.138901
41459.83333	108.328064	24.139359
41459.875	108.202248	24.135452
41459.91667	108.135834	24.134964
41459.95833	108.119644	24.133987
41460	108.092216	24.132523
41460.04167	108.176834	24.131516
41460.08333	108.188469	24.130081
41460.125	108.170128	24.130539
41460.16667	108.09919	24.128067
41460.20833	108.101471	24.127121
41460.25	108.087524	24.125168
41460.29167	108.048805	24.125656
41460.33333	107.893211	24.122726
41460.375	107.883926	24.122238
41460.41667	107.812889	24.120773
41460.45833	107.973206	24.116837
41460.5	107.977631	24.118301
41460.54167	108.264099	24.114883
41460.58333	108.316368	24.114395
41460.625	108.378456	24.112411
41460.66667	108.277946	24.10997
41460.70833	108.135834	24.110977
41460.75	107.961838	24.107529
41460.79167	107.764778	24.108017
41460.83333	107.730553	24.108017
41460.875	107.659546	24.104568
41460.91667	107.616127	24.105087
41460.95833	107.542915	24.10704
41461	107.613884	24.102646
41461.04167	107.565773	24.099197
41461.08333	107.650391	24.099197
41461.125	107.657402	24.097244
41461.16667	107.646538	24.096725
41461.20833	107.558937	24.094803
41461.25	107.531517	24.095749
41461.29167	107.568024	24.092331
41461.33333	107.524437	24.091354
41461.375	107.488403	24.086472
41461.41667	107.529434	24.087906
41461.45833	107.597794	24.087418
41461.5	107.541069	24.085464
41461.54167	107.733566	24.085464
41461.58333	107.806488	24.082047
41461.625	107.733566	24.083023
41461.66667	107.714928	24.082047
41461.70833	107.684723	24.08107
41461.75	107.533524	24.079575
41461.79167	107.373413	24.077652
41461.83333	107.225197	24.075668
41461.875	107.280006	24.076157
41461.91667	107.254898	24.073227
41461.95833	107.38253	24.070267
41462	107.318932	24.072739
41462.04167	107.344307	24.069809
41462.08333	107.31662	24.067825
41462.125	107.385315	24.068832
41462.16667	107.330429	24.069809
41462.20833	107.271095	24.064407
41462.25	107.332542	24.064407
41462.29167	107.438148	24.062454
41462.33333	107.621162	24.061966
41462.375	107.749161	24.05806
41462.41667	107.824821	24.058548
41462.45833	107.714928	24.057541
41462.5	107.67363	24.056076
41462.54167	107.541069	24.055099
41462.58333	107.456314	24.054153
41462.625	107.426682	24.053146
41462.66667	107.412834	24.052139
41462.70833	107.307533	24.050705
41462.75	107.195427	24.050217
41462.79167	107.156433	24.047745
41462.83333	107.163307	24.044296
41462.875	107.339584	24.044815
41462.91667	107.415115	24.045273
41462.95833	107.470062	24.042374
41463	107.490677	24.040878
41463.04167	107.394363	24.038467
41463.08333	107.318932	24.036972
41463.125	107.268608	24.037918
41463.16667	107.21373	24.036026
41463.20833	107.172394	24.033035
41463.25	107.248062	24.034531
41463.29167	107.392319	24.033524
41463.33333	107.54335	24.030106
41463.375	107.67363	24.029617
41463.41667	107.72187	24.029617
41463.45833	107.685226	24.027664
41463.5	107.61895	24.028183
41463.54167	107.442673	24.025192
41463.58333	107.339584	24.022263
41463.625	107.261742	24.020798
41463.66667	107.328018	24.021774
41463.70833	107.190903	24.021286
41463.75	107.069443	24.017349
41463.79167	107.012314	24.016891
41463.83333	106.996323	24.016403
41463.875	107.140343	24.015396
41463.91667	107.192848	24.01445
41463.95833	107.103737	24.01149
41464	107.108429	24.012466
41464.04167	107.012848	24.00856
41464.08333	106.897827	24.0056
41464.125	106.880089	24.007584
41464.16667	106.883942	24.006119
41464.20833	106.795403	24.004623
41464.25	106.89846	24.004623
41464.29167	106.946533	24.001175
41464.33333	107.007919	24.000229
41464.375	107.158684	23.999252
41464.41667	107.24176	23.99678
41464.45833	107.017372	23.999252
41464.5	106.94352	23.997757
41464.54167	106.763527	23.993881
41464.58333	106.829872	23.994339
41464.625	106.781929	23.990891
41464.66667	106.781929	23.990433
41464.70833	106.564423	23.990891
41464.75	106.363068	23.986984
41464.79167	106.363068	23.988968
41464.83333	106.383514	23.983047
41464.875	106.346809	23.984055
41464.91667	106.312614	23.98259
41464.95833	106.365181	23.981613
41465	106.310265	23.97963
41465.04167	106.28968	23.97963
41465.08333	106.278282	23.978195
41465.125	106.207108	23.975235
41465.16667	106.147942	23.976212
41465.20833	106.138649	23.974747
41465.25	106.1707	23.972763
41465.29167	106.294312	23.970352
41465.33333	106.358238	23.967911
41465.375	106.308121	23.968857
41465.41667	106.486473	23.966415
41465.45833	106.4674	23.965927
41465.5	106.271309	23.963974
41465.54167	106.381203	23.963486
41465.58333	106.420326	23.962479
41465.625	106.427132	23.961014
41465.66667	106.294312	23.960526
41465.70833	106.218811	23.956619
41465.75	106.147942	23.956131
41465.79167	106.031105	23.95369
41465.83333	105.852486	23.955643
41465.875	105.852486	23.95369
41465.91667	105.900658	23.950241
41465.95833	105.937263	23.95076
41466	105.941658	23.951736
41466.04167	105.911987	23.945847
41466.08333	105.854759	23.9478
41466.125	105.916512	23.94487
41466.16667	105.939682	23.943893
41466.20833	105.909676	23.942398
41466.25	105.973976	23.940964
41466.29167	105.980682	23.940964
41466.33333	106.019608	23.937515
41466.375	106.131882	23.937515
41466.41667	106.095139	23.938522
41466.45833	106.001297	23.93605
41466.5	106.005997	23.935104
41466.54167	105.999191	23.933121
41466.58333	106.074554	23.932114
41466.625	106.065201	23.933121
41466.66667	106.044846	23.928696
41466.70833	105.937263	23.928696
41466.75	105.78949	23.928207
41466.79167	105.712852	23.924301
41466.83333	105.587196	23.92482
41466.875	105.517166	23.923782
41466.91667	105.541405	23.922836
41466.95833	105.537651	23.919907
41467	105.507011	23.920395
41467.04167	105.480522	23.91893
41467.08333	105.56189	23.916977
41467.125	105.45977	23.913986
41467.16667	105.514923	23.913528
41467.20833	105.502518	23.912552
41467.25	105.406364	23.91011
41467.29167	105.461243	23.911545
41467.33333	105.458832	23.909592
41467.375	105.440559	23.907639
41467.41667	105.516327	23.90715
41467.45833	105.491081	23.906174
41467.5	105.439552	23.904709
41467.54167	105.613113	23.899826
41467.58333	105.745033	23.902237
41467.625	105.730019	23.899826
41467.66667	105.761765	23.900314
41467.70833	105.663635	23.896866
41467.75	105.601883	23.897354
41467.79167	105.354568	23.89537
41467.83333	105.242462	23.894913
41467.875	105.148758	23.89296
41467.91667	105.205017	23.889023
41467.95833	105.203743	23.891495
41468	105.229958	23.888535
41468.04167	105.139572	23.8871
41468.08333	105.194389	23.884628
41468.125	105.164719	23.884628
41468.16667	105.125557	23.886124
41468.20833	105.141922	23.88414
41468.25	105.013557	23.879745
41468.29167	105.059418	23.879745
41468.33333	105.011574	23.877792
41468.375	105.068672	23.874832
41468.41667	105.11879	23.876816
41468.45833	105.178467	23.874832
41468.5	105.105141	23.870895
41468.54167	105.256271	23.870407
41468.58333	105.338676	23.867996
41468.625	105.407234	23.870895
41468.66667	105.393456	23.867508
41468.70833	105.311157	23.865555
41468.75	105.100586	23.866013
41468.79167	104.954048	23.864578
41468.83333	104.82843	23.864059
41468.875	104.842209	23.860123
41468.91667	104.79879	23.859665
41468.95833	104.810059	23.85817
41469	104.864906	23.855728
41469.04167	104.826012	23.856705
41469.08333	104.821526	23.856216
41469.125	104.867485	23.854782
41469.16667	104.759773	23.85231
41469.20833	104.784744	23.850357
41469.25	104.716286	23.849838
41469.29167	104.670563	23.847427
41469.33333	104.679581	23.848892
41469.375	104.688934	23.84642
41469.41667	104.672836	23.844009
41469.45833	104.695671	23.845932
41469.5	104.759773	23.843002
41469.54167	104.910866	23.843002
41469.58333	104.961121	23.839096
41469.625	104.940605	23.839096
41469.66667	104.92907	23.836655
41469.70833	104.893333	23.835648
41469.75	104.759773	23.835648
41469.79167	104.549431	23.83226
41469.83333	104.476112	23.830765
41469.875	104.51963	23.83226
41469.91667	104.512856	23.830765
41469.95833	104.569916	23.829788
41470	104.632645	23.828323
41470.04167	104.592583	23.825394
41470.08333	104.611053	23.823898
41470.125	104.505852	23.824875
41470.16667	104.469208	23.819992
41470.20833	104.421066	23.818039
41470.25	104.415466	23.819016
41470.29167	104.425629	23.818527
41470.33333	104.43602	23.816086
41470.375	104.576721	23.815628
41470.41667	104.662376	23.815079
41470.45833	104.701469	23.815628
41470.5	104.613335	23.81218
41470.54167	104.620209	23.811172
41470.58333	104.629356	23.811172
41470.625	104.675117	23.807266
41470.66667	104.529854	23.80629
41470.70833	104.470383	23.804825
41470.75	104.390289	23.80336
41470.79167	104.301247	23.80336
41470.83333	104.191391	23.801407
41470.875	104.312477	23.800919
41470.91667	104.408699	23.799454
41470.95833	104.461296	23.797012
41471	104.385567	23.798477
41471.04167	104.422241	23.793564
41471.08333	104.33548	23.794022
41471.125	104.356064	23.793076
41471.16667	104.271309	23.791611
41471.20833	104.193497	23.790634
41471.25	104.271309	23.788193
41471.29167	104.351234	23.786728
41471.33333	104.43364	23.784256
41471.375	104.491035	23.784744
41471.41667	104.52523	23.782791
41471.45833	104.531998	23.783279
41471.5	104.427002	23.782791
41471.54167	104.356064	23.781784
41471.58333	104.472427	23.778397
41471.625	104.545647	23.776901
41471.66667	104.388115	23.773483
41471.70833	104.319389	23.77449
41471.75	104.234734	23.772018
41471.79167	104.078979	23.773483
41471.83333	104.017227	23.771042
41471.875	104.003647	23.767624
41471.91667	104.035698	23.769608
41471.95833	104.001434	23.768112
41472	103.89164	23.767136
41472.04167	104.049278	23.764664
41472.08333	104.028824	23.766159
41472.125	104.063087	23.763687
41472.16667	103.990005	23.762222
41472.20833	103.974014	23.759323
41472.25	103.919029	23.760269
41472.29167	103.873138	23.757339
41472.33333	103.738365	23.756851
41472.375	103.79998	23.755386
41472.41667	103.871025	23.754379
41472.45833	103.937332	23.753922
41472.5	104.07003	23.752426
41472.54167	104.346878	23.749985
41472.58333	104.403969	23.749496
41472.625	104.522949	23.747543
41472.66667	104.41996	23.746567
41472.70833	104.41996	23.748489
41472.75	104.211868	23.74559
41472.79167	104.077003	23.744095
41472.83333	103.90522	23.744095
41472.875	103.827705	23.7397
41472.91667	103.740707	23.741196
41472.95833	103.730415	23.7397
41473	103.893822	23.735764
41473.04167	103.923424	23.737747
41473.08333	103.957817	23.73436
41473.125	103.9431	23.732864
41473.16667	103.852654	23.732346
41473.20833	103.797836	23.731369
41473.25	103.708595	23.729904
41473.29167	103.681274	23.731888
41473.33333	103.500336	23.727982
41473.375	103.45002	23.726974
41473.41667	103.507141	23.72551
41473.45833	103.622871	23.721603
41473.5	103.803436	23.723068
41473.54167	104.00811	23.719131
41473.58333	104.166046	23.721603
41473.625	104.025269	23.717697
41473.66667	104.004784	23.720627
41473.70833	103.936195	23.717178
41473.75	103.793175	23.715744
41473.79167	103.532318	23.715744
41473.83333	103.357689	23.711807
41473.875	103.403549	23.714249
41473.91667	103.312729	23.710342
41473.95833	103.254837	23.708359
41474	103.250008	23.709854
41474.04167	103.25943	23.706955
41474.08333	103.323227	23.706406
41474.125	103.21122	23.707901
41474.16667	103.220367	23.702499
41474.20833	103.215942	23.702499
41474.25	103.140381	23.700546
41474.29167	103.165489	23.69957
41474.33333	103.167938	23.696671
41474.375	103.227211	23.695175
41474.41667	103.266129	23.69957
41474.45833	103.30703	23.694656
41474.5	103.256844	23.694199
41474.54167	103.375862	23.691727
41474.58333	103.359665	23.692734
41474.625	103.29808	23.692734
41474.66667	103.275253	23.692245
41474.70833	103.234146	23.686844
41474.75	103.07621	23.68779
41474.79167	103.019356	23.687332
41474.83333	102.998634	23.685867
41474.875	103.089989	23.684891
41474.91667	103.295937	23.684402
41474.95833	103.398888	23.683426
41475	103.474358	23.680954
41475.04167	103.520081	23.680496
41475.08333	103.531448	23.677536
41475.125	103.481461	23.678055
41475.16667	103.467247	23.678055
41475.20833	103.478783	23.676102
41475.25	103.50647	23.67363
41475.29167	103.620728	23.674606
41475.33333	103.826431	23.671677
41475.375	103.945412	23.670212
41475.41667	104.020912	23.67067
41475.45833	103.959061	23.66777
41475.5	103.803436	23.667252
41475.54167	103.620728	23.665817
41475.58333	103.387428	23.665817
41475.625	103.382668	23.665817
41475.66667	103.302773	23.66188
41475.70833	103.266129	23.661392
41475.75	103.142662	23.661392
41475.79167	103.023613	23.659927
41475.83333	103.02153	23.658463
41475.875	103.062737	23.658981
41475.91667	103.218262	23.652115
41475.95833	103.256111	23.656998
41476	103.308609	23.655533
41476.04167	103.332542	23.656021
41476.08333	103.293587	23.653091
41476.125	103.231873	23.651596
41476.16667	103.159988	23.649643
41476.20833	103.206589	23.651596
41476.25	103.176857	23.647659
41476.29167	103.368149	23.648209
41476.33333	103.414986	23.648209
41476.375	103.496216	23.644272
41476.41667	103.647278	23.64476
41476.45833	103.518944	23.642319
41476.5	103.396507	23.641861
41476.54167	103.160866	23.642319
41476.58333	102.995522	23.639847
41476.625	102.986099	23.639389
41476.66667	102.93145	23.637405
41476.70833	102.852264	23.632523
41476.75	102.877274	23.636429
41476.79167	102.798927	23.632523
41476.83333	102.798927	23.632523
41476.875	103.050331	23.63353
41476.91667	103.134918	23.632034
41476.95833	103.308609	23.630081
41477	103.289032	23.62764
41477.04167	103.221848	23.628616
41477.08333	103.219467	23.628616
41477.125	103.228554	23.630081
41477.16667	103.217285	23.624191
41477.20833	103.256111	23.626633
41477.25	103.306427	23.622726
41477.29167	103.406967	23.625687
41477.33333	103.445824	23.621262
41477.375	103.30204	23.619308
41477.41667	103.311089	23.619308
41477.45833	103.251579	23.618332
41477.5	103.176048	23.617813
41477.54167	102.942848	23.612961
41477.58333	102.759972	23.616867
41477.625	102.645782	23.614914
41477.66667	102.604446	23.612442
41477.70833	102.556442	23.612442
41477.75	102.483223	23.610001
41477.79167	102.505989	23.610977
41477.83333	102.640991	23.612442
41477.875	102.837646	23.606125
41477.91667	102.9748	23.607071
41477.95833	103.084625	23.606583
41478	103.134918	23.605606
41478.04167	103.059616	23.603653
41478.08333	103.029778	23.6017
41478.125	102.947372	23.603653
41478.16667	102.924278	23.603134
41478.20833	102.981804	23.602188
41478.25	103.064041	23.6017
41478.29167	103.009064	23.597305
41478.33333	102.892532	23.597794
41478.375	102.860512	23.59584
41478.41667	102.787224	23.59584
41478.45833	102.656982	23.593857
41478.5	102.478729	23.59584
41478.54167	102.272987	23.594864
41478.58333	102.117195	23.593399
41478.625	102.144852	23.59285
41478.66667	102.083069	23.591446
41478.70833	102.032715	23.590439
41478.75	101.950378	23.588486
41478.79167	101.943672	23.587021
41478.83333	101.85215	23.588486
41478.875	101.939079	23.585556
41478.91667	101.961777	23.586014
41478.95833	102.144852	23.581619
41479	102.151695	23.584549
41479.04167	102.11512	23.582626
41479.08333	102.076195	23.581131
41479.125	101.948265	23.585068
41479.16667	101.961777	23.581619
41479.20833	101.925232	23.579178
41479.25	101.934486	23.580154
41479.29167	102.041832	23.581131
41479.33333	102.076195	23.576279
41479.375	102.078545	23.573837
41479.41667	102.174591	23.573288
41479.45833	102.046394	23.575272
41479.5	101.910919	23.570389
41479.54167	101.789894	23.572342
41479.58333	101.874847	23.571365
41479.625	101.817719	23.570389
41479.66667	101.709534	23.570389
41479.70833	101.744095	23.568893
41479.75	101.61895	23.569901
41479.79167	101.469559	23.567947
41479.83333	101.404022	23.56694
41479.875	101.384911	23.568436
41479.91667	101.451859	23.565475
41479.95833	101.471977	23.563034
41480	101.45649	23.563553
41480.04167	101.471977	23.562057
41480.08333	101.421791	23.55864
41480.125	101.387489	23.559616
41480.16667	101.371803	23.560104
41480.20833	101.350815	23.55864
41480.25	101.346626	23.557175
41480.29167	101.344414	23.557663
41480.33333	101.348907	23.556686
41480.375	101.384911	23.55571
41480.41667	101.369156	23.553726
41480.45833	101.277702	23.55278
41480.5	101.335297	23.551773
41480.54167	101.389771	23.551285
41480.58333	101.414886	23.550827
41480.625	101.474426	23.550339
41480.66667	101.563866	23.550827
41480.70833	101.51368	23.550339
41480.75	101.286888	23.54982
41480.79167	101.20002	23.547867
41480.83333	101.076279	23.546432
41480.875	101.058647	23.544449
41480.91667	100.978287	23.545883
41480.95833	100.994247	23.542496
41481	101.007889	23.542007
41481.04167	101.012352	23.542007
41481.08333	100.989517	23.542984
41481.125	101.076279	23.541519
41481.16667	101.072189	23.539047
41481.20833	101.037628	23.539566
41481.25	100.953079	23.539047
41481.29167	100.920959	23.536148
41481.33333	100.932388	23.537094
41481.375	100.900345	23.53566
41481.41667	100.888977	23.5327
41481.45833	100.866043	23.533707
41481.5	100.987106	23.533707
41481.54167	101.129051	23.531723
41481.58333	101.288933	23.533188
41481.625	101.389771	23.530746
41481.66667	101.339287	23.530746
41481.70833	101.247993	23.528793
41481.75	101.124519	23.52977
41481.79167	100.985023	23.526321
41481.83333	100.870735	23.52977
41481.875	100.834198	23.524399
41481.91667	100.822731	23.527817
41481.95833	100.843315	23.525864
41482	100.863869	23.52388
41482.04167	100.808952	23.524399
41482.08333	100.852264	23.523422
41482.125	100.918846	23.522415
41482.16667	100.825012	23.520493
41482.20833	100.89592	23.520493
41482.25	100.797455	23.520981
41482.29167	100.799835	23.519028
41482.33333	100.815857	23.518509
41482.375	100.715347	23.516068
41482.41667	100.735764	23.516586
41482.45833	100.783775	23.516586
41482.5	101.023949	23.518021
41482.54167	101.081009	23.514603
41482.58333	101.106186	23.513626
41482.625	101.181717	23.510696
41482.66667	101.147423	23.513138
41482.70833	101.088051	23.510696
41482.75	100.94828	23.511673
41482.79167	100.827255	23.511185
41482.83333	100.623764	23.511673
41482.875	100.6008	23.506302
41482.91667	100.653427	23.505814
41482.95833	100.591911	23.504318
41483	100.591911	23.504318
41483.04167	100.653427	23.505295
41483.08333	100.591911	23.505295
41483.125	100.6306	23.504318
41483.16667	100.534584	23.502853
41483.20833	100.616852	23.501877
41483.25	100.470749	23.499466
41483.29167	100.418015	23.501877
41483.33333	100.353989	23.499924
41483.375	100.372292	23.497971
41483.41667	100.31295	23.499924
41483.45833	100.399612	23.498947
41483.5	100.520805	23.497025
41483.54167	100.68541	23.497025
41483.58333	100.735764	23.495529
41483.625	100.785751	23.491592
41483.66667	100.678741	23.494553
41483.70833	100.660339	23.492081
41483.75	100.560028	23.493576
41483.79167	100.338058	23.491135
41483.83333	100.207649	23.493576
41483.875	100.235176	23.490158
41483.91667	100.194138	23.488693
41483.95833	100.14093	23.490646
41484	100.170975	23.489639
41484.04167	100.179924	23.487717
41484.08333	100.164001	23.486252
41484.125	100.123032	23.484756
41484.16667	100.139191	23.48381
41484.20833	100.10714	23.482803
41484.25	100.07489	23.482803
41484.29167	100.015381	23.48085
41484.33333	99.937805	23.483292
41484.375	100.03389	23.478409
41484.41667	99.949509	23.479355
41484.45833	99.981056	23.478409
41484.5	100.109421	23.479904
41484.54167	100.184647	23.479355
41484.58333	100.335716	23.474991
41484.625	100.338058	23.477463
41484.66667	100.294548	23.476944
41484.70833	100.216904	23.476456
41484.75	100.10714	23.474472
41484.79167	99.91481	23.472031
41484.83333	99.839813	23.470596
41484.875	99.793648	23.470596
41484.91667	99.775513	23.470078
41484.95833	99.70005	23.471085
41485	99.784599	23.469131
41485.04167	99.764046	23.46666
41485.08333	99.830528	23.46962
41485.125	99.869347	23.467636
41485.16667	99.834885	23.468155
41485.20833	99.821106	23.465195
41485.25	99.690826	23.462265
41485.29167	99.649628	23.462753
41485.33333	99.734207	23.4608
41485.375	99.722809	23.4608
41485.41667	99.677147	23.46373
41485.45833	99.759254	23.459793
41485.5	99.754761	23.45787
41485.54167	100.024399	23.457352
41485.58333	100.083939	23.45787
41485.625	100.090813	23.457352
41485.66667	100.038177	23.457352
41485.70833	99.978874	23.455887
41485.75	99.807259	23.45491
41485.79167	99.633698	23.455887
41485.83333	99.562897	23.453476
41485.875	99.517097	23.451004
41485.91667	99.514786	23.451492
41485.95833	99.432587	23.449051
41486	99.489914	23.44957
41486.04167	99.528503	23.452011
41486.08333	99.599472	23.44957
41486.125	99.553741	23.44957
41486.16667	99.485115	23.450058
41486.20833	99.467018	23.446121
41486.25	99.430305	23.445175
41486.29167	99.434731	23.445175
41486.33333	99.382332	23.446579
41486.375	99.350182	23.442215
41486.41667	99.400703	23.44368
41486.45833	99.402878	23.439743
41486.5	99.544525	23.442703
41486.54167	99.681709	23.439285
41486.58333	99.809708	23.439743
41486.625	99.891846	23.441238
41486.66667	99.88517	23.435867
41486.70833	99.843903	23.438309
41486.75	99.661026	23.438309
41486.79167	99.52166	23.436844
41486.83333	99.368584	23.434402
41486.875	99.304588	23.433914
41486.91667	99.306633	23.432907
41486.95833	99.293221	23.432907
41487	99.343544	23.431931
41487.04167	99.311188	23.432449
41487.08333	99.380051	23.430008
41487.125	99.421219	23.429001
41487.16667	99.373009	23.428055
41487.20833	99.277229	23.429489
41487.25	99.231567	23.427017
41487.29167	99.155907	23.424606
41487.33333	99.114799	23.426559
41487.375	99.096634	23.426071
41487.41667	99.192612	23.424606
41487.45833	99.10112	23.424118
41487.5	99.210815	23.421219
41487.54167	99.39135	23.419205
41487.58333	99.459908	23.42067
41487.625	99.585663	23.418747
41487.66667	99.572182	23.418228
41487.70833	99.441673	23.416763
41487.75	99.252083	23.414322
41487.79167	99.094353	23.414841
41487.83333	99.002998	23.418747
41487.875	98.968597	23.414841
41487.91667	98.970947	23.412369
41487.95833	98.948112	23.414322
41488	98.95948	23.412369
41488.04167	98.925186	23.41188
41488.08333	98.955025	23.407455
41488.125	98.938965	23.407974
41488.16667	98.95948	23.409927
41488.20833	98.88636	23.407974
41488.25	98.922768	23.406509
41488.29167	99.034813	23.409439
41488.33333	99.044128	23.406021
41488.375	99.192612	23.40358
41488.41667	99.277229	23.405045
41488.45833	99.224632	23.405533
41488.5	99.203979	23.40062
41488.54167	99.304588	23.401657
41488.58333	99.192612	23.40062
41488.625	99.110107	23.39772
41488.66667	99.185638	23.400162
41488.70833	99.123886	23.398666
41488.75	99.064713	23.396744
41488.79167	98.872681	23.395767
41488.83333	98.742302	23.396744
41488.875	98.941139	23.397202
41488.91667	98.952477	23.395279
41488.95833	99.050835	23.39476
41489	99.057709	23.392807
41489.04167	99.181084	23.39183
41489.08333	99.181084	23.389389
41489.125	99.171997	23.390884
41489.16667	99.208702	23.388412
41489.20833	99.249672	23.385971
41489.25	99.277229	23.385483
41489.29167	99.384575	23.384506
41489.33333	99.485115	23.38649
41489.375	99.57869	23.384506
41489.41667	99.61087	23.381546
41489.45833	99.491722	23.381058
41489.5	99.334389	23.381546
41489.54167	99.245247	23.379623
41489.58333	99.075813	23.37764
41489.625	98.97319	23.37764
41489.66667	98.895447	23.379105
41489.70833	98.883949	23.378159
41489.75	98.852203	23.376205
41489.79167	98.735466	23.376205
41489.83333	98.747002	23.373276
41489.875	98.737816	23.370804
41489.91667	98.842712	23.372269
41489.95833	98.943291	23.372269
41490	98.92981	23.370346
41490.04167	98.900078	23.368332
41490.08333	98.81321	23.369827
41490.125	98.847504	23.367386
41490.16667	98.762856	23.367386
41490.20833	98.733253	23.366928
41490.25	98.769562	23.365433
41490.29167	98.769562	23.365433
41490.33333	99.009666	23.363968
41490.375	99.162643	23.362503
41490.41667	99.188087	23.361984
41490.45833	99.245216	23.361038
41490.5	98.9459	23.36055
41490.54167	98.815628	23.359573
41490.58333	98.69651	23.358078
41490.625	98.666878	23.356155
41490.66667	98.655373	23.355148
41490.70833	98.639381	23.357101
41490.75	98.520569	23.357101
41490.79167	98.470215	23.355148
41490.83333	98.399483	23.35466
41490.875	98.404037	23.352219
41490.91667	98.374435	23.35466
41490.95833	98.358513	23.350266
41491	98.29451	23.350266
41491.04167	98.374435	23.346878
41491.08333	98.29213	23.349319
41491.125	98.340141	23.350266
41491.16667	98.210098	23.345383
41491.20833	98.2397	23.345383
41491.25	98.273926	23.345871
41491.29167	98.321732	23.342453
41491.33333	98.495529	23.344894
41491.375	98.596001	23.344894
41491.41667	98.671265	23.339035
41491.45833	98.596001	23.340988
41491.5	98.520569	23.338058
41491.54167	98.452148	23.341476
41491.58333	98.433739	23.336105
41491.625	98.506889	23.338516
41491.66667	98.449867	23.336105
41491.70833	98.399483	23.338058
41491.75	98.241776	23.336105
41491.79167	98.161957	23.331223
41491.83333	98.04995	23.332199
41491.875	97.992722	23.333633
41491.91667	97.954063	23.33168
41491.95833	98.001869	23.33168
41492	97.974281	23.33168
41492.04167	98.04995	23.330215
41492.08333	98.017929	23.327774
41492.125	98.068184	23.326309
41492.16667	97.951485	23.324844
41492.20833	97.988327	23.325363
41492.25	97.894356	23.325363
41492.29167	97.812057	23.323868
41492.33333	97.997314	23.321426
41492.375	98.095642	23.321915
41492.41667	98.084175	23.32045
41492.45833	98.043144	23.318008
41492.5	97.974281	23.319931
41492.54167	98.088806	23.316055
41492.58333	98.118538	23.31749
41492.625	98.175667	23.314072
41492.66667	98.186928	23.316055
41492.70833	98.05471	23.31749
41492.75	97.999725	23.315048
41492.79167	97.866966	23.311661
41492.83333	97.741386	23.313583
41492.875	97.684326	23.313583
41492.91667	97.6978	23.313095
41492.95833	97.696022	23.309677
41493	97.670448	23.307755
41493.04167	97.700249	23.309219
41493.08333	97.675339	23.307236
41493.125	97.672928	23.309219
41493.16667	97.688881	23.306747
41493.20833	97.663605	23.305313
41493.25	97.551765	23.3004
41493.29167	97.645271	23.301376
41493.33333	97.682076	23.3004
41493.375	97.636047	23.301865
41493.41667	97.709602	23.3004
41493.45833	97.718552	23.296005
41493.5	97.707085	23.298447
41493.54167	97.787445	23.296982
41493.58333	97.864922	23.296982
41493.625	97.942398	23.295486
41493.66667	97.917557	23.295486
41493.70833	97.782387	23.292099
41493.75	97.684494	23.293076
41493.79167	97.544861	23.290146
41493.83333	97.37606	23.290634
41493.875	97.469398	23.292099
41493.91667	97.396614	23.288651
41493.95833	97.3713	23.289139
41494	97.421722	23.285751
41494.04167	97.449013	23.288193
41494.08333	97.433189	23.285233
41494.125	97.391617	23.289139
41494.16667	97.39209	23.285233
41494.20833	97.3647	23.281357
41494.25	97.377808	23.280838
41494.29167	97.378242	23.283798
41494.33333	97.492661	23.279861
41494.375	97.524307	23.281357
41494.41667	97.526627	23.278366
41494.45833	97.520088	23.276474
41494.5	97.462959	23.276474
41494.54167	97.508553	23.276474
41494.58333	97.561188	23.276932
41494.625	97.654892	23.276474
41494.66667	97.613586	23.275467
41494.70833	97.57473	23.274002
41494.75	97.394333	23.271561
41494.79167	97.334862	23.273026
41494.83333	97.216148	23.271072
41494.875	97.138573	23.270584
41494.91667	97.092743	23.26619
41494.95833	97.145378	23.266647
41495	97.209412	23.265701
41495.04167	97.140785	23.264725
41495.08333	97.156807	23.266647
41495.125	97.145378	23.264725
41495.16667	97.142929	23.263229
41495.20833	97.099518	23.262253
41495.25	97.051476	23.262741
41495.29167	97.095024	23.261795
41495.33333	97.062943	23.2603
41495.375	97.13401	23.2603
41495.41667	97.129349	23.25737
41495.45833	97.115402	23.257858
41495.5	97.122246	23.256912
41495.54167	97.21833	23.255905
41495.58333	97.337143	23.255905
41495.625	97.382835	23.253464
41495.66667	97.346527	23.253952
41495.70833	97.332649	23.251022
41495.75	97.154427	23.251999
41495.79167	97.106491	23.25148
41495.83333	96.978455	23.251022
41495.875	96.93293	23.247604
41495.91667	96.845901	23.248581
41495.95833	96.889244	23.24614
41496	96.907417	23.245163
41496.04167	96.850494	23.245651
41496.08333	96.820892	23.245163
41496.125	96.852875	23.245163
41496.16667	96.855049	23.242722
41496.20833	96.84127	23.239304
41496.25	96.845901	23.24321
41496.29167	96.788742	23.240738
41496.33333	96.811806	23.241257
41496.375	96.836716	23.237808
41496.41667	96.859711	23.238327
41496.45833	96.836716	23.237808
41496.5	96.859711	23.238815
41496.54167	97.024216	23.235367
41496.58333	97.033333	23.236374
41496.625	97.028778	23.235367
41496.66667	97.069748	23.235367
41496.70833	97.015099	23.234421
41496.75	96.921532	23.232925
41496.79167	96.80014	23.230515
41496.83333	96.635628	23.230972
41496.875	96.521675	23.229507
41496.91667	96.599289	23.229507
41496.95833	96.660873	23.228531
41497	96.564857	23.228531
41497.04167	96.635628	23.227554
41497.08333	96.619774	23.225082
41497.125	96.649406	23.219254
41497.16667	96.660873	23.222183
41497.20833	96.583099	23.220718
41497.25	96.546455	23.2202
41497.29167	96.500893	23.221207
41497.33333	96.494087	23.221695
41497.375	96.49868	23.219742
41497.41667	96.521675	23.218796
41497.45833	96.530693	23.216324
41497.5	96.603851	23.217789
41497.54167	96.692688	23.214859
41497.58333	96.850494	23.215347
41497.625	96.864304	23.211929
41497.66667	96.90078	23.214859
41497.70833	96.850494	23.213364
41497.75	96.761284	23.213364
41497.79167	96.608742	23.209976
41497.83333	96.489525	23.209976
41497.875	96.391296	23.208023
41497.91667	96.336418	23.208023
41497.95833	96.334206	23.207047
41498	96.388885	23.20607
41498.04167	96.334206	23.202133
41498.08333	96.420967	23.20607
41498.125	96.420967	23.204086
41498.16667	96.373062	23.205551
41498.20833	96.322708	23.202133
41498.25	96.299812	23.201187
41498.29167	96.322708	23.201187
41498.33333	96.249725	23.201645
41498.375	96.224548	23.198227
41498.41667	96.205971	23.200668
41498.45833	96.228973	23.198715
41498.5	96.359146	23.197739
41498.54167	96.434746	23.194809
41498.58333	96.55809	23.193802
41498.625	96.613098	23.195297
41498.66667	96.530693	23.192368
41498.70833	96.42794	23.191391
41498.75	96.322708	23.190414
41498.79167	96.192398	23.190903
41498.83333	96.126183	23.191391
41498.875	96.0354	23.189926
41498.91667	96.027855	23.187973
41498.95833	96.058296	23.186966
41499	96.08284	23.184525
41499.04167	96.103424	23.187515
41499.08333	96.026245	23.18306
41499.125	96.027855	23.184067
41499.16667	96.025711	23.18306
41499.20833	95.975357	23.182083
41499.25	96.002708	23.181137
41499.29167	96.110161	23.180161
41499.33333	96.178688	23.179184
41499.375	96.259209	23.179184
41499.41667	96.201485	23.178177
41499.45833	96.243423	23.175766
41499.5	96.172417	23.177689
41499.54167	96.204033	23.174789
41499.58333	96.2342	23.176743
41499.625	96.284554	23.174789
41499.66667	96.370712	23.17186
41499.70833	96.313721	23.172806
41499.75	96.190147	23.172806
41499.79167	96.087433	23.171341
41499.83333	95.859627	23.172348
41499.875	95.87542	23.167953
41499.91667	95.838974	23.169907
41499.95833	95.836632	23.167435
41500	95.836029	23.167435
41500.04167	95.836632	23.167953
41500.08333	95.829758	23.16597
41500.125	95.782082	23.16597
41500.16667	95.825432	23.163528
41500.20833	95.85051	23.161087
41500.25	95.747551	23.163071
41500.29167	95.692741	23.16011
41500.33333	95.701996	23.16011
41500.375	95.841522	23.158157
41500.41667	95.864052	23.159622
41500.45833	95.87542	23.156235
41500.5	95.765961	23.157181
41500.54167	95.848091	23.155197
41500.58333	95.914276	23.155716
41500.625	95.921013	23.153244
41500.66667	95.923561	23.152786
41500.70833	95.763611	23.15181
41500.75	95.701996	23.153244
41500.79167	95.562767	23.151352
41500.83333	95.537483	23.149368
41500.875	95.626526	23.148361
41500.91667	95.692741	23.147903
41500.95833	95.765961	23.147903
41501	95.7155	23.146896
41501.04167	95.822914	23.144974
41501.08333	95.731461	23.146408
41501.125	95.681274	23.144974
41501.16667	95.667526	23.143967
41501.20833	95.761269	23.143509
41501.25	95.800117	23.144974
41501.29167	95.861641	23.142014
41501.33333	95.978371	23.143021
41501.375	96.051422	23.138626
41501.41667	96.179291	23.139603
41501.45833	96.154144	23.138626
41501.5	95.936935	23.137619
41501.54167	95.829758	23.135178
41501.58333	95.768173	23.137619
41501.625	95.777489	23.133713
41501.66667	95.809372	23.138107
41501.70833	95.72261	23.134689
41501.75	95.610672	23.134689
41501.79167	95.546738	23.130295
41501.83333	95.471306	23.132736
41501.875	95.487228	23.131271
41501.91667	95.366035	23.130295
41501.95833	95.398224	23.130295
41502	95.359062	23.129349
41502.04167	95.44838	23.1259
41502.08333	95.482536	23.126907
41502.125	95.466751	23.123947
41502.16667	95.409386	23.1259
41502.20833	95.532829	23.124954
41502.25	95.478111	23.122513
41502.29167	95.377571	23.122513
41502.33333	95.149101	23.121964
41502.375	95.114838	23.121964
41502.41667	95.219971	23.122971
41502.45833	95.251717	23.118088
41502.5	95.47657	23.115646
41502.54167	95.830627	23.119522
41502.58333	95.813896	23.121017
41502.625	95.825432	23.118088
41502.66667	95.809372	23.119522
41502.70833	95.681274	23.115646
41502.75	95.546738	23.115158
41502.79167	95.327385	23.116623
41502.83333	95.123985	23.110245
41502.875	95.076012	23.110245
41502.91667	95.055328	23.112198
41502.95833	95.016441	23.10878
41503	95.028008	23.110245
41503.04167	95.021202	23.10878
41503.08333	94.950432	23.110245
41503.125	94.947884	23.107346
41503.16667	94.938896	23.106369
41503.20833	94.973228	23.104904
41503.25	94.911407	23.103409
41503.29167	94.980103	23.105881
41503.33333	95.069008	23.102921
41503.375	95.350082	23.102921
41503.41667	95.480194	23.103897
41503.45833	95.439125	23.100967
41503.5	95.259628	23.10051
41503.54167	95.203911	23.100967
41503.58333	95.168144	23.099503
41503.625	95.210716	23.099014
41503.66667	95.11953	23.098526
41503.70833	95.050636	23.099014
41503.75	94.881805	23.099014
41503.79167	94.91597	23.09462
41503.83333	95.026299	23.098526
41503.875	95.090462	23.095627
41503.91667	95.164993	23.09462
41503.95833	95.115509	23.095627
41504	95.088181	23.091232
41504.04167	95.080605	23.090714
41504.08333	95.012817	23.091232
41504.125	94.989891	23.092178
41504.16667	94.970917	23.093643
41504.20833	94.971886	23.090714
41504.25	95.13549	23.089249
41504.29167	95.370628	23.088272
41504.33333	95.47657	23.088272
41504.375	95.514656	23.084854
41504.41667	95.480995	23.084854
41504.45833	95.407982	23.083908
41504.5	95.267944	23.083908
41504.54167	95.085938	23.085831
41504.58333	94.983147	23.083359
41504.625	94.983147	23.083908
41504.66667	94.905205	23.082901
41504.70833	94.868965	23.082901
41504.75	94.76078	23.078964
41504.79167	94.736572	23.078964
41504.83333	94.667778	23.080948
41504.875	94.773148	23.078018
41504.91667	94.872551	23.076065
41504.95833	94.823471	23.080948
41505	94.828033	23.076523
41505.04167	94.83004	23.078476
41505.08333	94.736572	23.0746
41505.125	94.766113	23.075089
41505.16667	94.734261	23.076523
41505.20833	94.800369	23.072159
41505.25	94.793564	23.070206
41505.29167	95.005913	23.074081
41505.33333	95.090462	23.073624
41505.375	95.184067	23.069199
41505.41667	95.396645	23.070206
41505.45833	95.213669	23.067764
41505.5	94.939705	23.070694
41505.54167	94.876038	23.068253
41505.58333	94.768593	23.067764
41505.625	94.622353	23.068741
41505.66667	94.63369	23.065781
41505.70833	94.599655	23.066299
41505.75	94.574348	23.064804
41505.79167	94.467003	23.066299
41505.83333	94.430428	23.062881
41505.875	94.462509	23.065781
41505.91667	94.512695	23.061417
41505.95833	94.533211	23.058975
41506	94.503639	23.061417
41506.04167	94.444206	23.060898
41506.08333	94.496666	23.061417
41506.125	94.455734	23.059921
41506.16667	94.444206	23.059921
41506.20833	94.505753	23.05751
41506.25	94.608742	23.057022
41506.29167	94.846001	23.056503
41506.33333	94.948853	23.057022
41506.375	95.138504	23.057022
41506.41667	95.277733	23.056015
41506.45833	95.161232	23.055069
41506.5	94.862122	23.054062
41506.54167	94.736572	23.053604
41506.58333	94.519569	23.053085
41506.625	94.48745	23.053604
41506.66667	94.425797	23.052109
41506.70833	94.293541	23.052628
41506.75	94.282112	23.049179
41506.79167	94.352745	23.048691
41506.83333	94.375542	23.051132
41506.875	94.544647	23.048691
41506.91667	94.647331	23.047714
41506.95833	94.781998	23.046738
41507	94.866615	23.051132
41507.04167	94.731812	23.047226
41507.08333	94.729599	23.046249
41507.125	94.508133	23.044785
41507.16667	94.451073	23.046738
41507.20833	94.430428	23.044296
41507.25	94.482956	23.043808
41507.29167	94.667778	23.043808
41507.33333	94.876038	23.044785
41507.375	94.907555	23.042343
41507.41667	95.090462	23.043808
41507.45833	94.898666	23.04039
41507.5	94.665771	23.039902
41507.54167	94.494392	23.039902
41507.58333	94.254448	23.038437
41507.625	94.22274	23.038925
41507.66667	94.071838	23.03746
41507.70833	94.108452	23.037949
41507.75	94.039993	23.036972
41507.79167	94.037743	23.037949
41507.83333	94.099228	23.035995
41507.875	94.131279	23.036972
41507.91667	94.286537	23.033524
41507.95833	94.402931	23.035995
41508	94.42144	23.034531
41508.04167	94.51722	23.035507
41508.08333	94.540253	23.031631
41508.125	94.508133	23.034531
41508.16667	94.416748	23.033524
41508.20833	94.41433	23.031113
41508.25	94.508133	23.031631
41508.29167	94.647331	23.034073
41508.33333	94.855217	23.031113
41508.375	94.709015	23.032578
41508.41667	94.631439	23.030136
41508.45833	94.553665	23.02916
41508.5	94.393951	23.031631
41508.54167	94.147171	23.029648
41508.58333	93.994232	23.027206
41508.625	93.902908	23.027695
41508.66667	93.83194	23.028641
41508.70833	93.814903	23.026718
41508.75	93.695961	23.028183
41508.79167	93.701958	23.023758
41508.83333	93.834351	23.028641
41508.875	93.914307	23.024765
41508.91667	93.997581	23.024246
41508.95833	94.201988	23.025253
41509	94.153946	23.024765
41509.04167	94.183884	23.024765
41509.08333	94.142746	23.0233
41509.125	94.112808	23.025253
41509.16667	94.071838	23.021805
41509.20833	94.135841	23.022354
41509.25	94.33226	23.021347
41509.29167	94.521881	23.021347
41509.33333	94.48745	23.021805
41509.375	94.39167	23.018906
41509.41667	94.342323	23.021347
41509.45833	94.231651	23.021347
41509.5	93.874275	23.018417
41509.54167	93.742928	23.018417
41509.58333	93.63102	23.017899
41509.625	93.6334	23.016922
41509.66667	93.489578	23.018906
41509.70833	93.400337	23.017441
41509.75	93.420921	23.018417
41509.79167	93.305527	23.017899
41509.83333	93.398125	23.017441
41509.875	93.430038	23.016464
41509.91667	93.567024	23.016464
41509.95833	93.625252	23.015488
41510	93.672325	23.015488
41510.04167	93.628876	23.012527
41510.08333	93.507782	23.015488
41510.125	93.487129	23.014023
41510.16667	93.424339	23.014969
41510.20833	93.461922	23.011581
41510.25	93.593376	23.013046
41510.29167	93.806793	23.011581
41510.33333	94.017159	23.011581
41510.375	94.138123	23.008163
41510.41667	94.052429	23.014969
41510.45833	93.948402	23.011093
41510.5	93.695091	23.010605
41510.54167	93.387695	23.008621
41510.58333	93.317932	23.008621
41510.625	93.246223	23.008163
41510.66667	93.176559	23.009628
41510.70833	93.182487	23.010605
41510.75	93.139946	23.00914
41510.79167	93.019058	23.006699
41510.83333	92.999817	23.008621
41510.875	93.022377	23.008163
41510.91667	92.998672	23.007645
41510.95833	93.011047	23.006699
41511	93.028145	23.008163
41511.04167	93.014427	23.00621
41511.08333	92.988251	23.005692
41511.125	93.00293	23.00621
41511.16667	92.982445	23.004257
41511.20833	92.951775	23.005692
41511.25	92.948318	23.00621
41511.29167	93.234955	23.002762
41511.33333	93.355782	23.004745
41511.375	93.335297	23.00325
41511.41667	93.39135	23.00325
41511.45833	93.319305	23.002304
41511.5	93.145882	23.00325
41511.54167	93.024857	23.001816
41511.58333	92.963173	23.002304
41511.625	93.006516	23.002304
41511.66667	92.949455	23.001816
41511.70833	92.923172	23.004257
41511.75	92.80101	23.001297
41511.79167	92.68914	23.000809
41511.83333	92.634323	23.001816
41511.875	92.609047	23.001297
41511.91667	92.666275	23.001297
41511.95833	92.647804	23.000809
41512	92.606934	23.002304
41512.04167	92.645485	22.999863
41512.08333	92.638885	22.999863
41512.125	92.611458	22.99791
41512.16667	92.608009	22.999344
41512.20833	92.518028	23.000351
41512.25	92.526909	22.996414
41512.29167	92.631874	22.997421
41512.33333	92.727821	22.997421
41512.375	92.879456	22.996902
41512.41667	92.812271	22.999344
41512.45833	92.75515	22.99791
41512.5	92.707512	22.999863
41512.54167	92.659302	22.996414
41512.58333	92.677742	22.99498
41512.625	92.796249	22.998886
41512.66667	92.737007	22.998886
41512.70833	92.730171	22.996902
41512.75	92.622894	22.99791
41512.79167	92.513168	22.997421
41512.83333	92.316772	22.996902
41512.875	92.30085	22.99791
41512.91667	92.214058	22.995926
41512.95833	92.293877	22.99498
41513	92.22773	22.994461
41513.04167	92.266655	22.995468
41513.08333	92.241577	22.996414
41513.125	92.24614	22.993973
41513.16667	92.218781	22.995468
41513.20833	92.186729	22.99791
41513.25	92.225517	22.994461
41513.29167	92.215126	22.996414
41513.33333	92.289551	22.997421
41513.375	92.376045	22.992538
41513.41667	92.319092	22.993027
41513.45833	92.348793	22.993484
41513.5	92.296127	22.991074
41513.54167	92.360153	22.993027
41513.58333	92.316772	22.992538
41513.625	92.492813	22.992538
41513.66667	92.446922	22.991531
41513.70833	92.373833	22.990555
41513.75	92.200241	22.990555
41513.79167	92.07251	22.993973
41513.83333	91.923996	22.993484
41513.875	92.04512	22.991531
41513.91667	92.0177	22.992538
41513.95833	91.997215	22.993027
41514	91.967415	22.992538
41514.04167	92.006371	22.99205
41514.08333	92.038284	22.992538
41514.125	92.120453	22.990555
41514.16667	92.061081	22.993027
41514.20833	92.049782	22.99205
41514.25	91.949341	22.987625
41514.29167	91.969727	22.991531
41514.33333	91.910454	22.991531
41514.375	91.921715	22.988632
41514.41667	91.935562	22.990067
41514.45833	91.978943	22.98909
41514.5	92.051964	22.987167
41514.54167	92.140968	22.987625
41514.58333	92.284897	22.989578
41514.625	92.383087	22.990067
41514.66667	92.376045	22.990067
41514.70833	92.360153	22.990555
41514.75	92.22773	22.990067
41514.79167	92.047401	22.988144
41514.83333	91.908142	22.987625
41514.875	91.812157	22.990067
41514.91667	91.793983	22.989578
41514.95833	91.768707	22.989578
41515	91.78936	22.989578
41515.04167	91.844208	22.988144
41515.08333	91.809776	22.98909
41515.125	91.819199	22.988632
41515.16667	91.899055	22.990067
41515.20833	91.882828	22.987625
41515.25	91.784904	22.986191
41515.29167	91.688889	22.989578
41515.33333	91.682114	22.986191
41515.375	91.627136	22.989578
41515.41667	91.684525	22.988144
41515.45833	91.695724	22.986649
41515.5	91.889801	22.985672
41515.54167	91.821274	22.984207
41515.58333	91.928825	22.988144
41515.625	92.033859	22.986649
41515.66667	91.944618	22.985184
41515.70833	91.860298	22.983749
41515.75	91.743767	22.987625
41515.79167	91.602188	22.984207
41515.83333	91.552002	22.988144
41515.875	91.520088	22.986191
41515.91667	91.490181	22.987625
41515.95833	91.470474	22.985672
41516	91.451431	22.986191
41516.04167	91.549721	22.983749
41516.08333	91.570877	22.984207
41516.125	91.590591	22.985184
41516.16667	91.513084	22.982742
41516.20833	91.455917	22.985184
41516.25	91.410393	22.985672
41516.29167	91.36235	22.985184
41516.33333	91.30526	22.984207
41516.375	91.303688	22.985672
41516.41667	91.392021	22.986191
41516.45833	91.437614	22.985184
41516.5	91.488037	22.985184
41516.54167	91.666092	22.987167
41516.58333	91.816887	22.985184
41516.625	91.764282	22.983261
41516.66667	91.66394	22.984207
41516.70833	91.679832	22.985184
41516.75	91.464943	22.985672
41516.79167	91.376068	22.985672
41516.83333	91.261978	22.982254
41516.875	91.204849	22.988144
41516.91667	91.197876	22.984695
41516.95833	91.161469	22.984695
41517	91.19339	22.982742
41517.04167	91.24807	22.985184
41517.08333	91.266373	22.984695
41517.125	91.264397	22.981766
41517.16667	91.24807	22.983749
41517.20833	91.186348	22.983749
41517.25	91.079201	22.983261
41517.29167	91.06321	22.982742
41517.33333	91.029045	22.982254
41517.375	91.04715	22.982254
41517.41667	91.120171	22.981277
41517.45833	91.113365	22.982254
41517.5	91.145348	22.981766
41517.54167	91.271065	22.980789
41517.58333	91.191208	22.983261
41517.625	91.266373	22.981766
41517.66667	91.262619	22.981277
41517.70833	91.14994	22.984207
41517.75	91.033607	22.983261
41517.79167	90.878189	22.981766
41517.83333	90.889748	22.983261
41517.875	90.912514	22.981766
41517.91667	90.898636	22.980789
41517.95833	90.876106	22.982254
41518	90.866783	22.981766
41518.04167	90.876106	22.981766
41518.08333	90.85331	22.981766
41518.125	90.864403	22.979813
41518.16667	90.80497	22.982254
41518.20833	90.83474	22.981277
41518.25	90.889748	22.978836
41518.29167	91.015305	22.982254
41518.33333	91.161469	22.978836
41518.375	91.25045	22.982742
41518.41667	91.317497	22.980789
41518.45833	91.21608	22.980301
41518.5	91.06321	22.980301
41518.54167	90.926193	22.981277
41518.58333	90.969505	22.979355
41518.625	90.990227	22.979355
41518.66667	90.957977	22.979813
41518.70833	90.873627	22.981766
41518.75	90.67952	22.980301
41518.79167	90.652092	22.977859
41518.83333	90.798462	22.980789
41518.875	90.90802	22.978836
41518.91667	90.951134	22.979355
41518.95833	90.946709	22.978348
41519	90.930885	22.979355
41519.04167	90.894142	22.978836
41519.08333	90.857666	22.979813
41519.125	90.855522	22.979813
41519.16667	90.876106	22.976913
41519.20833	90.940002	22.976395
41519.25	91.131638	22.976913
41519.29167	91.339485	22.978348
41519.33333	91.565514	22.977371
41519.375	91.775612	22.976395
41519.41667	91.746078	22.979813
41519.45833	91.488037	22.977859
41519.5	91.341805	22.976913
41519.54167	91.012955	22.980301
41519.58333	90.869064	22.979355
41519.625	90.844124	22.976913
41519.66667	90.725212	22.976913
41519.70833	90.656723	22.977859
41519.75	90.59034	22.979355
41519.79167	90.563255	22.978836
41519.83333	90.579308	22.974472
41519.875	90.722961	22.977371
41519.91667	90.78009	22.976913
41519.95833	90.80497	22.973953
41520	90.764198	22.978836
41520.04167	90.69561	22.976913
41520.08333	90.579308	22.974472
41520.125	90.585983	22.979355
41520.16667	90.478699	22.977371
41520.20833	90.50827	22.975876
41520.25	90.519737	22.975418
41520.29167	90.796181	22.975876
41520.33333	91.017586	22.975418
41520.375	91.072365	22.975876
41520.41667	91.012955	22.975876
41520.45833	90.885361	22.976395
41520.5	90.697891	22.973953
41520.54167	90.560837	22.975418
41520.58333	90.428413	22.977371
41520.625	90.387108	22.977371
41520.66667	90.385033	22.972488
41520.70833	90.32328	22.97493
41520.75	90.211342	22.976395
41520.79167	90.060745	22.97493
41520.83333	90.126892	22.974472
41520.875	90.284561	22.972977
41520.91667	90.284561	22.974472
41520.95833	90.28241	22.974472
41521	90.225151	22.972977
41521.04167	90.263977	22.973465
41521.08333	90.238831	22.974472
41521.125	90.136108	22.972977
41521.16667	90.1222	22.972
41521.20833	90.220726	22.974472
41521.25	90.387108	22.972
41521.29167	90.59745	22.973953
41521.33333	90.732147	22.971024
41521.375	90.837013	22.971512
41521.41667	90.802818	22.973465
41521.45833	90.66597	22.972977
41521.5	90.419395	22.972488
41521.54167	90.236549	22.973465
41521.58333	90.133827	22.973465
41521.625	90.069832	22.972977
41521.66667	91.587608	23.127365
41521.70833	91.465881	23.031113
41521.75	91.356316	23.010086
41521.79167	91.214775	22.999344
41521.83333	91.060966	22.996414
41521.875	90.992302	22.997421
41521.91667	90.994919	22.995468
41521.95833	90.944633	22.994461
41522	90.987808	22.993973
41522.04167	90.953552	22.993484
41522.08333	91.086037	22.995926
41522.125	91.056236	22.993484
41522.16667	91.040314	22.994461
41522.20833	90.942284	22.99498
41522.25	90.876106	22.995468
41522.29167	90.814522	22.993973
41522.33333	90.785156	22.994461
41522.375	90.802818	22.993484
41522.41667	90.833229	22.993973
41522.45833	90.793739	22.990067
41522.5	90.933235	22.993027
41522.54167	91.029045	22.993484
41522.58333	91.118088	22.992538
41522.625	91.129456	22.992538
41522.66667	91.065521	22.995468
41522.70833	91.049698	22.994461
41522.75	90.894814	22.991074
41522.79167	90.718536	22.991074
41522.83333	90.647667	22.990555
41522.875	90.647667	22.99205
41522.91667	90.554001	22.99205
41522.95833	90.588196	22.99205
41523	90.52198	22.992538
41523.04167	90.622726	22.992538
41523.08333	90.575188	22.993484
41523.125	90.547195	22.993027
41523.16667	90.570091	22.992538
41523.20833	90.517525	22.990555
41523.25	90.478699	22.992538
41523.29167	90.460297	22.988632
41523.33333	90.373466	22.993973
41523.375	90.407898	22.990555
41523.41667	90.455704	22.993027
41523.45833	90.414772	22.99205
41523.5	90.556343	22.990067
41523.54167	90.707008	22.993027
41523.58333	90.777946	22.98909
41523.625	90.821228	22.990067
41523.66667	90.839432	22.990555
41523.70833	90.782272	22.988144
41523.75	90.766281	22.993027
41523.79167	90.572372	22.991531
41523.83333	90.444641	22.990067
41523.875	90.357613	22.990555
41523.91667	90.330284	22.991531
41523.95833	90.362305	22.991531
41524	90.309639	22.989578
41524.04167	90.261696	22.991531
41524.08333	90.387718	22.990555
41524.125	90.385033	22.991074
41524.16667	90.32811	22.991074
41524.20833	90.250801	22.990555
41524.25	90.223007	22.988632
41524.29167	90.186264	22.991531
41524.33333	90.152069	22.988632
41524.375	90.209328	22.991531
41524.41667	90.111031	22.986649
41524.45833	90.133827	22.988632
41524.5	90.27993	22.990067
41524.54167	90.419395	22.990067
41524.58333	90.503845	22.991074
41524.625	90.544884	22.992538
41524.66667	90.490036	22.988144
41524.70833	90.533379	22.993973
41524.75	90.330284	22.991074
41524.79167	90.293579	22.990067
41524.83333	90.115524	22.986191
41524.875	90.072342	22.990067
41524.91667	90.063057	22.990555
41524.95833	90.01284	22.989578
41525	90.037979	22.989578
41525.04167	90.063057	22.990067
41525.08333	90.10865	22.988144
41525.125	90.129471	22.988144
41525.16667	90.156731	22.990067
41525.20833	90.01049	22.991074
41525.25	89.976295	22.990067
41525.29167	90.008247	22.987625
41525.33333	89.926041	22.988144
41525.375	89.905525	22.989578
41525.41667	89.987625	22.98909
41525.45833	89.971741	22.986649
41525.5	89.971741	22.989578
41525.54167	90.1978	22.98909
41525.58333	90.254791	22.990555
41525.625	90.394188	22.991074
41525.66667	90.341415	22.989578
41525.70833	90.344032	22.989578
41525.75	90.282516	22.98909
41525.79167	90.088272	22.988632
41525.83333	89.894028	22.990555
41525.875	89.875656	22.990555
41525.91667	89.825668	22.993484
41525.95833	89.816383	22.986649
41526	89.848434	22.992538
41526.04167	89.818695	22.990067
41526.08333	89.980789	22.991531
41526.125	89.976295	22.990555
41526.16667	89.946762	22.990067
41526.20833	89.848434	22.990555
41526.25	89.859795	22.991531
41526.29167	89.763847	22.990067
41526.33333	89.777893	22.991531
41526.375	89.759354	22.990555
41526.41667	89.79818	22.990067
41526.45833	89.887222	22.989578
41526.5	89.902946	22.990067
41526.54167	90.131516	22.991074
41526.58333	90.163467	22.99205
41526.625	90.241241	22.991074
41526.66667	90.172653	22.988632
41526.70833	90.106339	22.991074
41526.75	90.026581	22.991531
41526.79167	89.9533	22.99205
41526.83333	89.800591	22.993027
41526.875	89.747757	22.99205
41526.91667	89.709305	22.993484
41526.95833	89.720535	22.993973
41527	89.686371	22.991531
41527.04167	89.75473	22.993973
41527.08333	89.789261	22.993027
41527.125	89.782089	22.991531
41527.16667	89.800591	22.995468
41527.20833	89.70002	22.993027
41527.25	89.690765	22.993027
41527.29167	89.613152	22.991531
41527.33333	89.583588	22.993484
41527.375	89.583588	22.993027
41527.41667	89.631393	22.993973
41527.45833	89.631393	22.992538
41527.5	89.747757	22.992538
41527.54167	89.973885	22.993973
41527.58333	89.825668	22.993973
41527.625	89.878204	22.995926
41527.66667	89.937477	22.989578
41527.70833	89.884911	22.993973
41527.75	89.709305	22.99205
41527.79167	89.562866	22.996902
41527.83333	89.528702	22.993484
41527.875	89.432854	22.997421
41527.91667	89.494446	22.995468
41527.95833	89.476204	22.995468
41528	89.359505	22.995468
41528.04167	89.416763	22.995926
41528.08333	89.412338	22.994461
41528.125	89.451027	22.996414
41528.16667	89.421455	22.995468
41528.20833	89.295776	22.995926
41528.25	89.236504	22.996414
41528.29167	89.275253	22.996902
41528.33333	89.238678	22.99498
41528.375	89.208946	22.996902
41528.41667	89.192955	22.996902
41528.45833	89.307274	22.996902
41528.5	89.391685	22.996902
41528.54167	89.562866	22.99791
41528.58333	89.640846	22.99791
41528.625	89.658813	22.99791
41528.66667	89.572052	23.001297
41528.70833	89.473923	22.998367
41528.75	89.355415	23.000351
41528.79167	89.181656	23.000351
41528.83333	89.183968	22.99791
41528.875	89.101532	22.999863
41528.91667	89.060699	22.999344
41528.95833	89.117653	22.999863
41529	89.067467	23.001297
41529.04167	89.165596	22.999344
41529.08333	89.215851	23.000809
41529.125	89.215851	23.000809
41529.16667	89.163185	23.001816
41529.20833	89.101532	22.999863
41529.25	89.0149	23.000809
41529.29167	88.950966	23.00325
41529.33333	88.962303	23.002304
41529.375	89.046951	23.002304
41529.41667	89.03331	23.00325
41529.45833	89.03331	23.003769
41529.5	89.067467	23.00325
41529.54167	89.12912	23.002762
41529.58333	89.202034	23.001816
41529.625	89.247902	23.004745
41529.66667	89.177132	23.002762
41529.70833	89.231804	23.003769
41529.75	89.042458	23.006699
41529.79167	88.896286	23.004745
41529.83333	88.841377	23.004257
41529.875	88.848183	23.00621
41529.91667	88.825317	23.006699
41529.95833	88.80024	23.004257
41530	88.78656	23.008163
41530.04167	88.823242	23.005692
41530.08333	88.857269	23.007645
41530.125	88.834473	23.003769
41530.16667	88.804901	23.004745
41530.20833	88.729469	23.005203
41530.25	88.672211	23.007187
41530.29167	88.658501	23.005203
41530.33333	88.720352	23.008163
41530.375	88.564896	23.010086
41530.41667	88.699699	23.005203
41530.45833	88.672211	23.007645
41530.5	88.78904	23.009628
41530.54167	88.866249	23.008621
41530.58333	89.037567	23.011093
41530.625	88.99884	23.008163
41530.66667	88.969337	23.010086
41530.70833	88.923546	23.008163
41530.75	88.841377	23.010086
41530.79167	88.743179	23.01207
41530.83333	88.606094	23.01207
41530.875	88.546692	23.011093
41530.91667	88.521584	23.00914
41530.95833	88.567474	23.010605
41531	88.596878	23.013046
41531.04167	88.608414	23.011093
41531.08333	88.581223	23.009628
41531.125	88.583267	23.01207
41531.16667	88.535362	23.014481
41531.20833	88.537636	23.015488
41531.25	88.498848	23.013046
41531.29167	88.423523	23.013046
41531.33333	88.386978	23.013535
41531.375	88.407425	23.014969
41531.41667	88.444138	23.014023
41531.45833	88.514778	23.015488
41531.5	88.553596	23.014481
41531.54167	88.73185	23.014023
41531.58333	88.77758	23.017441
41531.625	88.861824	23.017441
41531.66667	88.878151	23.015976
41531.70833	88.804901	23.016922
41531.75	88.836983	23.018417
41531.79167	88.526009	23.017899
41531.83333	88.409843	23.017899
41531.875	88.345779	23.021347
41531.91667	88.350204	23.015976
41531.95833	88.361664	23.017441
41532	88.384628	23.019882
41532.04167	88.377625	23.02037
41532.08333	88.377861	23.019363
41532.125	88.386978	23.018417
41532.16667	88.31601	23.020859
41532.20833	88.218048	23.018906
41532.25	88.167793	23.022812
41532.29167	88.163101	23.021347
41532.33333	88.113014	23.020859
41532.375	88.110664	23.020859
41532.41667	88.11985	23.023758
41532.45833	88.192833	23.022354
41532.5	88.355026	23.024765
41532.54167	88.364113	23.022354
41532.58333	88.601837	23.0233
41532.625	88.590073	23.023758
41532.66667	88.640327	23.024765
41532.70833	88.459961	23.025742
41532.75	88.391502	23.024765
41532.79167	88.113014	23.024246
41532.83333	88.028427	23.024765
41532.875	87.912033	23.027695
41532.91667	88.008049	23.02623
41532.95833	88.06041	23.02623
41533	87.98951	23.027695
41533.04167	88.087837	23.025742
41533.08333	88.078751	23.028641
41533.125	87.984879	23.02623
41533.16667	87.85936	23.02623
41533.20833	87.898254	23.028183
41533.25	87.795364	23.026718
41533.29167	87.848129	23.02916
41533.33333	87.827545	23.031113
41533.375	87.907402	23.029648
41533.41667	87.90519	23.033035
41533.45833	87.811592	23.028183
41533.5	87.889168	23.02916
41533.54167	87.980621	23.033035
41533.58333	88.046631	23.035995
41533.625	88.028427	23.031113
41533.66667	88.064835	23.031631
41533.70833	87.93486	23.033524
41533.75	87.930237	23.031631
41533.79167	87.740585	23.033524
41533.83333	87.642487	23.033524
41533.875	87.701828	23.033524
41533.91667	87.633301	23.034531
41533.95833	87.633339	23.038437
41534	87.663239	23.035995
41534.04167	87.66069	23.035507
41534.08333	87.637894	23.03746
41534.125	87.61721	23.036972
41534.16667	87.66069	23.038437
41534.20833	87.656067	23.037949
41534.25	87.571587	23.037949
41534.29167	87.519188	23.041367
41534.33333	87.498665	23.04039
41534.375	87.498734	23.038437
41534.41667	87.464104	23.040909
41534.45833	87.562401	23.038437
41534.5	87.7202	23.041367
41534.54167	87.872971	23.04039
41534.58333	87.95974	23.041367
41534.625	87.987259	23.04335
41534.66667	88.096786	23.042831
41534.70833	88.062553	23.040909
41534.75	87.975731	23.04335
41534.79167	87.763344	23.043808
41534.83333	87.694992	23.042343
41534.875	87.58992	23.042831
41534.91667	87.512146	23.044785
41534.95833	87.542084	23.045273
41535	87.544159	23.043808
41535.04167	87.521461	23.047714
41535.08333	87.564743	23.04335
41535.125	87.546539	23.047714
41535.16667	87.468727	23.047714
41535.20833	87.509895	23.044785
41535.25	87.450562	23.047226
41535.29167	87.379822	23.047226
41535.33333	87.336342	23.049698
41535.375	87.370705	23.047714
41535.41667	87.304459	23.047714
41535.45833	87.219971	23.048691
41535.5	87.361649	23.049179
41535.54167	87.461891	23.046738
41535.58333	87.535072	23.049179
41535.625	87.555763	23.051132
41535.66667	87.637894	23.051132
41535.70833	87.633339	23.050186
41535.75	87.537521	23.05162
41535.79167	87.375092	23.055527
41535.83333	87.270126	23.050644
41535.875	87.206161	23.054062
41535.91667	87.142166	23.054581
41535.95833	87.139915	23.053604
41536	87.069145	23.056503
41536.04167	87.14669	23.055527
41536.08333	87.144547	23.054062
41536.125	87.139915	23.055069
41536.16667	87.139915	23.056503
41536.20833	87.101028	23.057022
41536.25	87.082893	23.056503
41536.29167	87.041618	23.06041
41536.33333	87.009842	23.058487
41536.375	86.911781	23.06041
41536.41667	86.88855	23.058975
41536.45833	86.886604	23.059464
41536.5	86.968674	23.059464
41536.54167	87.171867	23.060898
41536.58333	87.240425	23.061905
41536.625	87.313507	23.061417
41536.66667	87.162811	23.062363
41536.70833	87.212997	23.06041
41536.75	87.050636	23.062363
41536.79167	86.927605	23.061905
41536.83333	86.859077	23.061905
41536.875	86.904671	23.062363
41536.91667	86.747002	23.062881
41536.95833	86.804131	23.063339
41537	86.788544	23.066788
41537.04167	86.849823	23.068253
41537.08333	86.751663	23.066299
41537.125	86.772247	23.067245
41537.16667	86.786095	23.065323
41537.20833	86.692192	23.067245
41537.25	86.710632	23.069199
41537.29167	86.770035	23.067764
41537.33333	86.641968	23.070206
41537.375	86.612335	23.07164
41537.41667	86.525505	23.069687
41537.45833	86.632782	23.072159
41537.5	86.687698	23.071182
41537.54167	86.781265	23.069199
41537.58333	86.977722	23.072617
41537.625	86.948021	23.077072
41537.66667	87.023453	23.076065
41537.70833	86.996063	23.073624
41537.75	86.833801	23.076065
41537.79167	86.792633	23.07753
41537.83333	86.630669	23.076523
41537.875	86.550652	23.074081
41537.91667	86.578209	23.076523
41537.95833	86.507164	23.077072
41538	86.534554	23.078476
41538.04167	86.648842	23.079971
41538.08333	86.587257	23.078476
41538.125	86.555244	23.078964
41538.16667	86.546158	23.08046
41538.20833	86.477463	23.080948
41538.25	86.461838	23.080948
41538.29167	86.356407	23.08046
41538.33333	86.370384	23.082413
41538.375	86.367767	23.082901
41538.41667	86.393211	23.083359
41538.45833	86.468475	23.083908
41538.5	86.541527	23.082901
41538.54167	86.589439	23.083908
41538.58333	86.680862	23.084854
41538.625	86.749519	23.084854
41538.66667	86.765343	23.085831
41538.70833	86.710632	23.086349
41538.75	86.557556	23.089249
41538.79167	86.427246	23.089249
41538.83333	86.297165	23.085831
41538.875	86.299446	23.085831
41538.91667	86.342827	23.090714
41538.95833	86.367767	23.088272
41539	86.251472	23.091232
41539.04167	86.299446	23.090714
41539.08333	86.313225	23.090225
41539.125	86.317551	23.090225
41539.16667	86.278595	23.094131
41539.20833	86.239975	23.093185
41539.25	86.278595	23.09462
41539.29167	86.194244	23.093185
41539.33333	86.048241	23.093185
41539.375	86.173828	23.09462
41539.41667	86.192001	23.095627
41539.45833	86.194244	23.096085
41539.5	86.365486	23.097061
41539.54167	86.493553	23.098068
41539.58333	86.443336	23.099014
41539.625	86.555244	23.099991
41539.66667	86.573341	23.10051
41539.70833	86.511856	23.102921
41539.75	86.393211	23.100967
41539.79167	86.315437	23.102463
41539.83333	86.150864	23.102463
41539.875	86.095917	23.101974
41539.91667	86.095917	23.100967
41539.95833	86.071075	23.104416
41540	86.013809	23.103897
41540.04167	86.14164	23.105881
41540.08333	86.09404	23.105362
41540.125	86.160118	23.106857
41540.16667	86.139534	23.107346
41540.20833	86.082268	23.106369
41540.25	86.020721	23.106369
41540.29167	85.984146	23.109299
41540.33333	85.888229	23.106857
41540.375	85.993332	23.111252
41540.41667	85.988907	23.109299
41540.45833	86.07312	23.111252
41540.5	86.123405	23.111252
41540.54167	86.171379	23.11174
41540.58333	86.276611	23.112198
41540.625	86.452652	23.115646
41540.66667	86.295021	23.115646
41540.70833	86.210335	23.117599
41540.75	86.139534	23.117599
41540.79167	85.984146	23.117599
41540.83333	85.879242	23.115646
41540.875	85.812866	23.115158
41540.91667	85.853935	23.119064
41540.95833	85.783157	23.114639
41541	85.769615	23.116623
41541.04167	85.872437	23.119064
41541.08333	85.858528	23.117599
41541.125	85.817421	23.119522
41541.16667	85.71698	23.121475
41541.20833	85.776352	23.119064
41541.25	85.742157	23.122513
41541.29167	85.691872	23.122513
41541.33333	85.641487	23.124954
41541.375	85.602829	23.124954
41541.41667	85.543388	23.126389
41541.45833	85.63485	23.127365
41541.5	85.659691	23.124435
41541.54167	85.803879	23.127853
41541.58333	85.833519	23.12883
41541.625	85.908745	23.126389
41541.66667	85.860771	23.128342
41541.70833	85.895203	23.127365
41541.75	85.817421	23.130783
41541.79167	85.579796	23.129349
41541.83333	85.552544	23.132248
41541.875	85.522942	23.132248
41541.91667	85.456596	23.130295
41541.95833	85.497223	23.131271
41542	85.440605	23.133224
41542.04167	85.458908	23.134689
41542.08333	85.410866	23.134689
41542.125	85.458908	23.134232
41542.16667	85.410866	23.137619
41542.20833	85.372047	23.137619
41542.25	85.333153	23.137619
41542.29167	85.301208	23.137131
41542.33333	85.29229	23.138626
41542.375	85.28746	23.143021
41542.41667	85.125465	23.142014
41542.45833	85.266777	23.139084
41542.5	85.321823	23.143967
41542.54167	85.4291	23.142014
41542.58333	85.467857	23.143509
41542.625	85.540642	23.146896
41542.66667	85.435509	23.143509
41542.70833	85.427055	23.14592
41542.75	85.357796	23.144974
41542.79167	85.237244	23.146896
41542.83333	85.229897	23.147415
41542.875	85.134354	23.146408
41542.91667	85.120773	23.146408
41542.95833	85.079575	23.147903
41543	85.056671	23.147903
41543.04167	85.149872	23.149368
41543.08333	85.109276	23.149857
41543.125	85.05909	23.150345
41543.16667	85.100327	23.153763
41543.20833	85.036461	23.152298
41543.25	84.963242	23.154739
41543.29167	84.88942	23.153763
41543.33333	84.915337	23.152786
41543.375	84.803291	23.155716
41543.41667	84.767052	23.154739
41543.45833	84.839836	23.155197
41543.5	84.932938	23.157181
41543.54167	85.05909	23.159134
41543.58333	85.100327	23.158646
41543.625	85.093452	23.158157
41543.66667	85.149872	23.159134
41543.70833	85.101997	23.160629
41543.75	84.92395	23.159134
41543.79167	84.782173	23.161087
41543.83333	84.830048	23.164017
41543.875	84.818817	23.165512
41543.91667	84.76152	23.164993
41543.95833	84.794312	23.164505
41544	84.782806	23.164017
41544.04167	84.789146	23.1689
41544.08333	84.826256	23.166946
41544.125	84.782173	23.169388
41544.16667	84.76152	23.16597
41544.20833	84.734032	23.166946
41544.25	84.727295	23.167435
41544.29167	84.67942	23.171341
41544.33333	84.56134	23.173294
41544.375	84.565163	23.169388
41544.41667	84.592621	23.170364
41544.45833	84.653969	23.17186
41544.5	84.780396	23.169388
41544.54167	84.919319	23.173294
41544.58333	84.896294	23.174789
41544.625	84.983086	23.178696
41544.66667	84.807281	23.175247
41544.70833	84.750259	23.173782
41544.75	84.62001	23.174789
41544.79167	84.583534	23.177689
41544.83333	84.528656	23.179184
41544.875	84.548973	23.180649
41544.91667	84.555946	23.179184
41544.95833	84.537643	23.179642
41545	84.535492	23.18306
41545.04167	84.590408	23.183578
41545.08333	84.567345	23.184067
41545.125	84.567345	23.180161
41545.16667	84.537643	23.18306
41545.20833	84.498817	23.185532
41545.25	84.396133	23.18306
41545.29167	84.387016	23.186966
41545.33333	84.263741	23.18602
41545.375	84.336723	23.188461
41545.41667	84.185966	23.188919
41545.45833	84.281746	23.187973
41545.5	84.295387	23.187973
41545.54167	84.341454	23.189926
41545.58333	84.720322	23.191391
41545.625	84.695313	23.189926
41545.66667	84.653969	23.195786
41545.70833	84.49205	23.192856
41545.75	84.43251	23.195297
41545.79167	84.256668	23.193802
41545.83333	84.176613	23.195786
41545.875	84.192673	23.194351
41545.91667	84.240677	23.195786
41545.95833	84.425667	23.196793
41546	84.195114	23.197739
41546.04167	84.28624	23.196274
41546.08333	84.320702	23.199692
41546.125	84.562752	23.198227
41546.16667	84.357346	23.201187
41546.20833	84.517227	23.205063
41546.25	84.473846	23.202133
41546.29167	84.297768	23.202621
41546.33333	84.238228	23.204575
41546.375	84.192673	23.204086
41546.41667	84.142548	23.20607
41546.45833	84.140099	23.205551
41546.5	84.281746	23.209457
41546.54167	84.485245	23.206528
41546.58333	84.551254	23.204575
41546.625	84.681732	23.208023
41546.66667	84.571869	23.208969
41546.70833	84.565163	23.209976
41546.75	84.457916	23.210464
41546.79167	84.347954	23.209976
41546.83333	84.140099	23.212418
41546.875	84.174362	23.209976
41546.91667	84.126625	23.212906
41546.95833	84.142548	23.213882
41547	84.13578	23.216324
41547.04167	84.167526	23.213882
41547.08333	84.302261	23.21434
41547.125	84.297768	23.216812
41547.16667	84.279465	23.219254
41547.20833	84.174362	23.216324
41547.25	84.158409	23.218796
41547.29167	84.098831	23.220718
41547.33333	84.089981	23.218246
41547.375	84.083046	23.2202
41547.41667	84.147041	23.22319
41547.45833	84.226967	23.222183
41547.5	84.295387	23.224625
41547.54167	84.396133	23.221207
41547.58333	84.521515	23.225632
41547.625	84.496437	23.225082
41547.66667	84.581123	23.226089
41547.70833	84.357346	23.226578
41547.75	84.40522	23.226089
41547.79167	84.149185	23.229019
41547.83333	84.103592	23.229996
41547.875	83.987259	23.229019
41547.91667	83.980186	23.228073
41547.95833	83.989441	23.229996
41548	83.964264	23.229996
41548.04167	84.07148	23.229996
41548.08333	84.087532	23.231949
41548.125	84.057968	23.231949
41548.16667	83.984848	23.230972
41548.20833	83.943916	23.235855
41548.25	83.875153	23.233932
41548.29167	83.856949	23.236832
41548.33333	83.881927	23.235367
41548.375	83.861305	23.236374
41548.41667	83.788223	23.236832
41548.45833	83.823997	23.234421
41548.5	83.847733	23.24321
41548.54167	83.923027	23.24025
41548.58333	84.062561	23.241257
41548.625	83.950752	23.242203
41548.66667	84.031914	23.243698
41548.70833	83.984848	23.244186
41548.75	83.877502	23.244186
41548.79167	83.760132	23.245163
41548.83333	83.693718	23.244186
41548.875	83.655731	23.248093
41548.91667	83.600853	23.245651
41548.95833	83.546204	23.245651
41549	83.553146	23.2491
41549.04167	83.594017	23.24614
41549.08333	83.64447	23.250076
41549.125	83.596458	23.248093
41549.16667	83.512047	23.252487
41549.20833	83.53923	23.251022
41549.25	83.537224	23.253464
41549.29167	83.500549	23.253952
41549.33333	83.388672	23.253464
41549.375	83.323502	23.255417
41549.41667	83.353302	23.255417
41549.45833	83.406975	23.256912
41549.5	83.543022	23.256912
41549.54167	83.737335	23.255905
41549.58333	83.718857	23.254929
41549.625	83.749435	23.261307
41549.66667	83.748833	23.259354
41549.70833	83.705383	23.259354
41549.75	83.673065	23.2603
41549.79167	83.49498	23.259811
41549.83333	83.354378	23.262741
41549.875	83.36953	23.263229
41549.91667	83.348877	23.263748
41549.95833	83.34211	23.26619
41550	83.276535	23.265701
41550.04167	83.283302	23.266647
41550.08333	83.346397	23.270096
41550.125	83.289307	23.267654
41550.16667	83.270966	23.268143
41550.20833	83.222893	23.270096
41550.25	83.185242	23.269089
41550.29167	83.117958	23.270096
41550.33333	83.12574	23.272049
41550.375	83.143105	23.271561
41550.41667	83.129494	23.271561
41550.45833	83.153091	23.274979
41550.5	83.315521	23.274979
41550.54167	83.303047	23.278366
41550.58333	83.408188	23.275467
41550.625	83.492905	23.278915
41550.66667	83.380798	23.278366
41550.70833	83.360107	23.277908
41550.75	83.229866	23.280838
41550.79167	83.129494	23.277908
41550.83333	83.00927	23.280838
41550.875	82.992241	23.282303
41550.91667	82.946609	23.281357
41550.95833	83.031395	23.279861
41551	82.98996	23.28331
41551.04167	83.040184	23.285233
41551.08333	83.117958	23.286697
41551.125	83.083626	23.28331
41551.16667	83.003708	23.28331
41551.20833	83.001289	23.288651
41551.25	82.965019	23.289139
41551.29167	82.919289	23.289139
41551.33333	82.884895	23.292099
41551.375	82.87809	23.290146
41551.41667	82.846207	23.290634
41551.45833	82.932869	23.292099
41551.5	83.060898	23.294052
41551.54167	83.255112	23.29454
41551.58333	83.204857	23.293564
41551.625	83.333023	23.292099
41551.66667	83.316994	23.296005
41551.70833	83.25042	23.298447
41551.75	83.140823	23.298447
41551.79167	83.028847	23.296982
41551.83333	82.967094	23.297928
41551.875	82.898674	23.298447
41551.91667	82.818848	23.299911
41551.95833	82.910202	23.302841
41552	82.912354	23.300919
41552.04167	82.937561	23.301376
41552.08333	82.900955	23.301865
41552.125	82.939774	23.306747
41552.16667	82.871117	23.306747
41552.20833	82.87809	23.305313
41552.25	82.79126	23.308701
41552.29167	82.800308	23.306747
41552.33333	82.759209	23.308701
41552.375	82.713547	23.306747
41552.41667	82.745567	23.308212
41552.45833	82.839195	23.313583
41552.5	82.850594	23.309677
41552.54167	82.939774	23.311142
41552.58333	83.085945	23.314072
41552.625	83.122688	23.312149
41552.66667	83.076859	23.314072
41552.70833	83.04937	23.31459
41552.75	83.019867	23.31749
41552.79167	82.919289	23.317032
41552.83333	82.766045	23.319473
41552.875	82.745567	23.319473
41552.91667	82.683777	23.319473
41552.95833	82.756927	23.319931
41553	82.686188	23.318985
41553.04167	82.727394	23.319931
41553.08333	82.734161	23.322891
41553.125	82.782272	23.321915
41553.16667	82.715591	23.326767
41553.20833	82.703354	23.32045
41553.25	82.679283	23.324326
41553.29167	82.629066	23.324326
41553.33333	82.590141	23.326309
41553.375	82.535332	23.327316
41553.41667	82.455269	23.326767
41553.45833	82.624374	23.328781
41553.5	82.667923	23.329239
41553.54167	82.729408	23.33168
41553.58333	82.779762	23.330704
41553.625	82.851906	23.334152
41553.66667	82.804832	23.333145
41553.70833	82.809593	23.333633
41553.75	82.690681	23.334152
41553.79167	82.535332	23.336105
41553.83333	82.550346	23.335098
41553.875	82.518295	23.335617
41553.91667	82.443939	23.336105
41553.95833	82.500999	23.335617
41554	82.379944	23.339493
41554.04167	82.476021	23.340988
41554.08333	82.510185	23.339035
41554.125	82.51461	23.339035
41554.16667	82.398346	23.341476
41554.20833	82.407333	23.340012
41554.25	82.341049	23.342941
41554.29167	82.320633	23.340988
41554.33333	82.337601	23.342941
41554.375	82.329689	23.345383
41554.41667	82.242691	23.346329
41554.45833	82.35704	23.346329
41554.5	82.409607	23.34877
41554.54167	82.489502	23.347824
41554.58333	82.523964	23.347824
41554.625	82.457581	23.349777
41554.66667	82.456444	23.350784
41554.70833	82.453156	23.350266
41554.75	82.298874	23.352707
41554.79167	82.244064	23.351242
41554.83333	82.241714	23.355637
41554.875	82.218956	23.352707
41554.91667	82.166222	23.356155
41554.95833	82.166222	23.353714
41555	82.118378	23.356644
41555.04167	82.137619	23.357101
41555.08333	82.200478	23.355148
41555.125	82.108017	23.359055
41555.16667	82.095581	23.359573
41555.20833	82.09639	23.361984
41555.25	82.014351	23.361984
41555.29167	82.00872	23.360092
41555.33333	81.902344	23.362991
41555.375	81.833549	23.364944
41555.41667	81.937813	23.364944
41555.45833	81.969559	23.364456
41555.5	82.074829	23.366928
41555.54167	82.102318	23.366928
41555.58333	82.218956	23.365891
41555.625	82.14547	23.369339
41555.66667	82.14798	23.371323
41555.70833	82.14798	23.368332
41555.75	81.962959	23.372269
41555.79167	81.976402	23.372269
41555.83333	81.878174	23.370346
41555.875	81.791611	23.372269
41555.91667	81.77079	23.373276
41555.95833	81.80043	23.374222
41556	81.705688	23.37471
41556.04167	81.797112	23.376663
41556.08333	81.741089	23.375717
41556.125	81.706963	23.379105
41556.16667	81.68071	23.380112
41556.20833	81.679535	23.378616
41556.25	81.727379	23.37764
41556.29167	81.690765	23.3806
41556.33333	81.8601	23.381546
41556.375	81.683998	23.381058
41556.41667	81.62928	23.382065
41556.45833	81.77327	23.383041
41556.5	81.761673	23.384506
41556.54167	81.818802	23.38353
41556.58333	81.880516	23.382553
41556.625	81.928558	23.38649
41556.66667	81.971977	23.387894
41556.70833	81.789063	23.385971
41556.75	81.757248	23.389389
41556.79167	81.640411	23.387436
41556.83333	81.61557	23.389389
41556.875	81.528572	23.39183
41556.91667	81.56498	23.393784
41556.95833	81.510201	23.392319
41557	81.540039	23.395279
41557.04167	81.551537	23.395767
41557.08333	81.510201	23.394272
41557.125	81.521698	23.396225
41557.16667	81.498734	23.39772
41557.20833	81.464577	23.395767
41557.25	81.45311	23.399643
41557.29167	81.400475	23.399643
41557.33333	81.384621	23.399643
41557.375	81.402718	23.399643
41557.41667	81.398262	23.401657
41557.45833	81.462158	23.401108
41557.5	81.412109	23.402603
41557.54167	81.478256	23.403091
41557.58333	81.498734	23.40358
41557.625	81.587883	23.406998
41557.66667	81.533134	23.405533
41557.70833	81.455421	23.405533
41557.75	81.350487	23.407455
41557.79167	81.361855	23.407455
41557.83333	81.20623	23.409927
41557.875	81.26577	23.409927
41557.91667	81.245255	23.413345
41557.95833	81.368629	23.410446
41558	81.28183	23.412888
41558.04167	81.32045	23.412369
41558.08333	81.370735	23.412369
41558.125	81.215347	23.412888
41558.16667	81.139885	23.414841
41558.20833	81.096642	23.415787
41558.25	81.057816	23.415787
41558.29167	81.034988	23.415329
41558.33333	80.845131	23.41777
41558.375	80.893173	23.416763
41558.41667	81.059929	23.418747
41558.45833	81.071495	23.419724
41558.5	81.142334	23.419205
41558.54167	81.156075	23.42067
41558.58333	81.217834	23.423141
41558.625	81.24733	23.424606
41558.66667	81.272614	23.425583
41558.70833	81.325211	23.423141
41558.75	81.096642	23.425583
41558.79167	80.959656	23.424606
41558.83333	80.934341	23.426071
41558.875	80.879562	23.430466
41558.91667	80.883987	23.430008
41558.95833	80.879562	23.426559
41559	80.932167	23.431931
41559.04167	80.926033	23.433914
41559.08333	80.925255	23.430008
41559.125	80.986877	23.431442
41559.16667	80.93676	23.436844
41559.20833	80.897697	23.432907
41559.25	80.842957	23.435349
41559.29167	80.80658	23.435867
41559.33333	80.778885	23.436844
41559.375	80.845131	23.43779
41559.41667	80.789047	23.436844
41559.45833	80.838364	23.438309
41559.5	81.00528	23.439285
41559.54167	81.028183	23.440231
41559.58333	81.092178	23.439743
41559.625	81.085442	23.439743
41559.66667	81.12188	23.442703
41559.70833	81.116013	23.443192
41559.75	80.974106	23.444656
41559.79167	80.789047	23.442703
41559.83333	80.724045	23.447617
41559.875	80.726425	23.444656
41559.91667	80.651123	23.446579
41559.95833	80.529762	23.448593
41560	80.663223	23.449051
41560.04167	80.669258	23.447098
41560.08333	80.680824	23.450058
41560.125	80.699768	23.450058
41560.16667	80.625778	23.44957
41560.20833	80.617432	23.452957
41560.25	80.578445	23.452011
41560.29167	80.496338	23.45491
41560.33333	80.406357	23.45491
41560.375	80.475151	23.455887
41560.41667	80.496338	23.457352
41560.45833	80.500969	23.455887
41560.5	80.56926	23.458359
41560.54167	80.606102	23.45787
41560.58333	80.640366	23.461777
41560.625	80.656418	23.461288
41560.66667	80.548904	23.462265
41560.70833	80.558029	23.461777
41560.75	80.462044	23.460342
41560.79167	80.48481	23.465195
41560.83333	80.319397	23.466171
41560.875	80.327209	23.462753
41560.91667	80.286072	23.46666
41560.95833	80.301926	23.465683
41561	80.295288	23.467178
41561.04167	80.260727	23.467636
41561.08333	80.21067	23.468155
41561.125	80.157768	23.469131
41561.16667	80.301926	23.470596
41561.20833	80.057266	23.468155
41561.25	80.011673	23.473526
41561.29167	80.206047	23.473038
41561.33333	79.918167	23.472519
41561.375	80.01606	23.474014
41561.41667	79.968323	23.474014
41561.45833	80.283661	23.473526
41561.5	80.073425	23.476944
41561.54167	80.237961	23.477921
41561.58333	80.311012	23.478867
41561.625	80.359192	23.480362
41561.66667	80.391136	23.480362
41561.70833	80.349869	23.480362
41561.75	80.162399	23.480362
41561.79167	80.080261	23.482315
41561.83333	79.922562	23.482315
41561.875	79.952194	23.482803
41561.91667	79.888268	23.482315
41561.95833	79.965973	23.48381
41562	79.920143	23.488174
41562.04167	79.973015	23.487717
41562.08333	80.018677	23.48674
41562.125	80.064369	23.487717
41562.16667	79.892654	23.488693
41562.20833	79.885986	23.489639
41562.25	79.899498	23.491135
41562.29167	79.833351	23.490158
41562.33333	79.817192	23.491592
41562.375	79.897179	23.494034
41562.41667	79.947701	23.493576
41562.45833	79.918167	23.494034
41562.5	79.98867	23.49501
41562.54167	80.054916	23.497971
41562.58333	80.192268	23.496017
41562.625	80.221771	23.498947
41562.66667	80.126022	23.496506
41562.70833	80.105301	23.498947
41562.75	80.03698	23.501877
41562.79167	79.959167	23.499466
41562.83333	79.883469	23.501877
41562.875	79.885986	23.501877
41562.91667	79.835632	23.505814
41562.95833	79.8424	23.504318
41563	79.812668	23.505295
41563.04167	79.865433	23.504837
41563.08333	79.883469	23.505295
41563.125	79.938347	23.504837
41563.16667	79.897179	23.511185
41563.20833	79.831039	23.508743
41563.25	79.773811	23.510696
41563.29167	79.705284	23.510208
41563.33333	79.751114	23.511673
41563.375	79.693985	23.512192
41563.41667	79.737404	23.513138
41563.45833	79.961281	23.513626
41563.5	80.023201	23.513138
41563.54167	80.203667	23.514145
41563.58333	80.386444	23.516586
41563.625	80.317787	23.516586
41563.66667	80.258583	23.517532
41563.70833	80.171684	23.517044
41563.75	80.100777	23.520981
41563.79167	80.000336	23.518021
41563.83333	79.821854	23.52388
41563.875	79.808136	23.523422
41563.91667	79.755569	23.520493
41563.95833	79.721413	23.525864
41564	79.732605	23.523422
41564.04167	79.748764	23.525375
41564.08333	79.8424	23.524399
41564.125	79.79895	23.526871
41564.16667	79.831039	23.529312
41564.20833	79.753296	23.528275
41564.25	79.629921	23.529312
41564.29167	79.666428	23.531235
41564.33333	79.636726	23.530258
41564.375	79.545235	23.534653
41564.41667	79.616142	23.532211
41564.45833	79.70797	23.5327
41564.5	79.737404	23.536148
41564.54167	79.86322	23.533188
41564.58333	79.876968	23.536606
41564.625	79.885986	23.536148
41564.66667	79.819702	23.536148
41564.70833	79.691841	23.539047
41564.75	79.659622	23.540054
41564.79167	79.604843	23.539047
41564.83333	79.526932	23.538589
41564.875	79.49733	23.541519
41564.91667	79.403557	23.543991
41564.95833	79.392265	23.543442
41565	79.35331	23.544449
41565.04167	79.401283	23.546432
41565.08333	79.389984	23.544937
41565.125	79.389984	23.545883
41565.16667	79.299026	23.547867
41565.20833	79.337814	23.547867
41565.25	79.261848	23.548874
41565.29167	79.259636	23.547379
41565.33333	79.138779	23.551285
41565.375	79.195503	23.551773
41565.41667	79.278481	23.55278
41565.45833	79.255547	23.555222
41565.5	79.316696	23.554703
41565.54167	79.385155	23.554703
41565.58333	79.499611	23.558151
41565.625	79.641991	23.557663
41565.66667	79.632599	23.559158
41565.70833	79.566658	23.562057
41565.75	79.470306	23.559616
41565.79167	79.318878	23.562546
41565.83333	79.214211	23.560562
41565.875	79.159294	23.562546
41565.91667	79.138779	23.563034
41565.95833	79.095535	23.563553
41566	79.070251	23.567459
41566.04167	79.17321	23.565018
41566.08333	79.14341	23.568436
41566.125	79.150345	23.568893
41566.16667	79.12748	23.568893
41566.20833	79.138779	23.570389
41566.25	79.101906	23.569382
41566.29167	79.079338	23.57283
41566.33333	79.017052	23.574295
41566.375	79.074951	23.573837
41566.41667	79.03817	23.573288
41566.45833	79.106796	23.577225
41566.5	79.207573	23.575729
41566.54167	79.308113	23.577713
41566.58333	79.317169	23.578201
41566.625	79.365242	23.580673
41566.66667	79.397423	23.577713
41566.70833	79.278481	23.581619
41566.75	79.232681	23.579178
41566.79167	79.056541	23.583572
41566.83333	79.024727	23.582626
41566.875	78.955933	23.583572
41566.91667	78.990364	23.586014
41566.95833	78.983253	23.586533
41567	78.919228	23.585068
41567.04167	79.022179	23.586533
41567.08333	78.951378	23.588486
41567.125	78.985741	23.588974
41567.16667	78.958351	23.591446
41567.20833	78.992744	23.589462
41567.25	78.896492	23.593399
41567.29167	78.912483	23.59285
41567.33333	78.859985	23.594864
41567.375	78.946747	23.596298
41567.41667	78.894218	23.596298
41567.45833	78.914932	23.597305
41567.5	78.965286	23.599258
41567.54167	79.003906	23.596786
41567.58333	79.029221	23.598282
41567.625	79.115982	23.599747
41567.66667	79.12748	23.600693
41567.70833	79.061104	23.600235
41567.75	78.978828	23.603653
41567.79167	78.853012	23.603134
41567.83333	78.782242	23.607071
41567.875	78.844063	23.605606
41567.91667	78.777786	23.605606
41567.95833	78.763901	23.607071
41568	78.825691	23.607071
41568.04167	78.789047	23.610519
41568.08333	78.763901	23.610001
41568.125	78.832565	23.612442
41568.16667	78.766113	23.611984
41568.20833	78.779892	23.613419
41568.25	78.711334	23.615402
41568.29167	78.6931	23.614914
41568.33333	78.752541	23.61586
41568.375	78.880371	23.618332
41568.41667	78.761589	23.61882
41568.45833	78.79364	23.619797
41568.5	78.743454	23.620255
41568.54167	78.763901	23.619308
41568.58333	78.853012	23.622269
41568.625	78.8396	23.623703
41568.66667	78.830078	23.624191
41568.70833	78.811913	23.623703
41568.75	78.690819	23.626633
41568.79167	78.580925	23.627121
41568.83333	78.574081	23.628616
41568.875	78.509987	23.626144
41568.91667	78.557991	23.62764
41568.95833	78.533051	23.630539
41569	78.464523	23.631058
41569.04167	78.574081	23.633987
41569.08333	78.526077	23.632523
41569.125	78.571976	23.635452
41569.16667	78.459732	23.633987
41569.20833	78.489937	23.635971
41569.25	78.393517	23.636917
41569.29167	78.464729	23.637405
41569.33333	78.426003	23.635971
41569.375	78.427612	23.641312
41569.41667	78.389259	23.641312
41569.45833	78.365929	23.640366
41569.5	78.388756	23.641312
41569.54167	78.361473	23.642807
41569.58333	78.398415	23.643753
41569.625	78.363953	23.643265
41569.66667	78.402939	23.645248
41569.70833	78.508171	23.647202
41569.75	78.359528	23.649155
41569.79167	78.276955	23.651596
41569.83333	78.244637	23.65065
41569.875	78.166954	23.649155
41569.91667	78.153816	23.652603
41569.95833	78.203972	23.650131
41570	78.306923	23.651596
41570.04167	78.270416	23.655045
41570.08333	78.263077	23.655045
41570.125	78.165283	23.655045
41570.16667	78.089249	23.654526
41570.20833	78.144196	23.657486
41570.25	78.016296	23.659439
41570.29167	77.975395	23.659927
41570.33333	77.932045	23.661392
41570.375	77.954712	23.659439
41570.41667	78.005135	23.66188
41570.45833	77.956726	23.663345
41570.5	77.963928	23.661392
41570.54167	78.083046	23.666794
41570.58333	78.103363	23.666794
41570.625	78.226898	23.665329
41570.66667	78.032455	23.668228
41570.70833	78.000404	23.672165
41570.75	77.890846	23.668716
41570.79167	77.954712	23.671158
41570.83333	77.833321	23.672653
41570.875	77.902046	23.672165
41570.91667	77.856384	23.671158
41570.95833	77.77401	23.675613
41571	77.817696	23.676102
41571.04167	77.845085	23.674606
41571.08333	77.913673	23.676559
41571.125	77.897621	23.678055
41571.16667	77.810585	23.679001
41571.20833	77.817696	23.680008
41571.25	77.746689	23.680008
41571.29167	77.696434	23.681442
41571.33333	77.618553	23.681961
41571.375	77.595795	23.685867
41571.41667	77.62764	23.685379
41571.45833	77.62764	23.685379
41571.5	77.684868	23.683914
41571.54167	77.723793	23.687332
41571.58333	77.799088	23.687332
41571.625	77.888466	23.68779
41571.66667	77.897621	23.688339
41571.70833	77.758118	23.687332
41571.75	77.732979	23.689285
41571.79167	77.590965	23.693222
41571.83333	77.538567	23.692245
41571.875	77.54306	23.695175
41571.91667	77.549995	23.693222
41571.95833	77.444695	23.697617
41572	77.522408	23.69957
41572.04167	77.561295	23.701035
41572.08333	77.517776	23.69957
41572.125	77.517776	23.697128
41572.16667	77.501953	23.698563
41572.20833	77.424149	23.701035
41572.25	77.442451	23.701523
41572.29167	77.458511	23.704941
41572.33333	77.45623	23.704941
41572.375	77.33725	23.705948
41572.41667	77.474503	23.70546
41572.45833	77.440201	23.706406
41572.5	77.534042	23.707901
41572.54167	77.662003	23.707901
41572.58333	77.700928	23.709366
41572.625	77.671188	23.709854
41572.66667	77.650368	23.711807
41572.70833	77.64122	23.712784
41572.75	77.51577	23.712784
41572.79167	77.458511	23.713272
41572.83333	77.305229	23.714249
41572.875	77.311974	23.715225
41572.91667	77.273018	23.717178
41572.95833	77.286858	23.717697
41573	77.241196	23.720627
41573.04167	77.289406	23.721085
41573.08333	77.14994	23.720139
41573.125	77.248138	23.720139
41573.16667	77.238884	23.722061
41573.20833	77.280319	23.72258
41573.25	77.143105	23.725021
41573.29167	77.181862	23.726517
41573.33333	77.172607	23.724533
41573.375	77.129356	23.729904
41573.41667	77.115616	23.727982
41573.45833	77.206802	23.72847
41573.5	77.376106	23.72847
41573.54167	77.394409	23.72847
41573.58333	77.376106	23.730911
41573.625	77.369301	23.733353
41573.66667	77.440201	23.731888
41573.70833	77.362389	23.734818
41573.75	77.287094	23.73436
41573.79167	77.202309	23.737747
41573.83333	77.165703	23.737747
41573.875	77.122215	23.737747
41573.91667	77.00119	23.739212
41573.95833	77.133751	23.741653
41574	77.113167	23.744614
41574.04167	77.161377	23.741196
41574.08333	77.129158	23.743637
41574.125	77.1017	23.74559
41574.16667	77.083328	23.745102
41574.20833	77.097244	23.744614
41574.25	76.98735	23.747543
41574.29167	77.062912	23.748032
41574.33333	77.028549	23.749985
41574.375	76.877754	23.750473
41574.41667	76.980576	23.751938
41574.45833	77.097008	23.748489
41574.5	77.149841	23.751938
41574.54167	77.257324	23.753922
41574.58333	77.309959	23.752914
41574.625	77.300941	23.755386
41574.66667	77.2939	23.755875
41574.70833	77.277878	23.757339
41574.75	77.154305	23.759323
41574.79167	77.085747	23.757828
41574.83333	76.994217	23.758774
41574.875	76.989693	23.760757
41574.91667	76.953087	23.761765
41574.95833	76.937294	23.763687
41575	76.962135	23.765152
41575.04167	76.971489	23.762222
41575.08333	77.003441	23.766617
41575.125	77.026138	23.768112
41575.16667	76.980576	23.765152
41575.20833	76.980576	23.768112
41575.25	76.932404	23.7686
41575.29167	76.879868	23.770554
41575.33333	76.882347	23.770065
41575.375	76.895996	23.7715
41575.41667	76.930359	23.772995
41575.45833	76.948326	23.772995
41575.5	76.957779	23.77449
41575.54167	76.948326	23.776443
41575.58333	77.188599	23.778885
41575.625	77.074448	23.776901
41575.66667	77.110924	23.778397
41575.70833	77.005516	23.778397
41575.75	76.923279	23.781326
41575.79167	76.891167	23.782303
41575.83333	76.879868	23.782303
41575.875	76.882347	23.783737
41575.91667	76.783989	23.783737
41575.95833	76.852547	23.784744
41576	76.818184	23.785721
41576.04167	76.804504	23.785721
41576.08333	76.786201	23.787186
41576.125	76.783989	23.789169
41576.16667	76.747276	23.789169
41576.20833	76.696991	23.788651
41576.25	76.703796	23.793076
41576.29167	76.605469	23.793076
41576.33333	76.541496	23.792587
41576.375	76.561951	23.796463
41576.41667	76.522896	23.793564
41576.45833	76.571167	23.797012
41576.5	76.758705	23.796005
41576.54167	76.756264	23.796463
41576.58333	76.731255	23.798935
41576.625	76.742653	23.798935
41576.66667	76.774567	23.802872
41576.70833	76.820427	23.802353
41576.75	76.591621	23.802353
41576.79167	76.57338	23.802872
41576.83333	76.511497	23.805344
41576.875	76.518532	23.80629
41576.91667	76.438507	23.807755
41576.95833	76.504692	23.807266
41577	76.47039	23.810684
41577.04167	76.509216	23.809219
41577.08333	76.477196	23.811172
41577.125	76.504692	23.81218
41577.16667	76.456718	23.810684
41577.20833	76.4543	23.814133
41577.25	76.367508	23.813644
41577.29167	76.349266	23.815079
41577.33333	76.346924	23.815079
41577.375	76.385941	23.818039
41577.41667	76.29422	23.816574
41577.45833	76.413231	23.816574
41577.5	76.424728	23.821457
41577.54167	76.417862	23.822464
41577.58333	76.507103	23.822464
41577.625	76.479713	23.823898
41577.66667	76.466064	23.825394
41577.70833	76.449745	23.827316
41577.75	76.415482	23.826859
41577.79167	76.292076	23.826859
41577.83333	76.314972	23.829788
41577.875	76.250603	23.827835
41577.91667	76.269043	23.830765
41577.95833	76.186737	23.829788
41578	76.191399	23.835159
41578.04167	76.237358	23.831253
41578.08333	76.287415	23.835159
41578.125	76.198273	23.834702
41578.16667	76.2211	23.833725
41578.20833	76.20256	23.834702
41578.25	76.166153	23.837143
41578.29167	76.109024	23.838608
41578.33333	76.060951	23.841995
41578.375	76.060951	23.838608
41578.41667	76.095314	23.844467
41578.45833	76.02887	23.841049
41578.5	76.166153	23.845932
41578.54167	76.234642	23.844009
41578.58333	76.305756	23.843002
41578.625	76.39724	23.846939
41578.66667	76.303375	23.848404
41578.70833	76.257744	23.846939
41578.75	76.152611	23.849838
41578.79167	76.072449	23.84938
41578.83333	76.02887	23.851822
41578.875	76.008316	23.851822
41578.91667	76.019653	23.854263
41578.95833	76.008316	23.856216
41579	75.946564	23.854263
41579.04167	76.017403	23.853775
41579.08333	75.992226	23.859146
41579.125	76.033363	23.859146
41579.16667	75.919273	23.856705
41579.20833	75.971504	23.863083
41579.25	75.914482	23.861618
41579.29167	75.889275	23.861618
41579.33333	75.845787	23.863571
41579.375	75.916595	23.864059
41579.41667	75.987732	23.865067
41579.45833	75.962555	23.867508
41579.5	76.005836	23.868973
41579.54167	76.16143	23.869949
41579.58333	76.044891	23.867996
41579.625	76.227776	23.869461
41579.66667	76.022064	23.869949
41579.70833	76.069901	23.871902
41579.75	76.044891	23.872391
41579.79167	75.850449	23.872879
41579.83333	75.854843	23.874344
41579.875	75.83902	23.875839
41579.91667	75.7658	23.875839
41579.95833	75.811562	23.875351
41580	75.758789	23.876816
41580.04167	75.864128	23.880234
41580.08333	75.740623	23.88118
41580.125	75.793091	23.88118
41580.16667	75.763489	23.880234
41580.20833	75.7658	23.884628
41580.25	75.733681	23.883163
41580.29167	75.699249	23.885605
41580.33333	75.704216	23.886581
41580.375	75.630661	23.887558
41580.41667	75.676521	23.89003
41580.45833	75.7314	23.889542
41580.5	75.740623	23.891495
41580.54167	75.875664	23.892471
41580.58333	75.893929	23.891983
41580.625	75.914482	23.891006
41580.66667	75.886925	23.893448
41580.70833	75.889275	23.893448
41580.75	75.749641	23.896408
41580.79167	75.70163	23.898361
41580.83333	75.655769	23.899307
41580.875	75.55999	23.900803
41580.91667	75.617012	23.90126
41580.95833	75.591873	23.90126
41581	75.562065	23.902756
41581.04167	75.621506	23.904251
41581.08333	75.534546	23.901779
41581.125	75.557541	23.903732
41581.16667	75.578163	23.903732
41581.20833	75.525391	23.905197
41581.25	75.520935	23.907639
41581.29167	75.484459	23.909103
41581.33333	75.447746	23.91011
41581.375	75.431686	23.91011
41581.41667	75.429245	23.908157
41581.45833	75.438599	23.912552
41581.5	75.488716	23.911545
41581.54167	75.612556	23.913528
41581.58333	75.644302	23.914993
41581.625	75.742699	23.915482
41581.66667	75.610176	23.916977
41581.70833	75.601021	23.918442
41581.75	75.470474	23.920883
41581.79167	75.465851	23.920395
41581.83333	75.388206	23.921829
41581.875	75.372116	23.920395
41581.91667	75.369698	23.923782
41581.95833	75.326424	23.922379
