-1.139028253885170927e-01
-4.036055209638614305e-02
-1.489739268370588246e-02
4.218581214195350586e-03
4.618826054360185979e-03
1.098254835053920180e-02
5.334919968894165018e-03
9.464482687647457829e-03
1.877303385613201397e-03
3.565509487668649946e-03
-2.763827213001379506e-03
4.768693026837083834e-03
6.741103692906834366e-04
9.505263091021379576e-03
-1.036888017008646100e-02
7.830712569643244123e-03
2.377774587500178748e-03
-2.861615621181514725e-03
6.147447281882168976e-03
-4.329337961308989818e-03
1.107192148262638176e-03
3.323813792177499060e-03
-8.415793295359810799e-03
1.219883063292910574e-03
-6.121864665785868576e-03
2.237412279714079411e-03
-1.160261284200263254e-03
-3.848585586213884580e-03
8.091918671835784949e-03
5.842071287716077421e-04
1.581511057105342011e-03
-2.363108501580023224e-03
1.311727537104442898e-03
1.017798305485886033e-03
1.093918236741504152e-03
-2.171286186650484701e-04
2.044534181092780289e-03
1.740234847942384935e-03
-1.553795378700371585e-03
3.559647794836365980e-03
1.354812411580830558e-03
5.672294667953452565e-03
-9.764655831974826394e-04
2.720612261841391308e-03
-1.666742345840013448e-03
4.192690810777260219e-03
-5.559478258035911724e-03
1.377791282434020353e-03
-6.092288500492920936e-03
-9.759421756900480555e-04
1.431282821165130986e-03
3.300964284112476582e-04
3.818846086302448133e-03
-1.852185554975402555e-03
1.066321074596523685e-03
5.835662460308959493e-04
3.885164625199764334e-03
6.650700047484035642e-03
-3.492176820529525015e-03
-4.755638509745294118e-03
-4.438568745706139573e-03
5.556078874513610717e-03
1.045671132562500660e-02
-5.180541611890759728e-03
1.397041415204294465e-03
-2.173699200305150361e-03
5.685057513452876007e-04
1.554620552947343776e-04
2.263827798426522320e-03
-2.143133800686092272e-04
6.392756634515184624e-05
-4.940318897399058676e-03
-6.339216781249884178e-04
4.072900969222330823e-03
-1.150442108133813753e-03
-1.772037306865904827e-03
-2.328221720187360379e-03
-8.533498473995912437e-05
5.378010102092493222e-03
-1.638394400755037277e-03
3.844113322014803408e-03
-3.960910408147355968e-04
2.284005050864606340e-03
2.100417606583041864e-03
-8.639009236914014893e-04
-3.844508194066238727e-05
1.472289342244781233e-03
-4.451280236665979516e-03
3.826166871633025074e-03
-6.559230845376350615e-03
4.967088181554777868e-03
-1.326734799869613672e-03
5.693863407999329163e-03
-2.959799524504588136e-04
4.962671393675975595e-03
-1.695750255927075748e-04
-3.822583721507783264e-03
-3.840990884099657054e-04
-1.087421511463456530e-04
-3.893569951675566847e-03
-1.886705978463976315e-03
5.333040863206751567e-03
4.160222960816317012e-04
-7.260826042242672640e-04
1.997179348241669844e-03
-2.001320984621675000e-03
-3.993174626496197310e-04
9.336874167877075303e-04
-3.780539505799505873e-03
2.474996328894869813e-03
-4.517779993385481058e-04
2.076831851160047728e-03
1.739649529961664193e-03
3.051185148048377038e-04
4.944918040813358305e-03
-4.480874230073289555e-03
-1.919566811990115057e-03
3.736661858278709017e-03
-6.805602141722221637e-03
7.031192100634882716e-03
-1.237334877366417889e-03
-3.048189625463541830e-03
4.796832879339782418e-03
-4.931062755564319389e-03
-1.286297103676104642e-03
-2.870042517805522150e-03
3.751862945617872105e-03
2.482942082153927026e-03
2.804346810240443411e-03
2.727526869888131228e-03
2.554241654552889818e-05
-2.316271439674368916e-03
2.671836298626366173e-03
2.340047392766905418e-04
2.376539811608974033e-03
-5.126085680253458440e-04
1.309396140549643969e-03
-2.725303143496891553e-03
3.175135369299648957e-03
-5.394006959258084224e-03
4.576551145777069118e-03
-3.156151451956081336e-03
2.828770471631901484e-03
-1.630343400561177353e-03
5.146898865089587216e-03
6.130279202239304059e-05
2.304041239790461520e-03
-2.174843828351804773e-03
-2.090271895443494843e-04
-5.077231836575837008e-03
7.495955880790664688e-03
-1.698233437165186377e-03
-7.978369898084985631e-03
5.257553233002838257e-03
-3.718731196655815190e-03
2.812552819172590285e-03
1.847069782527847870e-03
1.546803998363378320e-03
-2.351607317789035020e-03
1.399190697450586676e-03
-3.527166393233574157e-03
-3.250632024117154281e-04
-3.780920432924234770e-04
-3.368965130563878960e-04
-3.367506619833699269e-03
5.286481625592610693e-03
-1.628626408696006930e-03
-5.494499867917281358e-03
4.652061672022970128e-03
-2.626137211949101241e-03
3.816130213375536900e-03
4.007673058247299136e-04
1.178048866324474947e-03
1.364388254754796484e-03
3.875356120640905191e-03
-3.177488256817634013e-03
2.772737265899286908e-03
-4.473823257023806788e-03
3.033918727332055292e-03
-3.453059123540286150e-03
5.708973532471546888e-03
-4.168306214694779410e-03
7.948903479371195735e-03
-4.708947350705606702e-03
5.638435806288146293e-04
-2.315489637835056909e-03
4.472785519093394960e-03
-3.261363065160693877e-03
-2.922068752300525582e-03
2.798617854595777596e-04
-1.858947678981411576e-03
1.503130206342850883e-03
1.272698242460052961e-03
-8.617780253899160608e-03
8.193523245675730926e-03
-5.013626450146734317e-03
1.498353133466132688e-03
5.252015490998056951e-03
-6.866605346407496022e-03
7.287245561682637388e-03
-1.312815765548609043e-03
3.459823341429475729e-03
-5.026262226152700824e-03
2.359282956750120841e-04
4.468314798959500261e-03
-8.329305669359139686e-04
2.187640243420642394e-03
-3.311825854368493499e-03
-3.817107090355281555e-03
3.627285352135688722e-03
-1.025172200292202504e-03
-7.684007775819326827e-04
2.930925522706412031e-03
-8.080507316402002482e-03
7.210501411225906862e-03
-2.018577916408650919e-03
-3.479693305048466370e-04
-1.748796708221207752e-03
5.237312173816113456e-03
-4.278931669228347792e-03
4.734665293612054689e-03
-3.956720510358575221e-03
2.185823351415414062e-04
2.743332826619378217e-03
-2.303862776459102146e-03
4.247029479116269483e-03
-4.983422379233378580e-03
-3.878251975353106534e-04
-1.189059251911407222e-03
-1.254348699020778508e-03
4.315930454816770123e-03
1.879330634318747070e-04
-2.567109270884519387e-03
5.382886821768550697e-03
-8.795786860355319856e-04
-8.820143282885252456e-04
3.604574693791072482e-03
1.499464790761300889e-03
1.278767673500887971e-03
-5.882649954405269437e-03
-2.113424100199341044e-03
-5.611125225110273965e-03
5.321434035409917662e+00
-6.347610370494028029e+04
-4.095074410242072772e+05
3.393845966472867294e+05
4.117307339864139212e+05
-2.577436631659351406e+04
4.713188207058366386e-01
1.002951280851489990e+00
-5.199033233337654991e+00
-4.527624133900566505e+00
-1.702086106281162747e+00
1.008726827640572010e+05
-2.057522987770349719e+05
-5.742657987308811862e+05
1.321408814753801853e+05
1.012445130191001517e+05
-4.935794238935170553e-02
-2.683323677195051382e-01
-7.142320330930996830e-01
-1.339834155205970267e+00
