1.000000000000000000e+00
1.690000000000000000e+02
3.370000000000000000e+02
5.050000000000000000e+02
6.730000000000000000e+02
8.410000000000000000e+02
1.009000000000000000e+03
1.177000000000000000e+03
1.345000000000000000e+03
1.513000000000000000e+03
1.681000000000000000e+03
1.849000000000000000e+03
2.017000000000000000e+03
2.185000000000000000e+03
2.353000000000000000e+03
2.521000000000000000e+03
2.689000000000000000e+03
2.857000000000000000e+03
3.025000000000000000e+03
3.193000000000000000e+03
3.361000000000000000e+03
3.529000000000000000e+03
3.697000000000000000e+03
3.865000000000000000e+03
4.033000000000000000e+03
4.201000000000000000e+03
4.369000000000000000e+03
4.537000000000000000e+03
4.705000000000000000e+03
4.873000000000000000e+03
5.041000000000000000e+03
5.209000000000000000e+03
5.377000000000000000e+03
5.545000000000000000e+03
5.713000000000000000e+03
5.881000000000000000e+03
6.049000000000000000e+03
6.217000000000000000e+03
6.385000000000000000e+03
6.553000000000000000e+03
6.721000000000000000e+03
6.889000000000000000e+03
7.057000000000000000e+03
7.225000000000000000e+03
7.393000000000000000e+03
7.561000000000000000e+03
7.729000000000000000e+03
7.897000000000000000e+03
8.065000000000000000e+03
8.233000000000000000e+03
8.401000000000000000e+03
8.569000000000000000e+03
8.737000000000000000e+03
8.905000000000000000e+03
9.073000000000000000e+03
9.241000000000000000e+03
9.409000000000000000e+03
9.577000000000000000e+03
9.745000000000000000e+03
9.913000000000000000e+03
1.008100000000000000e+04
1.024900000000000000e+04
